2 0.41463162251655633 0.44987544808311564 0.3425082781456953 0.2688498693723798
0 0.6127897350993378 0.7711282580958746 0.08071192052980133 0.03341636794458955
0 0.25320778145695366 0.6405006379488426 0.04035596026490067 0.08505984567713719
0 0.31012003311258274 0.5463272373777265 0.042425496688741716 0.05164347773254751
0 0.11610099337748343 0.6883468011422321 0.05587748344370861 0.04101099702290541
0 0.41152731788079466 0.2896287745306519 0.08381622516556293 0.04860562610122124
0 0.5382864238410596 0.21520140956315695 0.04139072847682117 0.051643477732547544
0 0.7147144039735099 0.07849808615347229 0.07760761589403975 0.09721125220244244
0 0.41721854304635764 0.12102800899204084 0.05380794701986753 0.05771918099520018
0 0.6164114238410596 0.10204143629625131 0.0610513245033113 0.04101099702290541
0 0.9480546357615893 0.13166048970168298 0.05173841059602644 0.045567774469894885
0 0.19267384105960264 0.1924175223282095 0.05794701986754969 0.03645421957591592
0 0.19323839134452486 0.029376025274925575 0.017685391960572883 0.05875205054985115
0 0.33236754966887416 0.029132997144419477 0.06622516556291394 0.05316240354821071
0 0.0177980132450331 0.2592502582173887 0.03518211920529801 0.07290843915183184
