5 0.2945985099337748 0.10007862348422994 0.07139900662251653 0.17539084943602767
5 0.21181705298013243 0.19382200852762407 0.07760761589403972 0.12700716683298557
5 0.15749172185430463 0.4826121140645317 0.1427980132450331 0.23889443285252043
5 0.05970612582781456 0.7320904774864677 0.11692880794701987 0.2419184130152106
5 0.39341887417218546 0.3941606943058454 0.08899006622516556 0.22831050228310507
5 0.3271937086092715 0.21952583991049018 0.12831125827814568 0.16027094862257701
5 0.396523178807947 0.20062596389367685 0.08071192052980133 0.12851915691433063
5 0.29718543046357615 0.36014091747558136 0.04966887417218544 0.12095920650760537
5 0.704884105960265 0.29436934893707095 0.10347682119205297 0.15271099821585174
5 0.5046564569536424 0.05018295079984275 0.08588576158940393 0.06047960325380265
5 0.5920943708609272 0.07210680697934621 0.10140728476821197 0.11944721642626022
5 0.4943087748344371 0.3540929571502011 0.13762417218543047 0.18143880976140797
5 0.9185637417218542 0.18248208291753606 0.13348509933774827 0.08618343463666876
5 0.5770902317880795 0.5627475883758202 0.24524006622516561 0.22377453203906983
5 0.6138245033112583 0.46749221325108103 0.10761589403973515 0.13305512715836582
5 0.5015521523178808 0.17794611267350086 0.06932947019867548 0.1254951767516405
5 0.9014900662251655 0.3389730563367504 0.19246688741721857 0.21470259155099938
5 0.46326572847682124 0.7336024675678128 0.07139900662251657 0.22982249236445004
5 0.7214403973509933 0.7880341104962352 0.48841059602648995 0.36590159968550606
5 0.9325331125827814 0.5703075387825456 0.11382450331125823 0.23284647252714022
