10 0.4001448675496689 0.5574556230911125 0.46875 0.32507786748918927
0 0.6386589403973509 0.8855574707429918 0.10347682119205297 0.158758958541232
0 0.308567880794702 0.10461459372826513 0.15728476821192056 0.12398318667029545
0 0.7374793046357615 0.158290241616015 0.04656456953642385 0.09525537512473917
0 0.9402938741721855 0.20138195893434938 0.10037251655629138 0.06047960325380265
0 0.8833816225165563 0.3253651456046448 0.09830298013245038 0.024191841301521022
0 0.8275041390728475 0.39264870422450027 0.07967715231788067 0.03779975203362675
0 0.6070985099337748 0.36014091747558136 0.0941639072847682 0.05745562309111257
0 0.4389486754966887 0.10839456893162781 0.05173841059602653 0.07408751398590824
0 0.15852649006622516 0.18097009283619098 0.11589403973509933 0.1073512957754997
0 0.19215358259749815 0.0530632919048051 0.0403502115526122 0.10612658380961022
0 0.5160389072847682 0.090250687955487 0.07760761589403967 0.05291965284707731
0 0.7064362582781457 0.061522876409930746 0.06932947019867548 0.043847712359006925
0 0.2775248344370861 0.3404850464180955 0.06622516556291394 0.08467144455532365
0 0.25165562913907286 0.28378541836765553 0.03725165562913908 0.055943633009767485
0 0.0959230132450331 0.6436390577277814 0.06312086092715233 0.0589676131724576
0 0.18387831125827817 0.776694184886147 0.05070364238410596 0.046871692521697025
0 0.12282698675496688 0.8447337385466752 0.036216887417218534 0.0317517917082464
0 0.0710885761589404 0.9173092624512382 0.03414735099337748 0.05291965284707738
0 0.01717715231788079 0.6016100534380493 0.03435430463576158 0.04446114833486683
0 0.4906870860927152 0.20818591430040218 0.06829470198675498 0.04687169252169705
0 0.9453073261589402 0.03405001663189088 0.10626034768211934 0.04436178898666425
0 0.9722112996688741 0.06984067618478686 0.05245240066225172 0.03326007313467497
0 0.9691069950331126 0.1478337691578427 0.0586610099337749 0.046616776299210745
0 0.9861806705298012 0.5429916933591069 0.024513658940397497 0.033063733871136515
0 0.25113824503311255 0.7018506758595663 0.038286423841059625 0.042335722277661955
0 0.027524834437086088 0.9435898900503211 0.055049668874172175 0.023833443652609677
