6 0.5072433774834437 0.5642595784571653 0.3331953642384106 0.1965587105748585
0 0.9201158940397349 0.8908494360276996 0.11796357615894042 0.090719404880704
0 0.42342715231788086 0.9430130938341044 0.09519867549668878 0.0952553751247392
0 0.20560844370860926 0.6451510478091264 0.040355960264900646 0.0408237321963168
0 0.3421978476821192 0.7955940609029604 0.05898178807947021 0.0362877619522816
0 0.46740480132450324 0.7857661253742174 0.04449503311258285 0.0408237321963168
0 0.9589197019867548 0.31100123983186667 0.027938741721854222 0.03779975203362672
0 0.9113203642384103 0.4682482082917536 0.02379966887417222 0.019655871057485823
0 0.8966346153846153 0.5534618483852972 0.020856900452488603 0.025310440298353262
0 0.7306631787330318 0.678206161284324 0.04029977375565617 0.027893138287981154
0 0.7939408936651583 0.6779478914853613 0.01414027149321262 0.02427736110250208
0 0.02920484293193721 0.6583351263477492 0.04213023560209424 0.04243467450811639
0 0.03493128272251313 0.5495589184537043 0.03640379581151833 0.029285902125319795
0 0.07010798429319375 0.7085395299911543 0.07158049738219893 0.05916947572258477
0 0.20570189790575916 0.8699108274163858 0.040085078534031426 0.04363001745200701
0 0.34579515706806285 0.9428267469937124 0.052765052356020935 0.0591694757225849
0 0.20508835078534035 0.9225059169475722 0.041312172774869135 0.028090559181429112
0 0.22983475130890058 0.6634153338592842 0.01963350785340312 0.01673480121446838
0 0.32902486910994766 0.6867245212651508 0.015952225130890074 0.02151617299003085
0 0.15927683246073301 0.8412225967630113 0.020860602094240833 0.016137129742523203
0 0.27257853403141363 0.9437232542016304 0.023314790575916212 0.015539458270577892
0 0.12000981675392675 0.9604580554160989 0.12802683246073296 0.07411126252121736
0 0.19268644957983194 0.39255976363148004 0.02626050420168067 0.038851156901116596
0 0.19170168067226895 0.299508844633744 0.02166491596638658 0.03213614212808417
0 0.20007221638655462 0.500959287824719 0.02068014705882353 0.019665400406738025
0 0.4288321167883211 0.3826700663267006 0.0273722627737226 0.021247875212478742
0 0.3170620437956204 0.3974602539746025 0.019958941605839442 0.020831250208312512
0 0.4470802919708029 0.2714311902143119 0.017107664233576615 0.034579875345798754
0 0.3789347627737226 0.27163950271639503 0.022810218978102183 0.02333100023331
0 0.3859203923357664 0.30580275305802757 0.017963047445255453 0.019998000199979982
0 0.3695255474452554 0.4287071292870713 0.01938868613138687 0.01833150018331499
0 0.39490191605839414 0.3901693164016931 0.01425638686131383 0.016248375162483765
0 0.37836450729927007 0.47161950471619507 0.01938868613138687 0.016665000166649995
0 0.304629197761194 0.8467252777209843 0.01807369402985075 0.011074763170449036
0 0.2660039645522388 0.9148776664622096 0.022446361940298497 0.011926668029714507
0 0.162080223880597 0.944268384106863 0.026819029850746266 0.020445716622367653
0 0.04023654916512058 0.8371709829635465 0.05623840445269017 0.02753280639777699
0 0.08169063079777365 0.880799891563101 0.03478664192949908 0.013978194017333027
0 0.705280172413793 0.7696950611452265 0.014008620689655249 0.014170996693434083
0 0.6855244252873562 0.6975279483545899 0.019037356321839116 0.014695848422820564
0 0.6975574712643677 0.6421560909043195 0.015086206896551779 0.012071589775888288
0 0.6573275862068965 0.3876030021518921 0.01508620689655169 0.017320107069752774
0 0.6819324712643677 0.359523434629717 0.01400862068965516 0.013646144964047667
0 0.9014008620689655 0.3642471001941951 0.015445402298850474 0.01574555188159346
0 0.8766163793103446 0.45478402351335745 0.019755747126436775 0.019419513987298635
0 0.8322557471264368 0.5539810003673962 0.01293103448275854 0.01312129323466125
0 0.7570043103448275 0.6237862803757938 0.009698275862069039 0.015220700152206916
0 0.14005235602094243 0.7700996916015205 0.021678664921465952 0.02569987329364788
0 0.25662630890052357 0.8489923258983001 0.015134162303664933 0.01255110091085135
0 0.19445353403141363 0.9604580554160989 0.025768979057591634 0.015539458270577764
0 0.04450757575757576 0.27777777777777773 0.022727272727272728 0.014528850145288525
0 0.1982819570135747 0.1769044814975516 0.023331447963800888 0.027376598690055563
0 0.18467194570135753 0.06843116593318045 0.019442873303167407 0.025310440298353273
0 0.1685873868778281 0.16760676873489128 0.02050339366515839 0.012913489948139427
0 0.23716770361990952 0.2967416682162855 0.01626131221719458 0.014979648339841695
0 0.5311153017241379 0.41509211147850733 0.01589439655172411 0.01928830105495195
0 0.564520474137931 0.3493544323728547 0.013739224137930961 0.01928830105495195
0 0.506061422413793 0.32101243898598647 0.014278017241379271 0.009053692331916215
0 0.47706117021276595 0.2294315031126456 0.015087970540098273 0.015694011613568582
0 0.3582753682487725 0.22363966549335243 0.014320785597381303 0.016067678556748777
0 0.3106632053291536 0.47433475043300266 0.011510579937304088 0.010377750103777537
