1 0.316666666666667 0.672685185185185 0.069791666666667 0.082407407407407
0 0.5636672325976232 0.6469848456266114 0.2166454442558008 0.19493177387914226
0 0.7170875778155066 0.7224423064830535 0.17862195812110915 0.1729233477960133
0 0.856359649122807 0.8316984216814438 0.09107951329937752 0.05502106520782232
0 0.9540711658177702 0.8081179651638056 0.08665817770232022 0.14305476954033824
0 0.233863243109628 0.5695628888064928 0.06681806945989373 0.0569906205797937
0 0.16145833333333334 0.807447232178415 0.04088261648745524 0.04778972520908005
0 0.28653470185728247 0.7208283552369573 0.026067122841316365 0.03403207704282975
0 0.3089361355490387 0.6411788132218239 0.025252525252525245 0.03403207704282975
0 0.3074087650700554 0.707251728757105 0.030751058976865423 0.03439412041562575
