1 0.8015625 0.17037037037037 0.090625 0.107407407407407
10 0.44075410299943407 0.4944978934792178 0.09107951329937745 0.34270263472300827
0 0.4763734879032258 0.3621565113500597 0.08768061155913978 0.10827359617682199
0 0.5922875965470241 0.2484308479310751 0.11405800393760412 0.10012283978662898
0 0.6145312736634864 0.3670637925522069 0.07619642586703018 0.06815084052703319
0 0.4304293502953204 0.18448684941188348 0.0743033469635015 0.09507462937721911
0 0.9310525873655914 0.06130525686977307 0.11340725806451613 0.12134109916367981
0 0.972708753360215 0.35820773032618747 0.0539104502688172 0.1103073363990893
0 0.8591458944281526 0.552948843271424 0.05498533724340172 0.16156185511024224
0 0.934368890518084 0.5597371565113501 0.07407746823069405 0.13169327685456705
10 0.8862567204301075 0.40903660258498975 0.10767961876832831 0.09367872271098074
0 0.19817631964809385 0.11170848267622464 0.07713220918866079 0.07467144563918758
0 0.1745569494225408 0.40301930763898103 0.08047922474445772 0.13201174093248963
0 0.3127921926133707 0.3449171471611864 0.028927068723702664 0.0862292867902966
0 0.10711331679073614 0.10941089973348038 0.06332712985938793 0.11373035566583956
0 0.02892369727047146 0.07839353000643325 0.056865177832919764 0.06088594798272219
0 0.1138983664185277 0.03646264130135099 0.04329507857733663 0.0551419906258616
0 0.19689890922249795 0.014784946236559146 0.07101039081885858 0.029569892473118285
0 0.5814716969472253 0.06282700943435092 0.019697812384130563 0.044631208887790264
0 0.6325800200050012 0.056495605382827184 0.023703842627323533 0.03797245607698221
0 0.8549227150537635 0.14560931899641577 0.03150201612903226 0.08811230585424133
0 0.19179073614557485 0.28398125172318717 0.03928866832092638 0.042275526146493894
