1 0.63984375 0.887037037037037 0.0765625 0.090740740740741
0 0.6217285453438831 0.6441468857780484 0.08654138770541694 0.0721354342778567
0 0.5240921079326435 0.593990216631726 0.03201714343680259 0.04733887874484349
0 0.5136310610671536 0.6387930840152386 0.049769222966118826 0.043393972182773154
0 0.4619598295800365 0.504384481864701 0.045331203083789844 0.06649985347489912
0 0.48700294177317915 0.7996889159396766 0.044063197403124345 0.05861004035075857
0 0.5832128727936701 0.7365704109465522 0.020288090890647235 0.039449065620702876
9 0.4333188716482918 0.7671158295903091 0.05678338097182524 0.04234532613462788
0 0.3602660950047638 0.7277951696081544 0.07443514359602557 0.0552001572826399
0 0.298059582142371 0.622309937540644 0.04870185109568531 0.04536999228710137
0 0.258869074663032 0.7450317195887391 0.04638043313645312 0.031130630858027575
0 0.2201792745721642 0.7507109562993252 0.022007042253521156 0.03744089386978989
0 0.35103835377858555 0.8104481128106752 0.0556091927911556 0.06352331431840742
0 0.30643268211419056 0.8487303750820335 0.017510979857640472 0.06857152472781733
0 0.2533081553839164 0.8127618759149882 0.039518022111161594 0.036178841267437346
0 0.21935105255187037 0.8291685597455702 0.02981599273057699 0.03533747286586907
0 0.1721014492753623 0.7820372967638044 0.06778868630201029 0.07116513427873866
0 0.1531089294062646 0.5786712378577736 0.025712949976624582 0.04986753934860522
0 0.25449976624590925 0.5493221131369799 0.03740065451145396 0.038959015116097825
0 0.05040322580645161 0.75242844527557 0.10022206638616175 0.07739857669731437
0 0.09744623655913978 0.6649005246480701 0.06282141187470781 0.05298426055789307
0 0.8730958781362006 0.6837913181999202 0.03472222222222227 0.02787733970529674
0 0.8286290322580645 0.9253285543608124 0.056451612903225805 0.1087216248506571
0 0.5530700631507083 0.9235554038421422 0.042669397508107186 0.09007983918378173
0 0.4059939836149514 0.8031328819859285 0.0392025089605735 0.05025506817621511
