10 0.8125 0.066203703703704 0.10625 0.125
0 0.2497524052065649 0.08812802615858643 0.33160016977928697 0.14619883040935672
0 0.04291697924481122 0.16311022199994438 0.08583395848962244 0.17226528854435832
0 0.3859295415959254 0.2673394956926366 0.09638511601584611 0.0927497956360435
0 0.6176075268817204 0.228214605734767 0.02467657930107527 0.0942727001194743
0 0.6527847782258065 0.3220206093189964 0.0320270497311828 0.11574074074074074
0 0.4390961021505376 0.41069295101553166 0.10343161962365591 0.08400537634408602
10 0.3821299563172043 0.5460349462365591 0.20056283602150535 0.11947431302270012
0 0.6512096774193549 0.5731033452807647 0.355447748655914 0.4013590203106332
10 0.5091880880376344 0.5880376344086021 0.05880376344086022 0.18481182795698925
0 0.80055256869773 0.5722745844211397 0.1526616221956724 0.11799932150390133
0 0.8700384972786405 0.5239686121804801 0.10246581707155178 0.1069368851129106
10 0.7490479390681004 0.7663281561131023 0.07700492831541214 0.17049980087614486
0 0.21729390681003583 0.7270011947431302 0.15830346475507764 0.3385105535643169
0 0.0817732334869431 0.5358565170393128 0.048403097798259076 0.09173920464243043
0 0.1641785074244751 0.5799482277976903 0.028401817716333842 0.09742845764351146
0 0.05497151817716328 0.6450190589975536 0.0500032002048131 0.13085281902486195
0 0.9098680920230059 0.1256008446556083 0.17269942485621406 0.24172709844127704
0 0.9682459677419355 0.5750187546886721 0.06283602150537634 0.10141424244950123
