7 0.490625 0.516666666666667 0.090625 0.107407407407407
2 0.8305086525537635 0.49189814814814814 0.06510416666666667 0.07280465949820789
0 0.7711798555107527 0.6771766726403823 0.16696068548387097 0.12414127837514935
0 0.6643355174731183 0.6599089008363201 0.09293094758064516 0.11574074074074074
0 0.635721186155914 0.7681824970131422 0.05040322580645161 0.13067502986857826
0 0.6512096774193549 0.4956317204301075 0.0572286626344086 0.07280465949820789
0 0.7176264280913979 0.47556376941457584 0.053553427419354836 0.04760304659498208
0 0.8191021126760564 0.46233193666178674 0.049929956080569306 0.029447894054890893
0 0.565870770703147 0.5004159707757072 0.03782441029105449 0.04441191740634404
0 0.49532384732308726 0.4739877523191153 0.06280611383212294 0.03534187793603436
0 0.5271667229634633 0.5047946105199946 0.040287395147216055 0.054420236821858106
0 0.2819658719027583 0.5303620591138122 0.060776063581112656 0.05610098176718086
0 0.32594086021505375 0.5345176873928627 0.06457456755493221 0.0602566100462314
0 0.23374962664277177 0.5463460772600558 0.03826911589008364 0.0705230319925661
