10 0.738020833333333 0.656018518518519 0.090625 0.106481481481481
10 0.6472775108670784 0.3093495004956914 0.09008236101578584 0.3113958158570375
10 0.4789092884923359 0.315704517145835 0.2109071150766415 0.43595414219985257
10 0.5872226035232212 0.6576044129235618 0.11582017844886754 0.1995475228145097
0 0.9339681994966826 0.6938280078293805 0.01715854495538769 0.027962073260631885
0 0.8113560970029742 0.9079920689392205 0.040751544269045994 0.03177508325071804
0 0.6531555522935585 0.8942779430082106 0.19414645661169327 0.21024937085335166
0 0.5836479066575154 0.8800299956785886 0.0743536948066804 0.09532524975215426
10 0.4227865477007549 0.7465746460255726 0.11725005719514986 0.13345534965301606
10 0.9454072294669411 0.31379801215079184 0.06720430107526881 0.11184829304252775
10 0.8499628231525966 0.4402628434886499 0.04933081674673984 0.08769922977198201
10 0.849605353466026 0.22355677571875243 0.03288721116449328 0.06100815984137873
10 0.7688172043010753 0.39387122194260155 0.04146648364218713 0.0660921731614937
10 0.6723003889270189 0.4250108035283053 0.06434454358270407 0.04956912987112027
0 0.8363789750629146 0.31634001881084933 0.04504118050789292 0.05592414652126391
10 0.9710399243329351 0.09124297535289173 0.05538132218239744 0.12168680030089825
