10 0.570833333333333 0.573611111111111 0.282291666666667 0.334259259259259
10 0.4928506062685884 0.28583593889015996 0.24164950812171124 0.2542006660057449
0 0.9024715454129489 0.3527206404008052 0.19438486616334946 0.19477756286266934
0 0.36737874628231526 0.040532296194616076 0.07077899794097466 0.07626019980172348
10 0.47247483413406544 0.48029944838455474 0.1808796614047129 0.14235237296321712
0 0.6161776481354381 0.5883347314369963 0.4139498970487302 0.19065049950430865
0 0.8824925646305193 0.5260555682655889 0.07292381606039815 0.07880220646178089
0 0.7223461450469 0.5355880932408044 0.10867078471745602 0.07498919647169482
0 0.2790837336993823 0.6251938280078294 0.044326241134751795 0.14743638628333208
0 0.28408830931137036 0.37417067032715623 0.10724090597117365 0.09532524975215433
0 0.3148307023564402 0.2953684638653754 0.08436284603065658 0.13091334299295865
0 0.36022935255090366 0.41929128854317604 0.1351235415236788 0.1220163196827576
0 0.6258293296728437 0.3366760720913089 0.09437199725463276 0.09405424642212565
0 0.5586250285975749 0.4021327435877883 0.04003660489590487 0.08261521645186705
10 0.10392358727979867 0.46568291008922447 0.15585678334477235 0.18429548285416508
