1 0.469010416666667 0.447222222222222 0.043229166666667 0.051851851851852
0 0.43586237795080957 0.29937241653963936 0.08844703992089975 0.10848816929647478
1 0.29434330149060867 0.4850759661780013 0.026247173381328155 0.03281697868434687
2 0.3238750815672256 0.4092546883422703 0.013476324226175278 0.024745998871456364
0 0.3195239334027055 0.1425405634562763 0.09358018268007863 0.09635025243766136
0 0.0885638076185713 0.3628221870282385 0.08543802617320997 0.05418021171959654
0 0.15824268567141786 0.4503440674983561 0.0867404351087772 0.08844803793540977
0 0.18650495957322663 0.5279097552165819 0.10679753271651247 0.11484352569623885
0 0.2035665166291573 0.5489798375519805 0.08048887221805451 0.07455567595602607
0 0.1215147536884221 0.6068646791327461 0.057566474952071345 0.1467959582488215
0 0.10484391931316163 0.6191362655478684 0.03568600483454196 0.06297870763987294
0 0.24094565307993665 0.6179785687162531 0.08908477119279819 0.07826030581719504
0 0.49603748224792044 0.4409841978314285 0.03296814769730162 0.045648204503956125
0 0.5342361533779671 0.5190369919523906 0.13662761209170216 0.1217285453438831
0 0.4489627713532156 0.5165009805910598 0.06498529113410428 0.08284303780347603
0 0.4359657131263948 0.45958161448118834 0.06118127409210794 0.041139739861590106
0 0.4023635625887604 0.5218547823538694 0.057377257050111596 0.08002524740199725
0 0.4963544836680869 0.6441468857780484 0.10904848853722864 0.09355064132909537
0 0.5201295901805639 0.6464011180992313 0.022824102251978156 0.12849124230743217
0 0.556901754919862 0.591735984310543 0.0982704402515723 0.1093302675773766
1 0.6721085759244689 0.509470524812775 0.021144767899291917 0.03467669085293001
0 0.718381460284426 0.6435618761321156 0.07533385362469651 0.1470947187214964
0 0.6621015460965833 0.15376132001442175 0.05487688490169877 0.0954380606986066
0 0.6683646688299294 0.10409818102125795 0.054678055608576644 0.05903020791358261
0 0.8530863732288212 0.2395069172277493 0.09640990855190432 0.06922810661128417
0 0.9771316953070043 0.2668631851628535 0.04365139181991755 0.09379291863464305
0 0.04399345709068775 0.6807781609972723 0.0849563806045851 0.10933026757737646
0 0.02750938324203692 0.601034692635423 0.053256238587948874 0.0512837853069137
