1 0.453385416666667 0.225925925925926 0.086979166666667 0.103703703703704
3 0.4495967741935484 0.33898018529789675 0.05674325420977888 0.07720745700051843
0 0.5286886285250557 0.33024503505331254 0.025994116453641716 0.08115236356258873
0 0.6051044011002751 0.1478286238226223 0.20395723930982737 0.26117640521241425
0 0.5453238309577395 0.49999999999999994 0.1265941485371343 0.1291989664082687
0 0.7852275568892224 0.3235670028618265 0.16410352588147034 0.19310383151343394
0 0.7903069517379346 0.44304131588452667 0.049231057764441075 0.12642049401239203
0 0.8266441610402601 0.552096357422689 0.04219804951237813 0.11391736823094667
0 0.7567048012003 0.5791864632824872 0.10080645161290322 0.14586980078352912
0 0.5713423548194742 0.5628399621272839 0.15426452767037915 0.24524614059497776
0 0.4802522746071133 0.5578531384982998 0.10959470636889986 0.16542597187758484
0 0.49576095947063686 0.7480930061575223 0.10028949545078573 0.26468155500413565
0 0.4926592224979322 0.7623380204025365 0.10442514474772538 0.28581931807738253
0 0.34972084367245654 0.7223600771987868 0.09253515301902394 0.2775480194835033
0 0.30459618980832165 0.8817983481377589 0.08911874707807388 0.23245545685938396
0 0.17055282842449743 0.911666926393434 0.11176367461430575 0.1727183003480339
3 0.18918010752688172 0.5538933042439355 0.08035296867695184 0.10129343930185453
0 0.20890310892940625 0.6908991740688796 0.09642356241234219 0.11298114383668384
0 0.24615766713417486 0.38247363773310483 0.07743104254324454 0.1350579190691392
0 0.16470897615708274 0.3428653056984053 0.08546633941093966 0.11557841151109029
0 0.10553997194950913 0.22533894343151012 0.1000759700794764 0.15064152511557846
0 0.8426219278033793 0.6717443249701314 0.2616167434715823 0.2304147465437787
0 0.7252871456500489 0.21145595742369938 0.040857160312805445 0.052270011947431305
0 0.6997036901270772 0.12592321060062997 0.03627504887585542 0.03597806017160855
3 0.5567036290322581 0.31022591506462477 0.041239002932551325 0.12083197567068538
0 0.384744623655914 0.22431302270011946 0.07123655913978495 0.05555555555555555
0 0.38289650537634407 0.11768219832735961 0.059475806451612906 0.05854241338112306
0 0.44926075268817206 0.11290322580645161 0.06586021505376344 0.052568697729988054
0 0.21522177419354838 0.20400238948626045 0.017809139784946238 0.04360812425328554
0 0.2633707018787664 0.20065776517389425 0.04375664657922722 0.03577664867987449
0 0.24933903462129267 0.06296690167657915 0.05040322580645161 0.07089684509039347
0 0.2295839241403757 0.147649244423438 0.06000384024577572 0.03479197027584123
0 0.16817230148883372 0.13095073982170757 0.06881978908188587 0.049398033269001
0 0.09605789595708951 0.045317908893177744 0.0831633644133644 0.06308779830285212
0 0.21617383512544805 0.06192751891676623 0.07661290322580645 0.04739147749900439
0 0.28125 0.14197530864197533 0.04233870967741935 0.04818797291915571
0 0.07337269585253461 0.1447772657450077 0.09420602918586787 0.09707287933094384
0 0.5033797891220378 0.05828722552806486 0.028708633469046885 0.038858150352043236
0 0.5188759265058983 0.05248750159492408 0.017290426975675996 0.033058426418902456
0 0.9186267921146952 0.06421744324970131 0.09352598566308248 0.10852250099561929
0 0.7274570835691379 0.07598147100127858 0.024759479343520106 0.047160913035276364
