1 0.158854166666667 0.39212962962963 0.072916666666667 0.086111111111111
1 0.19620566061055494 0.5366044576278169 0.04480286738351252 0.06248369244290635
0 0.3306142627610925 0.47927052005657866 0.08419849215177352 0.056303986596904644
0 0.43103448275862066 0.5269915818673697 0.06797676430601901 0.06935003227179719
0 0.5480884109916367 0.6705827691490774 0.1642771804062126 0.15133412982875344
10 0.8155451948924731 0.5606705495818399 0.16381048387096775 0.197879330943847
0 0.9496880392937741 0.5800182898948331 0.0966580379662816 0.056787173473752554
2 0.304195078241105 0.5354489028761256 0.018849986886965653 0.05196646948548339
0 0.06174053676020631 0.5104370040116172 0.06775067750677506 0.05633748093753336
9 0.04944706705131568 0.4460860020786588 0.06337966605472506 0.038367767190216714
0 0.08714704082524696 0.5393342463890589 0.034968091616400035 0.018941049625550044
0 0.10026007518139697 0.615098444891259 0.038792726636943796 0.02282639313848331
0 0.27075374929258633 0.28375149342891276 0.015474674589700067 0.023580456517638206
0 0.2148238539898133 0.3356284977677168 0.02387521222410867 0.022008426083128984
0 0.19603317770232037 0.4492076966610073 0.02254881154499149 0.01965038043136518
0 0.40427808432371265 0.4338803999245425 0.02078027730616858 0.01886436521411054
0 0.5300650820599887 0.41069295101553166 0.021222410865874355 0.014934289127837515
