10 0.119270833333333 0.243981481481481 0.183333333333333 0.217592592592593
10 0.08483658743633282 0.5880337043325159 0.05659309564233164 0.1682072564924857
1 0.1923746781765864 0.5147239470274454 0.07903604422232319 0.08581957695996772
0 0.18669544146600034 0.589605734767025 0.07335680751173708 0.0959159977787874
3 0.16729138270483113 0.6935147323607114 0.09891337270937452 0.07992999814898955
0 0.3696141905194609 0.6430326282666128 0.08140239285173406 0.25493462567519803
0 0.3457140693624111 0.5736197351372272 0.09796683325761019 0.0605785249129184
0 0.4557492806300167 0.6766873643293452 0.08897470846584886 0.09002641896780923
0 0.5191674238982281 0.6947767849630639 0.05868544600938968 0.07404041933801124
0 0.7251933597434446 0.3560648934163365 0.016801075268817203 0.019388375358946924
0 0.7029393039049235 0.40558385210337666 0.02299094510469731 0.023056446372801822
0 0.5887214676476137 0.4446226078936888 0.014443029617053396 0.023580456517638206
10 0.8528225806451613 0.4907868067072047 0.04129219493928219 0.036555573387542624
