9 0.335677083333333 0.1125 0.081770833333333 0.097222222222222
1 0.5374793217535153 0.3399350549888185 0.05542918849370468 0.047993954803990664
10 0.3200184811827957 0.679136798088411 0.09828629032258061 0.10080645161290322
0 0.6474014336917562 0.5836320191158901 0.1239545997610513 0.09425195805124123
0 0.6993727598566307 0.17224213460772603 0.1187275985663083 0.13938669852648347
9 0.6169728195937874 0.23317403424930308 0.09744623655913978 0.09226071950086288
0 0.6324671445639187 0.39678746847205626 0.09408602150537634 0.08628700384972787
0 0.8234206989247314 0.48604322797871186 0.09355144183773219 0.07059845769523193
0 0.7751176075268817 0.46432062561094817 0.08553274682306923 0.0801020962311285
0 0.9466285842293908 0.18140183193946632 0.10267323775388294 0.09126510022567373
0 0.968479316009558 0.4957082356151451 0.06236932497013134 0.08931903329055843
9 0.39851522460054256 0.16888308266059246 0.07788161993769468 0.06197032124074633
0 0.3475088846364133 0.3186825425753802 0.08571396026972843 0.10074317072676835
0 0.30992003827227993 0.3814571816212057 0.11020366320393653 0.08251827551991579
0 0.15360135989879825 0.15593154824653874 0.09191176470588239 0.10454002389486258
0 0.16190001108524552 0.1234095751887571 0.05507981376787497 0.04618852307578612
0 0.27725584746702137 0.08522706277944056 0.06893637069061082 0.07451748389560162
0 0.43441685531031893 0.23004045358318134 0.06484625542350501 0.07440944056676935
0 0.9550477897252091 0.058608787999469045 0.043309438470728726 0.03650604009026948
0 0.960274790919952 0.41703172706756936 0.027628434886499385 0.037833532457188394
0 0.960648148148148 0.44092658967210935 0.02240143369175622 0.04048851719102611
9 0.4434544456006475 0.4351241633586414 0.08635391374725403 0.11497796790894253
