7 0.840104166666667 0.518055555555556 0.046875 0.09537037037037
0 0.4810692109647131 0.12601174550288588 0.061998334090564905 0.06730947212546487
0 0.4389482053611995 0.21141063826206943 0.035495229441163095 0.10685378699917546
0 0.3230989881943994 0.017571979066754163 0.04895051311452949 0.035143958133508325
0 0.3071425867030138 0.25053426893499586 0.016091170679993973 0.03533747286586907
0 0.521297137664698 0.2740925841789086 0.061998334090564905 0.07067494573173815
0 0.6147679085264275 0.33425042489104284 0.097493563531728 0.09675736618035574
0 0.6535760260487657 0.2917613206118431 0.043540814781160085 0.04543389368468878
0 0.45243639254884155 0.3174230568596766 0.09370740572467062 0.10517105019603884
0 0.37955285476298656 0.39146347619768795 0.09560048462819938 0.11695020781799523
0 0.2664650537634409 0.3599163679808841 0.04032258064516129 0.08303464755077658
0 0.22446236559139784 0.31660692951015534 0.05913978494623656 0.06810035842293907
0 0.2962029569892473 0.4572879330943847 0.052083333333333336 0.08900836320191159
0 0.22463037634408603 0.4731182795698925 0.0655241935483871 0.06212664277180406
0 0.14818548387096775 0.4241338112305854 0.056451612903225805 0.1111111111111111
0 0.3094758064516129 0.5908004778972521 0.09408602150537634 0.06690561529271206
0 0.33686155913978494 0.532258064516129 0.09442204301075269 0.0955794504181601
0 0.36145028774799337 0.46843185757315703 0.04992995608056946 0.07025426153095402
0 0.4096054823565047 0.4892557255119727 0.038334847796456094 0.13630168105406637
0 0.42640655762532187 0.5380550928029346 0.04022792669998486 0.061419893314486676
0 0.43338728608208393 0.6398606693927003 0.12281349386642434 0.09339189257408245
0 0.4608369301832501 0.3962845171386744 0.07690633045585342 0.07235768253487476
0 0.4785845449038316 0.44277012132532356 0.11003521126760567 0.06352331431840742
0 0.6040919952210275 0.4648214522766494 0.06720430107526881 0.09757068896853846
0 0.5238201911589008 0.4983406345413514 0.11051373954599762 0.11416434355502454
0 0.5602225209080047 0.5779901765564848 0.1295549581839905 0.07832204964821451
0 0.7582338928227992 0.3965478722887587 0.07512675933210958 0.0840205534671834
0 0.7244951481772882 0.47498324445610046 0.0737608182533439 0.06022282445046669
0 0.7430719468485008 0.5492904391409505 0.03551446804790638 0.05439480918106669
0 0.8071345834426086 0.5881438742702839 0.06693111285951564 0.06896484735456669
0 0.713977401870793 0.5760021757923672 0.05381807850336571 0.13113034356150013
0 0.9231630824372761 0.45997610513739545 0.025537634408602152 0.051772202309836764
0 0.03965053763440858 0.84926324173636 0.0739247311827957 0.12743926722421356
0 0.2970430107526882 0.6481481481481481 0.11021505376344086 0.07526881720430108
0 0.2474798387096774 0.5286738351254481 0.06081989247311828 0.05137395459976105
0 0.23336693548387097 0.5660095579450418 0.03326612903225806 0.0985663082437276
0 0.18363575268817203 0.6182795698924731 0.05678763440860215 0.12066905615292713
0 0.22093413978494625 0.6606929510155317 0.07291666666666667 0.10991636798088411
0 0.13306451612903225 0.6096176821983273 0.07258064516129033 0.06750298685782556
0 0.1485215053763441 0.5421146953405018 0.046370967741935484 0.06511350059737156
0 0.16129032258064516 0.5050776583034647 0.07056451612903226 0.04958183990442055
