1 0.800520833333333 0.488888888888889 0.044791666666667 0.053703703703704
0 0.8055142897566496 0.058259447902911425 0.08135257498585168 0.05816512607684087
0 0.06847764572722133 0.1989561717914859 0.04332908885116016 0.08488964346349742
0 0.22189799094510473 0.3946739608878828 0.16977928692699487 0.08646167389800678
0 0.5689191694475343 0.6169406336258394 0.05329996292176497 0.09406885565580415
0 0.5055771845260166 0.41644351062222773 0.0409405512297615 0.030898529230008614
0 0.6307429130009775 0.47491039426523296 0.051930596285434984 0.037471489084392254
3 0.6139418377321603 0.52297165200391 0.054985337243401794 0.08471814923427823
3 0.6875610948191593 0.5137395459976105 0.02749266862170086 0.058651026392961846
10 0.48212976539589447 0.5596285434995112 0.09439149560117298 0.09829477571413053
10 0.4827407135874878 0.5137395459976105 0.05345796676441835 0.03910068426197454
0 0.5545271260997068 0.5303030303030303 0.02718719452590423 0.03747148908439232
0 0.7785618279569892 0.30286738351254483 0.01747311827956989 0.02986857825567503
0 0.07262864823348696 0.7066988201223374 0.14525729646697394 0.1249525130898701
3 0.3631241070757199 0.5994226800678414 0.06461952026468158 0.06767426122264839
0 0.24417562724014333 0.5001629195177583 0.03665689149560118 0.07566706491437672
