1 0.928125 0.056481481481482 0.075 0.088888888888889
0 0.6932123655913979 0.08970005659309566 0.09284804753820032 0.17449537823052258
0 0.6242395302773062 0.08576998050682262 0.07162563667232597 0.1163302521536817
0 0.5791050627240144 0.4592293906810036 0.03885248655913978 0.12196336121067301
0 0.4466215837813621 0.5161663679808841 0.1491095430107527 0.37895758661887696
0 0.30078725038402465 0.4735449735449736 0.12768817204301075 0.1331285202252943
0 0.09437403993855611 0.2875064004096263 0.13152841781874042 0.10240655401945718
0 0.82642089093702 0.2994538317118963 0.05952380952380959 0.16726403823178015
0 0.7116935483870968 0.20558115719406048 0.05856374807987709 0.0955794504181601
0 0.7107334869431643 0.41722136883427213 0.13920890937019967 0.18774534903567158
0 0.9785906298003072 0.35321727257211133 0.04128264208909379 0.11776753712237581
