9 0.786458333333333 0.393518518518519 0.11875 0.140740740740741
10 0.091283459162663 0.7312782687397618 0.182566918325326 0.3773993143675988
0 0.8210077785403797 0.8355448791275834 0.0629146648364219 0.21225755611479702
0 0.7126944635094943 0.6893794961742798 0.03932166552276374 0.1309133429929586
0 0.5972317547471975 0.5591016548463357 0.04718599862731638 0.13472635298304472
0 0.41742450240219625 0.5730826914766517 0.1565717227179135 0.09659625308218299
0 0.4131348661633493 0.5082615216451868 0.11367536032944407 0.06863417982155118
0 0.27658144589338823 0.6658659345687485 0.04361130176161063 0.15506240626350437
0 0.2215311141615191 0.5934187447571112 0.053620452985586806 0.10422227306235543
0 0.13109128345916268 0.6054932763923841 0.08007320979180964 0.06736317649152243
0 0.2483413406543125 0.68937949617428 0.04718599862731638 0.16395942957370535
0 0.39490391214824977 0.6398103663031597 0.1158201784488675 0.20971554945473947
0 0.4406600320292839 0.6531559012684613 0.054335392358727974 0.10422227306235543
0 0.33127430793868673 0.5953252497521544 0.09294211850835046 0.1156613030326139
0 0.5150137268359644 0.6836599811891507 0.09008236101578584 0.19827651948448102
0 0.5679192404484099 0.7103510511197538 0.06720430107526881 0.09659625308218306
