1 0.06328125 0.0625 0.072395833333333 0.086111111111111
0 0.29927136389360504 0.5786015217254606 0.38288766270515 0.1933597434446331
0 0.19581211092246747 0.6414827391058291 0.07162563667232597 0.20908004778972522
2 0.045071095076400704 0.48669039669501224 0.09014219015280141 0.44341789330827885
0 0.6719899547255235 0.5817455825944791 0.17862195812110915 0.19021568257561466
0 0.682159026598755 0.691787713010124 0.19542303338992642 0.1682072564924857
0 0.6547467458970005 0.7499528390869648 0.17596915676287486 0.13991070867131994
0 0.5247594793435202 0.158869395711501 0.16889501980758345 0.14305476954033824
0 0.5411184210526316 0.340438910897315 0.05659309564233164 0.1068980695466265
0 0.7617430673457838 0.03860906747154626 0.025643746462931508 0.07231339998742377
0 0.6187430478309234 0.20234416841758335 0.10312384130515387 0.09784534256169407
0 0.665670189098999 0.3192436040044494 0.18654987022617725 0.12977382276603633
0 0.6714636633296255 0.4402628434886499 0.12513904338153506 0.1411032834837062
0 0.4553670745272526 0.5458328183578463 0.05561735261401561 0.12771392081736907
0 0.5570425472747498 0.5334734066658428 0.048085836114200975 0.10505499938202946
0 0.6091838153503893 0.4011247064639723 0.0921162402669633 0.13080377374036994
0 0.7560483870967742 0.30379433938944506 0.055617352614015535 0.06591686235735181
0 0.613239247311828 0.2775305895439377 0.04692714126807569 0.060767107485683675
0 0.4973697626992955 0.2698059572364356 0.033022803114571765 0.07621637210068799
0 0.46434695958472383 0.11016355621472416 0.07241842788283281 0.09887529353602768
0 0.35311225435669263 0.1765953940592428 0.048085836114200975 0.10608495035636309
0 0.29286012235817577 0.07257034565154696 0.06662495365220614 0.08342602892102334
0 0.15137768817204297 0.12581308907473782 0.09520609318996413 0.09624319660161952
0 0.30615292712066905 0.37787070224346214 0.04480286738351252 0.08429576529934958
0 0.3391950418160095 0.29390681003584235 0.04965651135005972 0.073012080180539
0 0.023347272003185968 0.39306311488708945 0.04604739147749899 0.08997448264672474
0 0.07603212531527942 0.015834033954304782 0.05185517058276915 0.027287343097777188
0 0.16916401168193282 0.02910895762349368 0.04978096375945838 0.05383719043615498
0 0.21700688844086022 0.33105585424133815 0.030451948924731184 0.10080645161290322
