1 0.572916666666667 0.838425925925926 0.073958333333333 0.087962962962963
1 0.7382019115890083 0.6559803531129698 0.0530167264038232 0.06371963361210678
0 0.7505227001194743 0.19600424797557417 0.03584229390681014 0.06239214124518785
0 0.6937724014336919 0.5358422939068102 0.046296296296296315 0.07301208018053894
0 0.854316009557945 0.519248639320324 0.0866188769414576 0.06106464887826892
0 0.8569295101553166 0.5783220496482145 0.04853643966547189 0.07566706491437686
0 0.6605436081242533 0.4216779503517855 0.03658900836320192 0.0995619275189168
0 0.7438022700119474 0.282291251825302 0.049283154121863904 0.04646223284216112
0 0.8240740740740741 0.1594982078853047 0.021654719235364515 0.05309969467675557
0 0.7856182795698925 0.08183990442054961 0.031362007168458834 0.0942519580512412
0 0.7030899977598567 0.012046993229788949 0.018635192652329647 0.024093986459577898
0 0.5866188769414576 0.45951148280897386 0.024641577060931875 0.04513474047524233
0 0.5657108721624851 0.43827160493827166 0.030615292712066974 0.037169786273728966
0 0.6317951015531661 0.470131421744325 0.013440860215053764 0.037169786273728966
0 0.8828115967163833 0.13451137575313785 0.02276274713839743 0.02890507573129841
0 0.8410798936293213 0.3901607122210661 0.05419701699618444 0.12011664803895122
0 0.8954575673488265 0.4020439100217109 0.045164180830153805 0.05652548143009468
0 0.9903023470921494 0.23567914081268232 0.015175164758931619 0.05267147133258823
0 0.9520031217481789 0.18332883698821964 0.017343045438779014 0.03789776595881348
