7 0.715885416666667 0.534259259259259 0.0484375 0.057407407407407
10 0.5293125142987875 0.513981036630316 0.09079730038892697 0.16141742291364808
0 0.6717969104952296 0.49177983071667764 0.0293427230046948 0.021875578440776103
0 0.533483833106164 0.4164773587763138 0.030052627593518108 0.030289262456459166
0 0.6363016810540664 0.5193346458680398 0.022243677116462197 0.024820367846265123
1 0.6061307360290779 0.5235414878758814 0.02863281841587157 0.033234051861948256
0 0.4588047189522499 0.4575130091106242 0.02102125057330677 0.027178990640235066
0 0.27665770609318996 0.6792114695340502 0.2247610513739546 0.1420416832603213
9 0.6042277614858259 0.4923789870026429 0.03665689149560115 0.023170775858947883
9 0.012353211658177727 0.49119872560732786 0.024706423316355454 0.046850699029533226
0 0.9385964912280701 0.8466327108092813 0.03537068477645736 0.025152486952147293
