9 0.894010416666667 0.274074074074074 0.0859375 0.101851851851852
0 0.6162325423309851 0.3539598181793214 0.0838122605363984 0.10093519548469496
0 0.1639784946236559 0.6493428912783752 0.17956149193548387 0.1250746714456391
0 0.20493111559139784 0.8313545400238949 0.10815692204301074 0.2501493428912784
0 0.34037733970529666 0.7135050223461215 0.04480286738351256 0.11394309482720469
0 0.3369548984468339 0.8661666445417939 0.07280465949820791 0.16483030222576217
0 0.626405136236604 0.8783997469955724 0.09171760960160778 0.2420057628786281
0 0.7634218052502969 0.8792782345913276 0.11472311714196017 0.24024878768711777
0 0.9595983554712206 0.9008815572535611 0.08013124604680598 0.1604671696058643
0 0.280058651026393 0.18928920541823768 0.026183493925429423 0.058961349283929924
