10 0.157291666666667 0.670833333333333 0.330208333333333 0.391666666666667
10 0.17503183361629887 0.11799660441426146 0.25997453310696095 0.17449537823052258
9 0.4471466173835126 0.3142423337315811 0.03815244175627235 0.06347072879330948
0 0.5229264672939069 0.458918259657507 0.034302195340501766 0.029246316208681823
0 0.6296832997311828 0.27846226602947033 0.034302195340501766 0.02426821983273596
0 0.6866039426523298 0.35961768219832735 0.016129032258064592 0.021505376344086023
0 0.6238799283154122 0.5344484269215453 0.10483870967741936 0.07248108323377143
0 0.7041890681003584 0.53584229390681 0.05801971326164877 0.04500199123855033
10 0.7370151689708142 0.6024065540194573 0.1302083333333334 0.12267451783580818
0 0.7064132104454685 0.7549496501109404 0.27901785714285715 0.2698839392387779
10 0.4651977726574501 0.5885389998293225 0.2010128648233487 0.1952124935995904
10 0.2247610513739546 0.4084030266825966 0.05675029868578257 0.11018186645426789
10 0.2941405641265389 0.5237823143386491 0.15388810970858657 0.09869617162744788
10 0.08280220256677072 0.8070337339375854 0.16560440513354144 0.2113234126857462
0 0.3452145465611686 0.7609273911769345 0.23521505376344087 0.22542323211830212
9 0.8435081901316449 0.3838251878649828 0.04899005125113052 0.07201956252302952
