1 0.066666666666667 0.818055555555556 0.051041666666667 0.060185185185185
9 0.7956371276727229 0.6773644241200786 0.0718390804597701 0.04875101278512475
0 0.7763255469039674 0.5441574314395968 0.0478927203065135 0.06797676430601908
0 0.6527314299839327 0.5420975294909295 0.01776665430725494 0.04463120888779028
0 0.7616487455197134 0.6711847182740769 0.052527499691014785 0.04600447685356839
2 0.8069282391519866 0.7162103764711863 0.020494928696713162 0.02838574103730829
0 0.8021789256581388 0.7317389692250649 0.019842649239896225 0.027808676307007726
0 0.8171695402298851 0.7434546615581098 0.017959770114942486 0.029096115024924707
0 0.5933179723502303 0.8537293053422084 0.06432411674347163 0.06741764806280938
0 0.5397945468509984 0.6147806792968084 0.047523041474654346 0.043522785458269216
0 0.5265937019969277 0.6796381635091313 0.0451228878648234 0.04352278545826935
0 0.5697964669738863 0.6915855948114012 0.03072196620583722 0.04010923365762074
0 0.5724366359447004 0.7372418501450758 0.04848310291858677 0.03754906980713434
7 0.15242056572701734 0.730300192665784 0.03541848299912816 0.09148933880116679
0 0.14803109561174077 0.6684103458297006 0.03269398430688753 0.022603248409699937
0 0.32799937033807997 0.6877845587523006 0.018466046691853134 0.031214009708633344
0 0.11352077884335948 0.7200749136233007 0.05630630630630629 0.03229035487099997
0 0.11079628015111885 0.7822338467499758 0.02482321030708126 0.06188984683608331
0 0.6209568144068538 0.6439956872687006 0.03278258589037501 0.04468145039873335
0 0.6250546376431506 0.604899418169809 0.016391292945187506 0.026711736651416712
0 0.8098543623247584 0.03289324440814845 0.032326119504559714 0.038564493444036105
2 0.9455645161290323 0.7467144563918757 0.03696236559139785 0.03106332138590203
