7 0.798697916666667 0.149537037037037 0.0859375 0.102777777777778
7 0.4848553687717705 0.33971931950123685 0.06578449189762235 0.12283978662897338
0 0.5553725579282145 0.321209214666734 0.11595108284113281 0.12283978662897338
0 0.6592552627593519 0.2682030053679304 0.08897470846584886 0.09086778736937753
0 0.5279229138270484 0.6051710501960388 0.09418067545055278 0.18594241674659662
0 0.44439080720884455 0.5466959462870412 0.06057852491291837 0.22716946842344382
0 0.42924617598061493 0.5206135258384236 0.08992124791761325 0.09086778736937756
0 0.48319892473118287 0.4941104211890218 0.04922005149174623 0.08161273495212616
0 0.6994287634408602 0.6239545997610514 0.12130376344086022 0.1057347670250896
0 0.7914378860672614 0.4799816975520476 0.16157629832990159 0.1798469711990645
0 0.7245910546785633 0.4574213884440377 0.07006405856783349 0.07498919647169475
0 0.9195907687028139 0.38751620529245784 0.06541695264241593 0.07880220646178089
0 0.8872397620681766 0.24993009481684844 0.05219057423930451 0.12265182134777187
0 0.9074367993594142 0.5098502758077226 0.031099862731640383 0.03876560156587615
0 0.26058467741935476 0.8219168989778309 0.25388291517323774 0.19082702774459068
0 0.4593413978494624 0.21475507765830346 0.021505376344086023 0.05197132616487455
0 0.45012180779569894 0.4150612305854242 0.05040322580645161 0.07467144563918758
