7 0.448177083333333 0.476388888888889 0.071354166666667 0.084259259259259
7 0.611197916666667 0.502314814814815 0.081770833333333 0.097222222222222
0 0.5647335547122075 0.7240143369175627 0.1521979759645794 0.12298826340572064
0 0.9581159076533838 0.7821646253809443 0.0830961416824795 0.10575872577770122
7 0.3235887096774194 0.4147867032117507 0.03755534471853257 0.0843348091924941
0 0.39771110056925996 0.34626467074284917 0.15219797596457935 0.13704406493780313
0 0.35021551724137934 0.25178181518559717 0.03649888765294773 0.03398838215300954
0 0.10797491039426518 0.38538762777114033 0.09660618279569892 0.12860082304526751
0 0.15207773297491037 0.519796229921678 0.12134109916367981 0.09209478295499805
0 0.2300160543608124 0.5782888623390416 0.09707287933094386 0.058077791052701486
10 0.2780857974910394 0.6629165007301208 0.1670773596176822 0.14934289127837508
0 0.3905596624850657 0.5965418823841763 0.03173536439665468 0.051440329218107046
0 0.19174693847072877 0.6774359484932962 0.0709378733572282 0.07550112836851176
0 0.060138515531660656 0.6625016593654587 0.11200716845878138 0.10039161024824113
0 0.09910767622461165 0.8567635736094519 0.16054360812425325 0.21405814416567115
0 0.4906536240541617 0.684189565909996 0.32046495420151333 0.2809858843311651
0 0.03297988849064118 0.515487410947387 0.06098168060533651 0.1095181202708084
