7 0.084114583333333 0.471296296296296 0.0921875 0.109259259259259
0 0.028355045492142263 0.7812674929610415 0.05671009098428453 0.13633335004302743
0 0.037970430107526876 0.6246438746438747 0.0749586435070306 0.10339123242349049
0 0.10065136476426799 0.6545124528995497 0.08400537634408603 0.09879606653800208
0 0.2998462171849269 0.40040040040040037 0.06145258161387194 0.040901116169933374
0 0.421691853143466 0.3541175584186337 0.015741547999612502 0.05596994844306667
0 0.4654351932577738 0.4281162883313421 0.03602392715295939 0.07050060813501671
0 0.538845296909813 0.4205818721947754 0.0641770803061126 0.07157695329738341
0 0.4947992347185895 0.5074967440558839 0.09656834253608441 0.12377969367216675
0 0.03224922184493494 0.2215048704032566 0.06449844368986989 0.09225831025881769
0 0.3884828629032258 0.7549283154121864 0.1596102150537634 0.20161290322580644
10 0.3880628360215054 0.6421744324970131 0.09744623655913974 0.0955794504181601
0 0.46975806451612906 0.6541218637992832 0.06930443548387097 0.1388888888888889
0 0.4708081317204301 0.588784348864994 0.04116263440860215 0.08437873357228196
10 0.5701444892473119 0.739247311827957 0.13146841397849462 0.18070489844683393
0 0.6251680107526881 0.6918309438470729 0.22135416666666666 0.27404420549581837
0 0.6820816532258065 0.6642025089605734 0.04032258064516129 0.06795101553166069
0 0.7049731182795699 0.6877240143369175 0.03738239247311828 0.04778972520908005
0 0.7122637666992505 0.9113717823395242 0.049894102313457235 0.1683501683501683
0 0.2880184331797235 0.823068295418526 0.1618389291200351 0.13776119766903183
0 0.13132269036646918 0.8108770389876382 0.08846280447662937 0.1377611976690317
0 0.07831885856079406 0.23113684404006984 0.02636476426799008 0.03951842661520083
0 0.17188792390405294 0.161749839169194 0.020161290322580645 0.033085194375516956
0 0.2610628618693135 0.3556658395368073 0.017576509511993407 0.03492326072971234
0 0.2739867659222498 0.26100542229574486 0.018610421836228318 0.02021872989614923
0 0.303970223325062 0.35244922341696533 0.02688172043010749 0.024813895781637722
0 0.14836641852770885 0.25319364029041447 0.023779983457402815 0.030328094844223878
0 0.22048180314309349 0.32993291057807184 0.02326302729528534 0.023894862604540025
0 0.20238833746898266 0.2049443984927856 0.02739867659222498 0.036761327083907704
0 0.10158188585607938 0.22148699568054403 0.022229114971050446 0.03308519437551698
0 0.031017369727047148 0.3000643323223968 0.032051282051282055 0.035842293906810034
