1 0.056770833333333 0.413425925925926 0.073958333333333 0.087962962962963
10 0.5499610922467459 0.6013959630258442 0.18392756083757777 0.21694019996227126
0 0.20421264855687613 0.6666352260579765 0.1750848896434635 0.11790228258819097
0 0.2009091600730371 0.4953675525799689 0.06974031243659969 0.047338878744843424
2 0.1804625684723067 0.548060233087622 0.030115134915804417 0.05353801762809674
0 0.24560636031649422 0.5446788846058475 0.038674173260296214 0.06593629539460338
0 0.28951105700953533 0.4562002659994139 0.023141103672144437 0.012961835846802378
0 0.3285022316899979 0.5029755866639615 0.030115134915804417 0.014088952007393865
0 0.3289777338202474 0.522981898514461 0.012680056806654502 0.016906742408872653
0 0.3502168289713938 0.5370708505218548 0.0171180766889836 0.010144045445323591
0 0.34641281192939744 0.5500326863686571 0.015216068167985425 0.012398277766506633
0 0.3944385270846013 0.550314465408805 0.018703083789815417 0.020851648970942993
0 0.160085717184013 0.3100809269403304 0.0285301278149726 0.04057618178129433
0 0.0900284033272469 0.3348774824733437 0.021556096571312647 0.027050787854196245
0 0.13187259078920674 0.3568562476048781 0.02409210793264354 0.023669439372421712
1 0.08939440048691419 0.5411397398615901 0.04184418746195983 0.05184734338720951
0 0.4545801439766721 0.43106939635097097 0.016801075268817203 0.01366867140513943
0 0.40617026608347 0.46625356904197807 0.011675323491889943 0.02632484863212035
0 0.5831510843812648 0.36728226312698703 0.010821031529068721 0.02176862483040723
0 0.5738962547840349 0.41208513051049955 0.014522963367960636 0.01113743595974326
0 0.5532508656825224 0.4437255735779519 0.007973391652998029 0.01974363647409028
0 0.5875649261891744 0.47739100500172127 0.01053626754146162 0.01518741267237716
0 0.80297552836485 0.6256540188687019 0.11355209492028179 0.06488691138301825
0 0.9582119922341696 0.7404836302685764 0.08290397252090799 0.07774145408554012
