9 0.090625 0.148148148148148 0.061458333333333 0.087037037037037
9 0.0907258064516129 0.24014336917562723 0.06048387096774194 0.07168458781362007
0 0.14196908602150538 0.22909199522102747 0.025201612903225805 0.06630824372759857
0 0.17758736559139784 0.25806451612903225 0.017809139784946238 0.05734767025089606
0 0.30863575268817206 0.21176821983273597 0.03528225806451613 0.1009557945041816
9 0.2800179211469534 0.12923138191955397 0.04838709677419355 0.03464755077658303
0 0.3088037634408602 0.08861011549183592 0.028001792114695313 0.035444046196734365
0 0.5666335248195611 0.35760462185561614 0.05339519811459708 0.06710201142370828
0 0.5820476858345021 0.09739753779024467 0.02746610565684896 0.041036829255623075
9 0.9324596774193549 0.06362007168458782 0.05443548387096774 0.03643966547192354
