1 0.37265625 0.822222222222222 0.0828125 0.098148148148148
0 0.4446491472005933 0.8064104148642525 0.08748146088246202 0.08239607794668972
1 0.4637726814516129 0.8867234169653524 0.03710237455197135 0.05351453604141772
1 0.5512782818100359 0.851565611310235 0.04690300179211467 0.07031561131023492
0 0.6996743176178661 0.8609043286462642 0.031017369727047245 0.02251631283889358
0 0.7066532258064516 0.708344821248047 0.033602150537634407 0.05100634132892189
0 0.766232423490488 0.7009925558312654 0.026623242349048896 0.033544710964065826
0 0.8519179073614558 0.750160830805992 0.09511993382961118 0.05100634132892189
0 0.8020316377171217 0.650215972796618 0.027398676592224943 0.049627791563275445
0 0.8223926611023384 0.8082938566809533 0.03571697120084215 0.06015489886457628
0 0.9515288978494624 0.9321609916367981 0.08715557795698925 0.08587216248506571
0 0.3491263440860215 0.46833930704898447 0.041666666666666664 0.04420549581839905
0 0.41616263440860213 0.568100358422939 0.06350806451612903 0.04420549581839905
0 0.3467355148139553 0.722402722982904 0.06889649570666054 0.05157164590907919
0 0.409709329310745 0.7391635079033547 0.03287692426703798 0.04297637159089937
9 0.40878245476003144 0.7710027100271004 0.042289535798583834 0.03438529008946014
0 0.19107022849462368 0.7239396654719236 0.09240591397849462 0.04554958183990442
0 0.2444136424731183 0.7974910394265233 0.07308467741935484 0.06272401433691756
0 0.16964885752688175 0.5622759856630825 0.02940188172043011 0.035842293906810034
0 0.1270161290322581 0.5981182795698925 0.03822244623655914 0.04778972520908005
0 0.07673080550839469 0.8271500136242637 0.10463827579701941 0.11895030287786373
