10 0.449739583333333 0.436111111111111 0.1078125 0.127777777777778
3 0.1746407154673284 0.9330943847072879 0.14668631100082713 0.12062310449407222
3 0.27318548387096775 0.9072465766014152 0.1408705541770058 0.18380663541953873
0 0.1659106182795699 0.6904121863799283 0.3116599462365591 0.21804062126642773
0 0.17809139784946237 0.4977598566308244 0.1814516129032258 0.12544802867383512
0 0.2007728494623656 0.34767025089605735 0.11424731182795698 0.13888888888888887
0 0.10500672043010753 0.050477897252090835 0.10920698924731183 0.07616487455197132
0 0.2523272600557547 0.10949599539802647 0.060359418558343265 0.06969334926324174
0 0.5423013739545997 0.2156953847515377 0.041691557148546415 0.10951812027080843
0 0.5656362007168458 0.3318509668569406 0.08587216248506574 0.060843400150449096
0 0.7087564715252886 0.2566263993982035 0.14685384309040228 0.13828045488738433
0 0.4984371092773194 0.5333416687505209 0.17660665166291575 0.11808507682476178
