7 0.611979166666667 0.198611111111111 0.051041666666667 0.060185185185185
0 0.18918010752688175 0.03860906747154626 0.12556593095642332 0.06916933911840532
3 0.5538902414282816 0.09749554789116566 0.05927926557110973 0.034940600978336823
0 0.5098270440251572 0.025360113613308987 0.0827373706634206 0.050720227226617974
0 0.5326511462771354 0.19752710714366223 0.09858744167173869 0.13919884583305156
0 0.5947834246297423 0.3015035729582291 0.06308328261310607 0.11947431302270016
0 0.6982843883140596 0.25219224093235043 0.03487015621829983 0.08847861860643357
0 0.3930817610062893 0.3546020152836951 0.14708865895719214 0.13638105543157275
0 0.29005629945222156 0.4058858005906088 0.12997058226820857 0.09016929284732084
0 0.39277180406212664 0.5219036240541617 0.0530167264038232 0.1533253683791318
0 0.46240292712066905 0.4983406345413514 0.0907258064516129 0.2296561794769681
0 0.5251269414575866 0.45552900570821725 0.06309737156511344 0.06438337979556613
0 0.6037186379928315 0.43163414310367715 0.10005973715651129 0.08960573476702509
0 0.4558691756272401 0.6095181202708084 0.07467144563918764 0.1891676622859419
0 0.5548088410991636 0.608854374087349 0.12022102747909201 0.1334129828753485
0 0.3321012544802867 0.6553166069295101 0.11835424133811229 0.11217310500464625
0 0.7244623655913979 0.5379330943847073 0.12029569892473119 0.13321385902031063
0 0.751008064516129 0.4345878136200717 0.1364247311827957 0.13440860215053763
0 0.8034274193548387 0.3121266427718041 0.06720430107526881 0.06750298685782556
0 0.717741935483871 0.6030465949820788 0.10013440860215053 0.0961768219832736
0 0.8187163978494624 0.6911589008363201 0.0540994623655914 0.1087216248506571
0 0.9732862903225806 0.5337514934289128 0.05275537634408602 0.12724014336917563
0 0.9640456989247311 0.07138590203106332 0.0678763440860215 0.13679808841099164
0 0.745127688172043 0.19086021505376344 0.030577956989247312 0.03524492234169654
