7 0.537239583333333 0.066666666666667 0.0484375 0.057407407407407
0 0.5607698467169984 0.5031775083250718 0.09580187600091518 0.1347263529830448
0 0.23640979689366787 0.2530864197530865 0.18966547192353642 0.144696667994159
9 0.36521804062126645 0.36791450949157045 0.09035244922341701 0.09026948095048452
0 0.843115292712067 0.47345015266162227 0.12320788530465945 0.1393866985264835
0 0.7650590690435767 0.601694648808401 0.10478565365025468 0.1139722065019178
0 0.606287078235076 0.5432579409220122 0.08748146088246202 0.182301322457051
0 0.689423433444568 0.5623120339471842 0.13093251761216163 0.0803361759980225
0 0.6734913793103449 0.6055699748691963 0.130353170189099 0.09887529353602775
0 0.7612625139043383 0.3001895109792774 0.09153689284390067 0.0710666172290199
