10 0.45 0.45787037037037 0.267708333333333 0.317592592592593
10 0.5473082908885115 0.669779286926995 0.2909238822863611 0.22794441300383575
0 0.14673528579513304 0.15022322832170032 0.08400537634408602 0.185499591272087
0 0.9085314091680815 0.7570269760422563 0.13440860215053763 0.13833867823681065
0 0.39786714770797965 0.8804313651512293 0.1812747594793435 0.23108847387285433
10 0.19139077532541038 0.525938502169402 0.23167798528579514 0.19493177387914226
10 0.5119376061120543 0.41746840218826636 0.3227574985851726 0.21694019996227126
0 0.2190486857825567 0.34153059869905744 0.13814217443249702 0.10288065843621402
0 0.7193473715651134 0.4253285543608124 0.05973715651135008 0.11117748572945704
0 0.7638888888888888 0.29556617549449093 0.024641577060931952 0.04181600955794504
0 0.7595952807646357 0.5670383645294039 0.03322879330943856 0.1480153989114562
10 0.7468824671445639 0.7240143369175627 0.2734841696535245 0.17091464224080724
0 0.959378733572282 0.553739948720014 0.08057048984468342 0.1190954556505684
0 0.9050925925925927 0.33074472321784154 0.04293608124253287 0.038165405548918174
0 0.7816233572281959 0.39711934156378603 0.03696236559139785 0.0431435019248639
0 0.9382280465949822 0.6510022567370238 0.11854091995221029 0.07799017655648487
0 0.8061155913978495 0.5370370370370371 0.06518817204301075 0.10513739545997611
0 0.039370519713261595 0.3722288596840568 0.0774716248506571 0.1709146422408071
0 0.1779669454400637 0.7057613168724279 0.051025487853444844 0.16483030222576217
0 0.28032905217044995 0.6360679676091863 0.12880824372759858 0.17810522589495117
0 0.41131521306252483 0.6570865967520687 0.07964954201513347 0.19801761139873447
