1 0.458333333333333 0.267592592592593 0.075 0.088888888888889
0 0.8196625636672326 0.643840784757593 0.15386247877758905 0.1289064956297553
0 0.9355015563101302 0.22961076526441554 0.10964912280701752 0.12733446519524616
0 0.7829931115591398 0.24019315013938672 0.05880376344086022 0.054759060135404235
0 0.6687107974910395 0.2271256471525289 0.05915378584229378 0.09085025886101154
0 0.6512096774193549 0.33913281561131026 0.06965445788530468 0.1742333731581044
0 0.7208641353046596 0.32108721624850656 0.033252128136200765 0.11449621664675429
0 0.8123949932795699 0.4956317204301075 0.12390793010752688 0.1400089605734767
0 0.8535226254480286 0.33322132616487454 0.05635360663082442 0.041691557148546374
0 0.729439684139785 0.4778972520908005 0.0763048835125447 0.1207188371166866
0 0.6587351590501792 0.46296296296296297 0.09660618279569892 0.10827359617682199
0 0.7138636872759857 0.5746590003982478 0.0850554435483871 0.11885205097570697
0 0.5752548163082438 0.5749701314217444 0.11795754928315406 0.14187574671445638
0 0.6084911173445534 0.6119162640901771 0.07918419822346892 0.09765726455768534
0 0.644138616175783 0.5314009661835748 0.0739247311827957 0.07064568074385745
0 0.6074684431977558 0.462573372811802 0.03564749883122951 0.044153550464910915
0 0.6052769985974753 0.5178951742766609 0.02133006077606359 0.04675081813931743
0 0.516920754161143 0.4328898054041669 0.08009279717189566 0.07692181797351924
0 0.48216784504345267 0.5760953175889102 0.09252098983650023 0.30114073419420306
0 0.42555052290469875 0.5871425999574474 0.14315436735896306 0.19557781378373515
0 0.3321089262041538 0.5773227934076365 0.1054094859331271 0.1235658990851213
0 0.24580203269995582 0.509402464771444 0.10955221682132864 0.10392628598549938
1 0.1872158027068957 0.3646254985526371 0.019726635639009272 0.028531179229301484
0 0.29055977229601515 0.6438523438049054 0.09487666034155595 0.09048422236278018
0 0.3219086021505376 0.7939068100358423 0.1922043010752688 0.15651135005973715
