10 0.291666666666667 0.769444444444444 0.301041666666667 0.414814814814815
0 0.2854631927212572 0.32366050914438016 0.12148469809760129 0.1608308059920963
0 0.3513751033912324 0.4293493245106148 0.133116211745244 0.10109364948074628
0 0.49515353598014883 0.6527892656924915 0.17899607113316787 0.43539196765003213
0 0.36300661703887505 0.559162760775664 0.14216294458229936 0.14245014245014245
0 0.5434633530831688 0.47561748713822444 0.10629251700680277 0.06461365908370514
0 0.6051815887645382 0.5402311462219296 0.1488095238095238 0.1401994489552093
0 0.5606073074391047 0.7596737619779095 0.17898288347597105 0.18652622339258282
0 0.8023370638578012 0.721271304220613 0.17692560895325884 0.13166556945358784
0 0.7790212859337284 0.5109721307877989 0.11795040596883907 0.13532294638285422
0 0.6665569453587887 0.6810401579986833 0.172811059907834 0.3413551800648575
0 0.8004260069254602 0.3005386469027803 0.04954893384363047 0.0809995342526781
0 0.04620295698924731 0.5627240143369175 0.08568548387096774 0.10902031063321387
