3 0.341927083333333 0.381018518518519 0.1015625 0.121296296296296
0 0.5306822395253986 0.3776486905889946 0.02858113953775803 0.05767725456268282
0 0.4567188851810654 0.40957717079333694 0.020470275614880674 0.06248369244290635
0 0.49495581510320114 0.42330985045111846 0.043644172537387234 0.05836388854557188
0 0.3130710169372408 0.43514418909738334 0.07796577412326938 0.11049421759942532
0 0.25025915384074776 0.4939052482801165 0.09421779464473962 0.10151412217615044
0 0.09965569303284724 0.5445901049082666 0.11001252025335101 0.08755994173581443
1 0.05868868758285462 0.5900067102011424 0.11737737516570924 0.1063812376229522
0 0.08331492119605244 0.6873864584867678 0.12612314037413463 0.0965614310731413
0 0.331188319340109 0.7131634506800216 0.1919465311533363 0.1366589744848693
0 0.3802106348504934 0.6464705978625555 0.19793047576962736 0.12438421629760553
0 0.4741125349830609 0.59532577208229 0.12152010605391073 0.15793522200945975
0 0.40253535130357937 0.5278146020523395 0.09528281042863455 0.10801787204792071
0 0.438604993796526 0.5422180865729253 0.07463554590570717 0.25847808105872616
0 0.5906224152191893 0.55973715651135 0.05428039702233247 0.10166804521643227
0 0.6256785049627791 0.6418757467144564 0.08109749793217534 0.18323223968385255
