1 0.978385416666667 0.440277777777778 0.0546875 0.063888888888889
0 0.48906345100426046 0.47930614729153986 0.08115236356258879 0.16061405288429023
0 0.5095100426049909 0.5159374225107639 0.07703134510042604 0.08509727012465908
0 0.5299566342057213 0.6066702734383805 0.08495638060458513 0.1279276842271365
0 0.5763973422600933 0.5221365613940172 0.04089318320146071 0.1268005680665449
0 0.5252016129032258 0.3133382926444399 0.03613816189896526 0.06762696963549061
0 0.6115844998985596 0.37138477491490274 0.02060509231081355 0.046211762584251935
0 0.6537456887806857 0.4322490475868443 0.03645516331913173 0.09129640900791239
0 0.40052999755620733 0.44327685456717714 0.09851539589442818 0.13305093950255242
0 0.3123243523949169 0.44157977625719563 0.08400537634408602 0.07535027696318018
0 0.3965206500488758 0.5434044748560878 0.10882514662756598 0.1147224937547518
0 0.4278317448680352 0.5294884327142391 0.04620295698924731 0.08145975887911372
0 0.3589091520039101 0.6526963180188987 0.12600806451612906 0.12558379493863367
0 0.3050693426197459 0.5434044748560878 0.0679679863147605 0.0767079396111654
0 0.287504582111437 0.3373791680243293 0.06796798631476055 0.0719561203432171
0 0.31862475562072334 0.2138318670576735 0.046966642228738996 0.12626262626262624
0 0.5540307306940371 0.06448897577929837 0.03283846529814272 0.05702183121537961
0 0.4445859271835503 0.4079418977551405 0.03802348613469156 0.0393007608627303
0 0.753975527161011 0.3496873496873497 0.03251117162407475 0.0430573011218173
0 0.7972873900293256 0.35123896414219 0.03883884932272031 0.04848795171375816
0 0.828380289065773 0.303914723269562 0.03163838849322718 0.0384024577572965
0 0.8014331099008518 0.3223401449207901 0.0209467951403436 0.02560163850486433
0 0.8215071219103477 0.3343651569458021 0.034038542103058275 0.03491132523390593
0 0.835798945677978 0.35763937376840604 0.022037774053903104 0.031032289096805197
0 0.835798945677978 0.3789740725224596 0.02509251501186984 0.0380145541435864
0 0.7726283955857384 0.3759405982099814 0.021664544425580055 0.026724517386656585
0 0.8057048984468339 0.18737554759060138 0.04032258064516129 0.09823443515199787
0 0.6338753067583712 0.047225540953139536 0.033025969517904985 0.09445108190627907
0 0.062317751047931455 0.5880869934997873 0.10650173136504466 0.12757426644796785
0 0.14603836340441043 0.5521434501751615 0.06093949334791325 0.14681165583297884
0 0.15458128303262256 0.32534475426766296 0.14864680153089121 0.2885608407751656
0 0.12183342445780936 0.09095235202397586 0.03986695826498999 0.0992244294595306
0 0.02188126480772733 0.16233319158414836 0.039297430289775837 0.14276167912034507
0 0.03184800437397483 0.3000323998137011 0.06264807727355567 0.189336411315635
0 0.02102697284490612 0.5217686248304072 0.037588846364133406 0.07796205171820261
0 0.08880080189538908 0.47772512808051354 0.033032622562420254 0.08707449932162892
0 0.1636937306360488 0.5055687179798717 0.07574722070348094 0.06783710993661786
0 0.2331761436121742 0.47671263390235513 0.06777382905048297 0.0526496972642407
0 0.6947984810888037 0.45028865996607925 0.03900669223249871 0.03509035767100285
0 0.7397971652003911 0.4394273587821974 0.0486408752537785 0.04678714356133709
0 0.7285181216632829 0.39264021522086034 0.011983983758177351 0.04177423532262245
0 0.8727327779747135 0.38955190568093795 0.014400921658986262 0.03610487481455222
0 0.8443001890582535 0.4638951251854478 0.050218598605695317 0.053500859952472876
0 0.8783639075977785 0.33949742014258144 0.01864734727637956 0.03052503052503048
0 0.8911031844499587 0.37281237281237284 0.01606256646579217 0.03282261346777476
0 0.9245207077868368 0.35508816153977446 0.027509452912678752 0.03216616119841931
0 0.9007961124896607 0.3513135609909803 0.024370790499822777 0.020678246484698112
0 0.9274747429989365 0.2866530124594641 0.012370022450667609 0.031181482794386033
0 0.9212897317736027 0.3096288418869065 0.024370790499822624 0.03512019641051897
0 0.911319862932766 0.3275171662268437 0.02806333451494749 0.032166161198419245
0 0.9430757414628381 0.33851274173854823 0.026955571310410015 0.047592789528273415
0 0.7832777159807193 0.4091926557629191 0.027036213076257656 0.03570496711023221
0 0.9790971449758993 0.37709251706285446 0.03823692992213569 0.03261511418723139
0 0.9778418922259301 0.2843969293728285 0.04229236188357433 0.034675016135898594
0 0.9806420714373997 0.2620813249289333 0.01853911753800528 0.03192848020434227
0 0.9736899023606477 0.33726774605528775 0.0274224446916326 0.04428789189634575
0 0.9729174391298975 0.30362268089372274 0.02394636015325675 0.02162897046100605
0 0.9940636200716845 0.3444774028756231 0.010235137807440451 0.02986857825567503
