3 0.09140625 0.143981481481482 0.068229166666667 0.080555555555556
0 0.6865788463093216 0.023234609822046153 0.11053035815344806 0.046469219644092306
0 0.6932123655913979 0.0700496761617305 0.11318619128466313 0.081745582594479
3 0.38843035954301075 0.42562724014336917 0.05670362903225806 0.2277479091995221
0 0.36643145161290325 0.6710473914774991 0.0823252688172043 0.14735165272799686
0 0.07980510752688172 0.2617980884109916 0.0907258064516129 0.1344086021505376
0 0.2503511576092221 0.1967020784225085 0.03693209338370627 0.028523146802716715
0 0.6755712365591398 0.4624651533253684 0.06888440860215053 0.06471525288729592
0 0.8801896654719235 0.2864949776538785 0.10018418956591003 0.04756847648126019
0 0.9150363401035443 0.5376122837293684 0.11387395459976114 0.06969334926324171
