7 0.329947916666667 0.401851851851852 0.0859375 0.101851851851852
7 0.04592883418222981 0.2272527196126517 0.07958404074702886 0.14462679997484748
0 0.5013264006791173 0.5872476891152613 0.10964912280701761 0.11004213041564478
0 0.5331600169779288 0.6650631956234673 0.12202886247877757 0.1619191347544488
0 0.3597268715763846 0.48747773945582834 0.04881821870561987 0.05297445954780093
0 0.534834229390681 0.27349661489446436 0.02380152329749109 0.04106929510155317
10 0.7498418722327639 0.4353433129524211 0.11938646426312467 0.08503759926909833
0 0.6927182163187856 0.4508046946377117 0.03755534471853242 0.08784875957551476
0 0.6727545857052498 0.5867945744606086 0.14547754585705244 0.19959238175556954
0 0.7302735610373181 0.5657108721624851 0.056530676786843696 0.07309016796682832
0 0.7729680581910182 0.570981797737016 0.06759962049335858 0.21856771382388065
0 0.8262945670628183 0.6296925108470101 0.1441355404640635 0.14777086084386598
0 0.9244482173174873 0.40096208262591965 0.13706140350877183 0.10847009998113563
10 0.9498974250141482 0.5531580076005657 0.0995331069609508 0.18450961518307293
0 0.07510964912280706 0.4457649500094323 0.14678834182229766 0.11947431302270012
0 0.09635858800226374 0.7820958309752878 0.19271717600452748 0.15074765767465254
