10 0.565885416666667 0.453240740740741 0.193229166666667 0.567592592592593
0 0.16530489530277312 0.3027101804690939 0.14855687606112053 0.18235553040306865
10 0.09149511884550086 0.6276746706332981 0.18299023769100173 0.24748918909405015
0 0.3346420486700623 0.7248003521348173 0.2360993208828523 0.3128340564673331
0 0.43544850028296556 0.6399107086713199 0.08754244482173178 0.4291643086210149
0 0.2096315982404692 0.38120451830129254 0.06185850439882695 0.23351797545345934
0 0.3207478005865103 0.38188334962528514 0.05651270772238516 0.23487563810144454
0 0.4463740224828935 0.2963506028022157 0.05880376344086022 0.06109481915933524
0 0.2964269713261649 0.29271206690561535 0.04424283154121862 0.06770211071286342
0 0.24406362007168456 0.5276782158502589 0.0649641577060932 0.07168458781362007
0 0.15921818996415768 0.5401234567901235 0.13384856630824377 0.08263639984070094
0 0.1171754992319508 0.4502190362405416 0.1240079365079365 0.08676110826648457
0 0.5212013568868408 0.6856118791602661 0.11600742447516639 0.25317175854810264
0 0.5740047363031233 0.6614325539056721 0.06960445468509983 0.08249416851567389
