4 0.74375 0.524537037037037 0.152083333333333 0.180555555555556
0 0.15071448783248448 0.13843300006288123 0.08046830786644031 0.10218197824309874
10 0.4526917091114884 0.4316166760988493 0.14501980758347482 0.10689806954662634
0 0.5073504704301075 0.4494287634408602 0.07507980510752688 0.13534199522102747
0 0.489236811155914 0.5437014635603346 0.0766549059139785 0.0793384109916368
0 0.1339765745007681 0.32292200034135515 0.11640745007680488 0.08320532514080911
10 0.07420474910394266 0.39981581043409004 0.144209229390681 0.16178813221823976
0 0.08785562275985663 0.8011748307447232 0.13510864695340502 0.19787933094384708
0 0.16906081989247312 0.7694394663480686 0.08610551075268817 0.10702907208283544
0 0.2240143369175627 0.42283950617283944 0.30801971326164873 0.5587913181999202
