10 0.388020833333333 0.627777777777778 0.346875 0.411111111111111
0 0.5097269383135259 0.47877758913412566 0.1441355404640634 0.29239766081871355
0 0.6237973967176005 0.48506571087216255 0.07516270514997173 0.21379613909325282
0 0.730351584606678 0.06847764572722129 0.19277023203169208 0.10689806954662641
0 0.9116263440860215 0.09756020876564171 0.12202886247877757 0.10532603911211719
0 0.8939410016977929 0.27834370873420117 0.20161290322580644 0.13362258693328308
0 0.7582059988681382 0.5825315978117337 0.17066355404640632 0.0786015217254606
0 0.6985179683078665 0.6572030434509212 0.1821590265987549 0.12419040432622772
0 0.7794284097340125 0.7585990064767655 0.22725664968873796 0.30497390429478705
0 0.11711233729485007 0.20445827831226812 0.07693123938879456 0.08960573476702509
0 0.30899830220713076 0.5243664717348928 0.05040322580645161 0.04087279129723952
0 0.3806239388794568 0.6210463434572093 0.020338143746462957 0.033012639124693474
0 0.5495189586870403 0.8513488021128089 0.06808856819468029 0.0628812173803685
