4 0.500520833333333 0.479166666666667 0.176041666666667 0.208333333333333
10 0.4699349179400114 0.24690310004401686 0.11760752688172044 0.11475822171917252
0 0.7386679644048944 0.32237465496642365 0.03669200346063516 0.059737156511350094
7 0.9383400537634409 0.37231182795698925 0.06048387096774194 0.0955794504181601
0 0.756888440860215 0.5955794504181601 0.08501344086021505 0.04659498207885305
0 0.630973715651135 0.5902694809504845 0.07765830346475507 0.24824107261383246
0 0.5702754653717194 0.5700145167713673 0.0928575557867962 0.11112395781143612
0 0.4566423864030524 0.6830654796315566 0.06503642039542142 0.09827725748641461
0 0.8928396871945259 0.6531443466927337 0.09103128054740961 0.1118714021939829
0 0.9627932551319647 0.5108613011838818 0.07086999022482882 0.10969914195720647
0 0.9781615757921782 0.6554223364100611 0.033602150537634407 0.016916716888169973
