1 0.552083333333333 0.057407407407407 0.105208333333333 0.114814814814815
10 0.18962224108658746 0.6501289064956297 0.2732385398981324 0.30811796516380563
1 0.2988292303338993 0.07712381311702193 0.038907753254103 0.06130918694585925
0 0.4544602433503113 0.43947682827139534 0.08842671194114317 0.17606740866503187
10 0.2519630730050934 0.32157454568320437 0.13617713638936052 0.11004213041564488
0 0.5106112054329373 0.6414827391058291 0.13882993774759478 0.14934289127837516
0 0.4239530277306169 0.5817455825944791 0.04509762308998298 0.22794441300383575
0 0.6162811262026033 0.5833176130289882 0.1397142048670062 0.09589385650506184
10 0.5658779003961517 0.6870716217065962 0.1114176570458404 0.10532603911211719
0 0.6397142048670064 0.721656291265799 0.08223684210526315 0.14619883040935672
0 0.8041878890775325 0.5628812173803686 0.13882993774759478 0.09274979563604353
0 0.9231319693349264 0.5939378545423758 0.15306401831939473 0.14141347624259037
0 0.6512096774193549 0.42972099233958827 0.07840501792114708 0.10893246187363835
0 0.7250026354627874 0.357685009487666 0.10212418300653613 0.11244641225665891
0 0.10497936984246066 0.17005640298963623 0.10236934233558391 0.1305882026062071
