10 0.778125 0.548611111111111 0.145833333333333 0.173148148148148
10 0.35050519095291066 0.6065999258435298 0.2189933259176863 0.228649116302064
0 0.6233198924731183 0.6366487455197133 0.32594086021505375 0.1971326164874552
0 0.5855174731182796 0.33273596176821985 0.06888440860215053 0.3151135005973716
0 0.7902727996814016 0.26105137395459976 0.0647152528872959 0.279879640692066
0 0.706889685384309 0.426987919819461 0.09458383114297095 0.07633081109783622
0 0.6953778375149342 0.2378202575335192 0.09769514137793713 0.06305588742864728
0 0.6867439516129031 0.2827939419495397 0.08672319734345349 0.10014758591608681
10 0.6397997707147374 0.4136885937170568 0.061027435167615475 0.06852203246890157
0 0.6129921726755218 0.21317379998594427 0.04002609108159397 0.06456883828800336
0 0.6857556530676787 0.08579309860144782 0.09364128716002532 0.06456883828800337
0 0.5376344086021505 0.26049937238177334 0.09527698380291273 0.07183582112124375
0 0.495100040832993 0.4060614309695567 0.060398802232203626 0.07259198765936208
0 0.4803802588996764 0.5034160373966199 0.10145892055538157 0.07075663198431759
0 0.30287343795408306 0.3664955277858504 0.11654799961251573 0.07426781620330004
10 0.1997965707643127 0.4754754754754754 0.08718395815170008 0.10924903398021678
0 0.05214523203169215 0.37207523737659565 0.1042904640633843 0.1575944790291141
0 0.22959778859809288 0.2569824846148644 0.0732273280584297 0.05184734338720948
0 0.4334545646215476 0.06192751891676623 0.118595825426945 0.11830299622835992
0 0.0505712365591398 0.06970579450418167 0.09765625 0.13067502986857826
