2 0.17265625 0.758796296296296 0.066145833333333 0.078703703703704
0 0.17885481512922094 0.09554800980946991 0.18512426900584794 0.19109601961893982
0 0.3872559422750425 0.1227126957177891 0.12026032823995478 0.10532603911211726
0 0.5442133559705716 0.22803873482990628 0.1653579513299377 0.09903791737408035
0 0.3014820316921336 0.5628812173803686 0.10080645161290322 0.14619883040935672
0 0.4213002263723826 0.6296925108470101 0.1742006225240521 0.09746588693957113
0 0.6565152801358235 0.5330126391246935 0.17066355404640632 0.1682072564924857
0 0.798882286361064 0.5330126391246934 0.15828381437464634 0.17449537823052244
0 0.8143569609507639 0.6587750738854304 0.12026032823995478 0.10532603911211719
10 0.5698571024335032 0.8560648934163366 0.13352433503112623 0.12576243476073687
0 0.47612478777589146 0.8458466955920265 0.19011743067345788 0.2939696912532227
2 0.31545068884408606 0.7560483870967742 0.04095262096774194 0.05040322580645161
0 0.34221349140703977 0.9757068896853844 0.04374597922985019 0.04739147749900433
0 0.642174432497013 0.8677153856365326 0.1045400238948626 0.12345679012345684
0 0.0877389486260454 0.7356298951281031 0.08885902031063322 0.07168458781362007
0 0.8952919653524491 0.5297524226735697 0.022868130227001227 0.02406079915040485
0 0.8474555704898445 0.7753385105535644 0.13254181600955792 0.10702907208283544
0 0.9546257062146893 0.7449425915800983 0.07489292874065975 0.07138083956017247
0 0.9517780663386184 0.6234432902010814 0.03046974667395662 0.022781119008565807
0 0.907782030253326 0.5756029402830933 0.026767814835064626 0.02531235445396191
0 0.887848551120831 0.6882429176032238 0.029615454711135317 0.028856084077516587
0 0.985515580039376 0.6757239975095496 0.02567488262910796 0.022085920541168102
0 0.9901647038743813 0.5208605943372968 0.017601126472094185 0.02180880317081034
0 0.027619100955794486 0.9195480909638615 0.05523820191158897 0.14050332383665703
2 0.5682228662634409 0.7294840203106332 0.09339297715053764 0.13601403823178015
