4 0.661197916666667 0.425 0.2296875 0.272222222222222
10 0.15098089681994964 0.6046269153842005 0.3019617936398993 0.5104816199852088
0 0.779183825211622 0.4173847835481329 0.10652596659803255 0.10803528305244159
10 0.9221716998398537 0.3493861053915962 0.11367536032944399 0.08897023310201076
0 0.6036662091054679 0.5260555682655889 0.1672958133150309 0.14489437962327453
0 0.5421814230153282 0.5832507181168815 0.1401281171356669 0.10676427972241279
0 0.4982126515671471 0.5146165382953304 0.08364790665751545 0.10676427972241286
0 0.44137497140242504 0.4891964716947559 0.04146648364218713 0.0838862197818958
0 0.44280485014870735 0.308713998830677 0.1301189659116907 0.09405424642212565
0 0.3427133379089453 0.48601896336968403 0.0643445435827042 0.08515722311192453
10 0.13430851063829788 0.2241922773837668 0.1580016014641958 0.11820330969267138
10 0.10714081445893388 0.31443351381580625 0.17087051018073662 0.1029512697323267
0 0.9865744134897361 0.6576065312624453 0.0261791300097752 0.139622026718801
