10 0.355208333333333 0.431481481481481 0.203125 0.240740740740741
10 0.2957342954159593 0.7806074325598945 0.38465619694397285 0.24209268691441868
10 0.39035087719298245 0.8034018738602781 0.18127475947934357 0.19650380431365155
10 0.5879845783814375 0.6399107086713199 0.07427843803056024 0.2876815695151858
10 0.7531081989247311 0.7419354838709677 0.12012768817204302 0.1687574671445639
10 0.2536962365591398 0.5746714456391876 0.2385752688172043 0.1508363201911589
10 0.6879106929510155 0.4339572547457853 0.06608422939068102 0.08628700384972787
0 0.3671381468413979 0.02551896654719239 0.054546790994623714 0.05103793309438478
0 0.4627226142473118 0.028636499402628503 0.07140456989247312 0.04853643966547192
0 0.48687415994623656 0.1686454599761052 0.03570228494623656 0.08960573476702509
0 0.6139322916666666 0.21811529271206698 0.04200268817204301 0.11014038231780167
0 0.6657706093189963 0.12893269613699723 0.024641577060931952 0.06869772998805258
0 0.5284013852562239 0.37080090843531704 0.028758597306984445 0.1173216226979668
0 0.5264336917562723 0.3622243944824589 0.065167807103291 0.054668549292205264
0 0.6228616813294232 0.4473045870895333 0.062113066145324254 0.10390644799246947
10 0.38959826762246114 0.47610513739545995 0.17435782556750298 0.08429576529934951
0 0.7348002123987787 0.564530878947446 0.11491105801141643 0.09071197840612409
0 0.8607045665737422 0.3698319984660089 0.030698260984999316 0.08481201233092908
0 0.8090568166733041 0.36540702390961255 0.022816275056418398 0.06268713954894757
0 0.8836719396195203 0.570363477621542 0.13311621174524402 0.11487914713721163
0 0.7328487051340299 0.1146532720817137 0.02602983492351965 0.09844010298349236
