3 0.340885416666667 0.486574074074074 0.059895833333333 0.071296296296296
10 0.6357350028296548 0.6862856064893417 0.25290039615166937 0.20121989561717915
10 0.7777427755376344 0.18247834528076465 0.08138020833333333 0.0942727001194743
0 0.8260458669354839 0.4657631421744325 0.06352906586021505 0.16801075268817203
3 0.6942624327956989 0.3308878434886499 0.051978326612903226 0.055070191158900834
10 0.4390961021505376 0.57076986260454 0.1128822244623656 0.15587664277180407
10 0.23584976105137392 0.6783817868047258 0.34255525686977306 0.2953670516394532
0 0.4181600955794504 0.7542147882649676 0.0530167264038232 0.08827824240010623
10 0.011484735023041499 0.18731332138590212 0.022969470046082997 0.08507211128178886
0 0.09314280324467081 0.939026179546836 0.13794567062818336 0.11318619128466323
