1 0.44296875 0.188425925925926 0.055729166666667 0.065740740740741
10 0.4297007640067913 0.48113563478588944 0.1043435200905489 0.38514745645475706
0 0.37789641072239893 0.21603816447069515 0.07903604422232326 0.10264694499133392
0 0.6426908223534757 0.2677823211671463 0.10317280024231407 0.08161273495212613
0 0.5037861578070575 0.38851868679219886 0.04685370286233531 0.10937789220388038
0 0.6268362865364229 0.3683258451545594 0.07146372860820843 0.0824541033536945
0 0.6358445914897528 0.1477039487792176 0.0505468247403731 0.04033534499484324
0 0.5788358147229115 0.053993199154489475 0.01990281224152186 0.034463744141163495
0 0.5814205955334988 0.15807370646080324 0.0261062861869314 0.030328094844223878
10 0.7765555819101833 0.412370862323424 0.12749051233396588 0.07467144563918758
0 0.8834153621125869 0.43784700260032333 0.0343433744465529 0.13880104012931338
1 0.8532722564832382 0.18286597793239168 0.0718987191650854 0.07511068943706513
0 0.8315296884882984 0.13279218497434825 0.030390180265654668 0.06632581347951368
0 0.9110877213788741 0.10182549722397925 0.05065030044275767 0.11947431302270012
0 0.9644558428209993 0.20834211820929094 0.06992212207463627 0.09882985452245414
0 0.9728563804554078 0.44860847564832385 0.04966200189753327 0.14363272190596665
0 0.059185347184253674 0.36432578012676425 0.11732276289411336 0.13769920822955273
0 0.16741507820136856 0.4069593787335723 0.07598668132942327 0.10250352992288471
0 0.30473155876381675 0.3377070957716119 0.03336717046394466 0.05723070239199267
0 0.21067087424029918 0.11531868474364967 0.07713884992987374 0.07895693730195834
0 0.17852968676951844 0.01947950755804893 0.06954184198223469 0.036881200976572645
0 0.091164095371669 0.05428289439509634 0.06019167835437119 0.06700950599968832
0 0.039446002805049084 0.1566152407667134 0.07713884992987376 0.1064879746506675
0 0.008587216248506571 0.07321120403557684 0.01568100358422939 0.06106464887826892
0 0.1894644334160463 0.2830622185460895 0.03773779983457403 0.04778972520908005
0 0.6425211213517664 0.04685099846390177 0.021601382488479242 0.04266939750810718
