7 0.609895833333333 0.078240740740741 0.048958333333333 0.071296296296296
0 0.5721150467355401 0.032992089707248894 0.04260664839412469 0.06286066796292392
0 0.5694795839482746 0.1559803531129696 0.023719165085388967 0.030063797721398382
0 0.5947361023262351 0.3201599237863206 0.031186309649307783 0.036701259555992835
0 0.6527777777777777 0.22301871764237358 0.03584229390681006 0.03265631222620471
0 0.6481854838709677 0.2518916766228594 0.03382616487455192 0.04739147749900437
0 0.6665546594982078 0.30824372759856633 0.04189068100358426 0.035045798486658716
0 0.7068399044205497 0.3090568166733041 0.02146804062126651 0.05027877339705298
0 0.7079599761051373 0.35087282623124916 0.04517622461170837 0.04098632682862072
3 0.8347561270948367 0.3794116697342503 0.038445703768284524 0.07319147104093342
0 0.7595104268491364 0.07258969624561022 0.03115835777126108 0.06552985047608703
0 0.7040159661127403 0.07204663118641613 0.02036493971977855 0.038376597516382456
0 0.6817163571195828 0.08598530103906447 0.02056858911697615 0.048875855327468236
0 0.823252688172043 0.09485536367256797 0.016495601173020652 0.020274428876579414
0 0.8423957315086348 0.02244668911335578 0.01731019876181166 0.04272111798993519
0 0.8727169946818834 0.25102329533446344 0.03602829859089317 0.033211271129053824
0 0.7992831541218639 0.2307845479888491 0.02240143369175622 0.04646223284216115
0 0.7690412186379929 0.24697995486525953 0.03688769414575868 0.04433824505509094
0 0.7954002389486261 0.32277976901632816 0.03882915173237742 0.044072746581707185
0 0.7984617682198327 0.3645957785742732 0.02583632019115883 0.02044338245055088
0 0.8211798282362798 0.4674160964483545 0.01941942466136008 0.03956616859842666
0 0.8457268537913698 0.46237334947012365 0.0331657589722107 0.05120327700972859
0 0.842890308616115 0.4222253254511319 0.024437927663734198 0.035299228847615965
0 0.921986279849183 0.4837080482241773 0.022910557184750678 0.04422101196294739
0 0.8862021714844296 0.5331657589722106 0.022037774053903104 0.0399540722121367
0 0.8606732649071358 0.5674952287855514 0.02814725596983658 0.0449968191903676
0 0.8893660103337522 0.6022126022126023 0.027929060187124644 0.04460891557665756
0 0.8587095028627287 0.6058976865428478 0.0325111716240749 0.041893590280687065
