2 0.888020833333333 0.334722222222222 0.113541666666667 0.134259259259259
3 0.792793738799283 0.7361360015929909 0.06300403225806452 0.11200716845878136
10 0.8344464045698925 0.7454699322978894 0.03150201612903226 0.06347072879330944
2 0.6700268817204301 0.3992433293508562 0.05869175627240146 0.053365193150139406
0 0.6668906810035842 0.4705296694544006 0.06048387096774186 0.08602150537634409
0 0.8219086021505376 0.22839506172839508 0.11424731182795698 0.14974113898845082
0 0.699623107567689 0.08806545318246772 0.14893004461583462 0.17613090636493545
0 0.6330908707569048 0.06778410288846723 0.08433480919249421 0.11127509546231874
0 0.4331251317731394 0.021517089512029425 0.04150853889943073 0.039824771007566706
3 0.45013789973467394 0.023266458750329722 0.027056277056277073 0.024825831277444182
0 0.5109054252199413 0.23060094027835962 0.02771086440441279 0.046936337258917896
10 0.4011536738351254 0.4644563918757467 0.09576612903225806 0.15830346475507767
0 0.3465501792114695 0.31859816806053365 0.04144265232974911 0.07765830346475508
