9 0.873177083333333 0.209722222222222 0.0546875 0.084259259259259
9 0.83046875 0.210648148148148 0.047395833333333 0.082407407407407
9 0.8515625 0.266666666666667 0.052083333333333 0.074074074074074
9 0.975520833333333 0.254166666666667 0.070833333333333 0.084259259259259
9 0.863541666666667 0.346759259259259 0.044791666666667 0.091666666666667
9 0.822395833333333 0.091203703703704 0.052083333333333 0.062037037037037
0 0.5451528897849462 0.1465427120669056 0.025726646505376344 0.06907108721624851
2 0.6168199764784946 0.16987753882915174 0.04830309139784946 0.06533751493428913
2 0.7005628360215054 0.19787933094384708 0.05092825940860215 0.06907108721624851
9 0.9420782930107527 0.2590165770609319 0.04672799059139785 0.07373805256869773
0 0.6974126344086021 0.24874925328554362 0.02887684811827957 0.034535543608124254
0 0.7270770329301075 0.26555032855436084 0.032552083333333336 0.0625373357228196
0 0.7194640456989247 0.4158266129032258 0.034127184139784945 0.07373805256869773
0 0.6176075268817204 0.5759035244922341 0.051978326612903226 0.09333930704898447
0 0.6393964213709677 0.7877837514934289 0.03150201612903226 0.13254181600955794
0 0.7000378024193549 0.8017846475507766 0.036227318548387094 0.08960573476702509
0 0.6590748543141687 0.9486633811230586 0.024655925026186735 0.10147849462365591
0 0.8071983273596177 0.6639453073144829 0.022401433691756373 0.08230452674897108
0 0.7498499321432299 0.48166707264734193 0.026424992170372707 0.0318984816322743
0 0.7795372690259943 0.5370544362088364 0.021205240630546015 0.03827817795872915
0 0.8498407975780352 0.517915347229472 0.015659254619480076 0.03827817795872915
0 0.8593015972439713 0.40163088236999916 0.025446288756655125 0.05277748779158114
0 0.8850741204718656 0.6284000881558037 0.018269130389393574 0.030738536845646213
0 0.9389028082263283 0.6695781280811034 0.024141350871698452 0.035378315992158696
0 0.9787034137175069 0.5300947674890676 0.0169641925044369 0.037118233172100994
3 0.5401800260671228 0.6316932768545672 0.16699250570218313 0.18645233698997132
