2 0.908072916666667 0.233333333333333 0.065104166666667 0.116666666666667
0 0.060077108092812734 0.2256806891781425 0.1193760611205433 0.19807583474816068
0 0.3965407470288625 0.16672954788404704 0.051287492925863015 0.09589385650506198
0 0.2165923882286362 0.13686096962837202 0.04332908885116015 0.07702949129095145
0 0.2705326825127335 0.23904294787147082 0.0557088285229202 0.08646167389800664
0 0.415994623655914 0.258693328302836 0.05659309564233164 0.06602527824938688
0 0.6277058573853991 0.031094761994592216 0.10331777023203174 0.06218952398918443
0 0.8201269067266816 0.2600187083807989 0.05131491206134862 0.0393616922749206
0 0.3914930555555556 0.5136773197929112 0.05565356182795699 0.1014287136598965
0 0.40216873879928317 0.43029420549581837 0.03570228494623656 0.047914177618478715
0 0.5045502912186381 0.48069743130227 0.05285338261648748 0.05164774990043809
0 0.32218862007168464 0.37335722819593786 0.026251680107526883 0.04853643966547192
3 0.7244501193452354 0.8641975308641976 0.5221157524868107 0.2704101951413779
10 0.6082543509588738 0.5363349714862851 0.06789712892140562 0.03941420635800416
