10 0.306510416666667 0.39212962962963 0.116145833333333 0.137962962962963
10 0.366145833333333 0.410185185185185 0.079166666666667 0.094444444444445
10 0.137239583333333 0.481944444444444 0.127604166666667 0.150925925925926
0 0.816300519095291 0.9684972328650491 0.05368619453714007 0.05561735261401559
0 0.810700160672352 0.7594171850753239 0.043257940922012066 0.06042379049423925
0 0.8555030280558646 0.8037050769716696 0.04866518353726369 0.0569906205797937
0 0.7686009145964652 0.8833546189868029 0.06256952169076738 0.08308271192957878
0 0.7448476702508962 0.9715870857880498 0.06990792238289463 0.05218418269957017
0 0.6375087038967182 0.9892713440173581 0.08992512094219586 0.02026256883505682
0 0.9845803464755079 0.9663566023781078 0.0301672640382318 0.058227608048396405
0 0.5667562724014337 0.4058144165671047 0.01433691756272404 0.039824771007566685
0 0.6086469534050178 0.3118279569892473 0.01881720430107527 0.031859816806053355
0 0.4899193548387097 0.2349661489446436 0.023297491039426573 0.0207088809239347
0 0.45174159231297195 0.4809158849996187 0.01340511324639673 0.027644322428124785
0 0.7399290245223176 0.21914941165347296 0.021756788117892747 0.027504877818175566
0 0.7503239344008663 0.07775714911941417 0.011120136149145157 0.03266204240908348
0 0.797007871248858 0.3062993417199616 0.014934289127837482 0.02928291985850492
