7 0.05703125 0.359722222222222 0.063020833333333 0.075
10 0.2811127517794942 0.916898042977098 0.17605633802816906 0.1396671546603396
0 0.20413306451612903 0.7936081242532855 0.03864247311827957 0.06869772998805257
0 0.045212649707142234 0.6809064506415674 0.08769341725675323 0.12141698477916679
10 0.07253147128245477 0.5220930345504172 0.08714704082524696 0.08742022904100004
7 0.18194335169158143 0.38732018144554203 0.02021592796573126 0.05779448475488339
10 0.31835566888045536 0.47979478529763164 0.07140456989247308 0.10234380490547469
0 0.2714114879822897 0.47650045681354986 0.027425284629981027 0.058858668915594894
10 0.2678289057558507 0.4582718392016305 0.034590449082858965 0.06632581347951365
0 0.538677475358423 0.555057745917961 0.02905185931899639 0.04044703305455996
10 0.8005780662645338 0.9604083496032093 0.08987892298277822 0.0752785305630834
10 0.9175026226068714 0.8499188934541676 0.10299195733892823 0.11364629775330011
10 0.8039929189614478 0.5626463074666589 0.08796660547250625 0.07139318705015006
10 0.650597735816068 0.5233072043982089 0.0773122650581345 0.0869345611018834
0 0.9168346774193549 0.34767025089605735 0.06283602150537634 0.04778972520908005
0 0.9450604838709677 0.4435483870967742 0.013776881720430107 0.028076463560334528
3 0.4144357610021062 0.39068716205397275 0.21858718545615788 0.1841382453288007
0 0.6131843418370932 0.33245875012689263 0.05841942511771733 0.06364154582581735
0 0.6566694778269732 0.39727161274705025 0.026793871670531964 0.02772116413271803
0 0.24981991004287019 0.24304823482559093 0.07401257994237119 0.0745738359063259
0 0.10259856630824372 0.041019514137793714 0.04345878136200717 0.03584229390681004
0 0.21460573476702507 0.03524492234169654 0.024193548387096774 0.02588610115491836
0 0.43111559139784944 0.05933890880127439 0.016801075268817203 0.02867383512544803
0 0.5058243727598566 0.018916766228594187 0.010752688172043012 0.02429311031461569
0 0.48868727598566314 0.015929908403026685 0.0118727598566308 0.019912385503783353
0 0.5262096774193549 0.023297491039426525 0.012096774193548387 0.018717642373556352
0 0.6459108767576509 0.15301902398676592 0.017059553349875915 0.022056796250344627
0 0.6397074028122415 0.10637809024905799 0.014474772539288675 0.016083080599209622
0 0.6159274193548387 0.026881720430107527 0.013957816377171257 0.016083080599209633
0 0.7428401571546732 0.10499954048341145 0.013957816377171181 0.016083080599209636
0 0.6539236972704714 0.026651962135833103 0.009305210918114197 0.018380663541953866
0 0.39665753702576584 0.0819977006830324 0.012363055386488147 0.015216068167985396
0 0.4404037330087239 0.15554203016162843 0.014899066747818993 0.019160974730055676
0 0.555227157574734 0.219713887168709 0.015481619095873408 0.017827318958884557
