2 0.529947916666667 0.556481481481481 0.0703125 0.083333333333333
0 0.1677669207335429 0.03502483808086524 0.07377572276607784 0.07004967616173048
0 0.6016907187323146 0.05983147833742061 0.18923316355404649 0.10847009998113566
0 0.6508596550179212 0.4551846873755476 0.07385472670250891 0.041691557148546374
0 0.7343399977598567 0.7218239745121466 0.054603494623655914 0.12071883711668653
0 0.21464230853631777 0.5012191256430888 0.13303708580206278 0.12556994123814405
2 0.4010403007255879 0.6614797330769007 0.036060844479412595 0.07673553438043343
0 0.3757703907684238 0.5179648570679255 0.1281252731882158 0.13744402677001683
2 0.4070504414721567 0.4485143417742421 0.040978232362968804 0.08984856873658341
0 0.3099320307719206 0.44778583986556714 0.03250939767462191 0.05148080154636676
0 0.4558145379840895 0.6065992559567173 0.0396122912842032 0.029140076346999944
0 0.36940546013126657 0.5849508914025043 0.03971163245356796 0.04422101196294746
0 0.3295543088670718 0.6908732013921354 0.08108345021037869 0.15670181635586036
0 0.42354293283465794 0.7369747026128513 0.0616039426523298 0.13549079701487365
0 0.1705122461170848 0.7355137395459976 0.1255413679808841 0.18833797955661757
0 0.3367119605243777 0.9578402972128117 0.19102592428929147 0.07119359748612947
0 0.6911703887510339 0.9392519069938424 0.07133995037220839 0.11947431302270012
0 0.6761408339889851 0.5733310021272255 0.01803042223970622 0.02574040077318338
0 0.2628095470837406 0.28963469823684873 0.024234278266536333 0.029687556569276994
