2 0.754947916666667 0.220833333333333 0.063020833333333 0.075
2 0.717708333333333 0.218055555555556 0.048958333333333 0.099074074074074
2 0.3977737392094503 0.13190132431386406 0.039281387248220556 0.0538475777003719
2 0.6104320676523298 0.10236210673038632 0.054603494623655914 0.054136798088411
2 0.5691294242831543 0.13191955396256472 0.016101030465949847 0.054759060135404235
2 0.6867369511648745 0.1232078853046595 0.046202956989247236 0.05973715651135006
2 0.8046945004480286 0.23397052966945442 0.045502912186379876 0.05600358422939068
2 0.8300711245519714 0.3213983472720032 0.03745239695340507 0.06658203902827557
0 0.6835867495519714 0.32108721624850656 0.03220206093189962 0.03235762644364796
0 0.7224392361111112 0.4050925925925926 0.037102374551971275 0.06347072879330944
0 0.6114821348566308 0.4673187972919156 0.028001792114695393 0.057248108323377164
0 0.6204077060931901 0.5214555953803266 0.024851590501792167 0.05351453604141779
0 0.6370337701612904 0.5678141178813222 0.03850246415770607 0.04169155714854644
0 0.5948560707885305 0.5942602548785345 0.02415154569892473 0.05973715651135006
0 0.6508596550179212 0.5071435682994823 0.022051411290322582 0.03733572281959379
0 0.6256580421146954 0.5217667264038232 0.05985383064516129 0.05164774990043809
0 0.6813116039426523 0.5335897052966946 0.030451948924731184 0.03173536439665472
0 0.7385402665770608 0.49967642373556354 0.01750112007168464 0.02364595778574269
0 0.7399403561827957 0.5311006571087217 0.052503360215053765 0.047914177618478715
0 0.7411654345878135 0.5699920350457985 0.05915378584229385 0.03609119872560731
0 0.6993377576164875 0.5749701314217444 0.023801523297491013 0.02986857825567503
0 0.7107134856630825 0.6017273994424532 0.053553427419354836 0.038580246913580335
0 0.7147387432795699 0.6767099761051374 0.05040322580645161 0.06907108721624851
0 0.7378402217741935 0.6630202110712864 0.026601702508960677 0.042936081242532856
0 0.8073196684587812 0.6113724611708483 0.05425347222222227 0.060359418558343335
0 0.9161766353046594 0.6070166268418957 0.04935315860215054 0.03920250896057354
