7 0.183854166666667 0.748611111111111 0.041666666666667 0.100925925925926
0 0.6092069892473119 0.5353706847764573 0.48369411431805326 0.9274979563604352
10 0.38416100735710246 0.7916116456014588 0.1591680814940577 0.29554172168773185
0 0.7705857385398981 0.13214487832484437 0.06720430107526881 0.042444821731748746
0 0.6560731465761178 0.16515751744953786 0.04509762308998306 0.08017355215996982
0 0.5741223908918406 0.0950172183568769 0.045461733080328894 0.03513950383020588
0 0.3184479668767767 0.2870130048476359 0.044416635768137425 0.04669111083645748
0 0.3568780126065999 0.3546464521622104 0.02858113953775803 0.03776486905889945
0 0.2746106785317019 0.3621994259739903 0.012359411692003431 0.05973715651135006
0 0.24332591768631814 0.3718123017344375 0.026263749845507355 0.028151993298452322
0 0.09864097968936675 0.17725341829284477 0.04293608124253287 0.06637461834594449
0 0.08158359972876102 0.912202525105751 0.0372348154606219 0.051664567793600034
