2 0.714322916666667 0.861111111111111 0.0671875 0.07962962962963
2 0.8560147849462365 0.7517921146953405 0.032594086021505375 0.07706093189964158
2 0.9534610215053764 0.8115292712066906 0.021841397849462367 0.06989247311827956
9 0.8079637096774194 0.27956989247311825 0.0883736559139785 0.08363201911589008
0 0.7955309139784946 0.1741338112305854 0.018481182795698926 0.04241338112305854
0 0.8180443548387096 0.2861409796893668 0.017809139784946238 0.02867383512544803
0 0.7659610215053764 0.2682198327359618 0.019153225806451613 0.03106332138590203
9 0.9588373655913979 0.3593189964157706 0.05880376344086022 0.045997610513739545
0 0.6995967741935484 0.21923536439665472 0.012096774193548387 0.02867383512544803
0 0.5925739247311828 0.3052568697729988 0.07090053763440861 0.05137395459976105
0 0.4652217741935484 0.15471923536439666 0.025201612903225805 0.023894862604540025
0 0.4944556451612903 0.13530465949820789 0.011760752688172043 0.04002389486260454
0 0.5196572580645161 0.1681600955794504 0.01646505376344086 0.044802867383512544
0 0.3580309139784946 0.14994026284348866 0.021841397849462367 0.021505376344086023
0 0.5707325268817204 0.16069295101553166 0.015793010752688172 0.03464755077658303
0 0.5801411290322581 0.06481481481481481 0.023185483870967742 0.02090800477897252
0 0.5505712365591398 0.033154121863799284 0.029233870967741934 0.03882915173237754
0 0.4017137096774194 0.015830346475507767 0.019153225806451613 0.02090800477897252
0 0.5597331202169911 0.8866393274995424 0.03572120507604374 0.05112639521241665
0 0.5877349123316865 0.8096806483903258 0.022098711614840647 0.048973704887683406
0 0.36977501695243625 0.9272713573788842 0.01907149084568444 0.01722152259786668
0 0.25539221911777155 0.7883376137122645 0.015610447887562445 0.031044506533457517
0 0.23660676488019644 0.7215448875342195 0.012435441537549741 0.01787410982229373
0 0.29587355008043353 0.7271893432675753 0.020372957412581483 0.013170396711163787
0 0.3352965455930912 0.7351856555564963 0.01772711878757089 0.01599262457784178
0 0.29230166793666923 0.8967582009238092 0.02540005080010163 0.019285223755632658
0 0.3378100922868512 0.8605396099681087 0.020637541275082556 0.015522253266728759
0 0.24785157903649144 0.8626562808681173 0.029633392600118557 0.019755595066745815
0 0.24401511303022608 0.8779433484792895 0.032543815087630185 0.016462995888954664
0 0.2858193633053933 0.8370210444124592 0.021431292862585705 0.02304819424453656
0 0.16265557531115063 0.8403136435902502 0.008995851325035982 0.035277848333474436
0 0.17112225891118452 0.9437953320351086 0.019050038100076244 0.0239889368667626
0 0.19943273219879776 0.6556929039784004 0.020637541275082556 0.029163021289005567
0 0.1303763440860215 0.5966613044337199 0.011112522225044445 0.035277848333474436
0 0.2512254901960785 0.4530887623866751 0.015417457305502844 0.01440719657038443
0 0.21317599620493358 0.38825637781994515 0.016801075268817203 0.023894862604540025
0 0.2881878557874763 0.34503478810879185 0.013045540796963963 0.03021997329397711
0 0.34125948766603414 0.46960432918687184 0.017591714104996804 0.015109986646988588
0 0.21696650124069472 0.4200747480317373 0.022114235823913246 0.022720542433804124
0 0.16361949728885208 0.3926313962156256 0.020821845418619627 0.027570995312930818
0 0.15938332873816738 0.42326583545221536 0.010913518978035115 0.031145013223866237
0 0.1755382088043378 0.16810648531078642 0.028001792114695334 0.045696371861246414
0 0.17417401893208337 0.20193201196785426 0.018380663541953855 0.03676132708390773
0 0.23333677970774738 0.15023639575610903 0.020965444352541114 0.053354981670393875
0 0.2740470774744968 0.1739780861644661 0.024842615568422047 0.020167672497421612
0 0.23628055785313842 0.0747990891360067 0.02599140703979414 0.021444107465612833
0 0.05602264927934112 0.7699102671648999 0.013405113246396701 0.02478456493556007
0 0.059776080988332196 0.7324156689290525 0.013047643559826128 0.023513561605531395
0 0.08479895904827271 0.6316886550242761 0.02162691603752002 0.018429548285416434
0 0.11000057195149851 0.5914931747121177 0.02162691603752003 0.016205292457866255
0 0.04413678220086937 0.43817839802740277 0.02931251429878746 0.024784564935560135
0 0.2781020090548953 0.5284275503573749 0.011495472552348616 0.022532436227965368
