5 0.690104166666667 0.170833333333333 0.194791666666667 0.230555555555556
5 0.614322916666667 0.352314814814815 0.190104166666667 0.225
0 0.2099603848330504 0.40725020436395654 0.24405772495755515 0.11475822171917252
10 0.36957059988681384 0.4371187826196315 0.09992218449349174 0.0675973086838961
3 0.39656838037634407 0.6874439964157706 0.21893901209677416 0.22121415770609318
0 0.4921556358917315 0.34447740287562306 0.05272061549870225 0.05767725456268282
10 0.24074452157343132 0.7414212906250472 0.08847148495984754 0.17618680338157683
10 0.054162466397849475 0.6017714911532116 0.10832493279569895 0.10821030323718493
10 0.06789734543010754 0.5550701911589009 0.09975638440860216 0.07093787335722819
0 0.9544690860215054 0.5913978494623656 0.04494287634408602 0.05973715651135006
0 0.8386062861869313 0.4365407591214043 0.036445409429280436 0.06433232239683855
0 0.8941790736145574 0.46709861225990257 0.02972497932175355 0.027111478724382004
0 0.8772487593052108 0.43791930888705083 0.029466501240694765 0.03951842661520076
0 0.7841966501240696 0.40896976380847344 0.01861042183622824 0.030328094844223913
0 0.8287841191066999 0.5119014796434151 0.04575062034739455 0.043194559323591626
0 0.8636786600496278 0.5656649205036302 0.03489454094292803 0.024813895781637722
0 0.8150847808105872 0.44848819042367427 0.03024193548387097 0.037680360261005436
0 0.8042287014061207 0.13073246944214686 0.0240384615384615 0.04181600955794504
0 0.07186994480921123 0.08405493703809433 0.04059020839280617 0.039119907803892955
0 0.09157032067751458 0.07546441674332054 0.019328670663241034 0.014009156173015715
0 0.1367696736130936 0.10863704126621623 0.031520601389285356 0.025903722735010203
0 0.09759194499952428 0.1488142438756198 0.04326648586925493 0.03436208117909517
0 0.16732384146921692 0.05418635878241929 0.01412479779236841 0.0206172487074571
0 0.23101478494623656 0.2226489161973033 0.03840245775729648 0.033602150537634407
0 0.3049695180491551 0.2722520908004779 0.052503360215053765 0.04853643966547192
0 0.27496759792626724 0.29065326847584916 0.03930251536098309 0.027735108380269647
0 0.22002742588481125 0.05547816328801056 0.016188890339993912 0.02007361939450224
0 0.22710156284010272 0.09296504288015332 0.01673305472117017 0.018622514378032202
0 0.24560315180009576 0.11811752983230071 0.010203082147054957 0.014752901000778768
0 0.3385192198859432 0.06611960007545753 0.017821383483522715 0.034100967887045974
0 0.33083289800182836 0.08147712816643216 0.017685342388228605 0.017413260197640508
0 0.4402779591659049 0.03866953018056592 0.017549301292934607 0.040630940461161176
0 0.37851530190239874 0.12609860742288592 0.014284315005877003 0.013785497656465391
0 0.3968808497670977 0.16419011410522455 0.014828479387053218 0.014994751836857103
10 0.5497230203299812 0.09538355124093671 0.02911279439293022 0.024426934443912373
0 0.5199300204605808 0.04725523486134699 0.024759479343520106 0.03168245952626258
0 0.5085705890035261 0.07047291512486767 0.011019328718819398 0.021524724410972286
0 0.502176657524705 0.04314377064801521 0.01292390405293627 0.031682459526262585
0 0.49210961647294416 0.1311774749805311 0.015100561577641365 0.024426934443912373
0 0.5769992599364416 0.15318590106366003 0.01292390405293627 0.016687707689405484
0 0.4805461233729485 0.05402705827154052 0.013195986243524492 0.017655111033718845
0 0.5741423969352663 0.024642181688022173 0.007482260241173646 0.017896961869797178
0 0.529392371677825 0.13439169540812876 0.01236305538648807 0.013525393927098138
0 0.48255541184824513 0.10536845427289737 0.013472560357070373 0.015216068167985387
0 0.4970582268208561 0.019566736547868637 0.011729052546155434 0.011552940646062982
0 0.4787513948062487 0.0314014562340795 0.010936548995739525 0.014934289127837515
0 0.4905596977074457 0.04168639119947702 0.0060230269831608755 0.01972453281035143
0 0.6178557589847912 0.01210888307662501 0.02966676353773132 0.01991238550378335
0 0.6694668458781362 0.0659099960175229 0.017249103942652305 0.01871764237355635
0 0.7167338709677419 0.010752688172043012 0.01635304659498218 0.01752289924332935
0 0.9726295210166176 0.5255059556134825 0.030140110785272015 0.04163498787154704
0 0.9193752036493972 0.5618913145794866 0.01893939393939398 0.03403207704282975
