2 0.29921875 0.379166666666667 0.065104166666667 0.100925925925926
0 0.7164914250714577 0.9236574263115709 0.11611882400979988 0.09905781649350459
0 0.7756141962705865 0.6476566398983712 0.06933101946372665 0.1414031426281324
10 0.7198941744929904 0.6124948958758676 0.05742139648836252 0.055956323820758304
10 0.6163229889750919 0.6227031441404655 0.045086429835306974 0.10813181495092478
0 0.6660881992650061 0.5962373153063231 0.0842180481829318 0.11720581340834497
0 0.5686844970736354 0.6934047154545318 0.0918742343813802 0.12098664609893679
0 0.5292018689196107 0.5077658303464755 0.08400537634408602 0.09956192751891674
0 0.4943996415770609 0.5564800591682312 0.03760240655401947 0.08604995164134949
0 0.4639976958525345 0.438783637708369 0.024801587301587318 0.1436536382772942
10 0.3955933179723502 0.47149684246458434 0.11120711725550436 0.10667349377026795
0 0.399393561187916 0.4032258064516129 0.042802739375320066 0.12374125277351082
0 0.3677915386584741 0.40891505945269385 0.05480350742447512 0.11236274677134891
2 0.42887906116314023 0.24948934366208045 0.0166204185454966 0.03211675081255382
0 0.2288679808841099 0.448559670781893 0.041816009557945046 0.12611177485729455
0 0.2899118876941457 0.48672507633081113 0.03024193548387097 0.10819062790388954
0 0.3076463560334528 0.4163679808841099 0.02912186379928318 0.08031328819859286
0 0.18873207885304663 0.361277047656976 0.04517622461170849 0.06040090269480949
0 0.10304659498207885 0.3360546926855171 0.05077658303464755 0.09026948095048452
3 0.884557945041816 0.5701105611499876 0.053870114353985296 0.08676110826648464
0 0.7525113186191283 0.3364145129849714 0.0536455385776269 0.05868913622167722
0 0.8085149028485191 0.18602360141692342 0.08194208639879276 0.13938669852648344
0 0.7312889077532541 0.4087279129723951 0.143251273344652 0.19493177387914226
0 0.7852292020373512 0.4511727347041438 0.05069798151292208 0.09746588693957113
0 0.6634950952650442 0.41501603471043197 0.03478117336351628 0.09222578549120708
0 0.6965077343897377 0.0262005072418202 0.0418553103188077 0.04820893332494917
0 0.6351985474438785 0.017816344924437733 0.030065082059988733 0.035632689848875465
0 0.6717662871600253 0.2192353643966547 0.055740037950664095 0.1447747557804484
0 0.6189911448450348 0.29197413732518096 0.051391524351676175 0.13423290463138662
0 0.5757036685641999 0.3777145266708834 0.05811195445920305 0.10190456110759712
0 0.5288583175205567 0.39668985873919455 0.05060088551549657 0.08082085880947358
0 0.5316255534471853 0.24629278234591326 0.06483238456672986 0.19888959167896553
0 0.4911053130929791 0.17144563918757463 0.04625237191650857 0.2178649237472767
0 0.45829380139152437 0.21642420409023821 0.025695762175838088 0.08152364888607774
0 0.47845509171410505 0.29513669266989945 0.043089816571790014 0.06606226720078712
0 0.9682459677419355 0.055672817381300116 0.06283602150537634 0.1076463560334527
0 0.2868569470799073 0.16441773842153348 0.09421779464473962 0.20380912221519432
0 0.03951986260454001 0.36987591298622746 0.07903972520908001 0.09651539958190689
