7 0.536197916666667 0.2875 0.046354166666667 0.05462962962963
0 0.2156943044354839 0.12600806451612903 0.02940188172043011 0.06720430107526881
0 0.3304096590386913 0.06065108394857498 0.027858193180773864 0.02859214328748379
0 0.35869864902122955 0.06116165793585147 0.02642220384155872 0.0970090575825343
0 0.4923892565021597 0.17680666605397788 0.014647091259994506 0.07811782005330395
0 0.42475415862512633 0.050694891196683294 0.013211101920779322 0.04441993689305518
0 0.45620232515393805 0.42596677184490805 0.025560610238029642 0.11896373903542358
0 0.7620680544067642 0.376441095079088 0.049110835401157994 0.07096978423143299
0 0.7416770057899091 0.28453777736931857 0.038197316423122935 0.05871600853679705
7 0.598796066538002 0.25543506009455835 0.017231872070581744 0.053610268664032124
0 0.6218340170302692 0.1988936540493505 0.012625085462116983 0.024171103790719677
0 0.9869138291517324 0.1444323547818172 0.02550029868578264 0.037238531414158775
0 0.0707885304659498 0.358348525287905 0.1415770609318996 0.45179594875714546
