7 0.202864583333333 0.221296296296296 0.055729166666667 0.066666666666667
7 0.394791666666667 0.084259259259259 0.053125 0.062962962962963
0 0.14938808715336735 0.40410614349493806 0.05394029428409733 0.048732943469785565
0 0.6821590265987549 0.1305728478903352 0.1379456706281834 0.08646167389800664
0 0.6565152801358234 0.22332264352637865 0.051287492925863015 0.02986857825567503
0 0.7900396151669496 0.06690561529271205 0.047750424448217414 0.06288121738036848
0 0.9505340973401245 0.21860655222285105 0.023875212224108707 0.07074136955291455
0 0.6467716575370258 0.3849101688420008 0.03074913775613709 0.045084646423660384
0 0.6955898762426456 0.5505962444489528 0.03455315479813351 0.02705078785419631
0 0.7058924223980524 0.6142783075223733 0.032334144856968984 0.037194833299519905
0 0.6933708663014809 0.614841865602669 0.04152718604179342 0.0281779040147878
