6 0.9234375 0.327314814814815 0.126041666666667 0.149074074074074
10 0.31666836804137743 0.49453291592940435 0.16630937797740575 0.08771531842172918
0 0.307098135293317 0.668451219696626 0.03487818157070914 0.05444399074452156
0 0.2594596433918606 0.6646703870060342 0.060398802232203626 0.08317831919301909
0 0.5031591765462733 0.5827129859387925 0.03274055693410533 0.0301238652493133
0 0.7150537634408602 0.6732377538829152 0.09767025089605737 0.1680605336519316
0 0.6191756272401433 0.6736360015929909 0.10573476702508963 0.08761449621664666
0 0.5692204301075269 0.2268020708880924 0.04435483870967742 0.03185981680605339
0 0.6505376344086021 0.1869772998805257 0.03494623655913978 0.06690561529271206
0 0.6879480286738351 0.2343687773795301 0.04256272401433687 0.05017921146953405
0 0.7379032258064516 0.19573874950219036 0.043010752688172046 0.04938271604938269
0 0.8823924731182796 0.16188769414575865 0.025537634408602152 0.06610911987256077
0 0.6480873536968312 0.34352036878442815 0.03895470549053192 0.05497932988655227
0 0.6512096774193549 0.38396189509520945 0.04222571129508038 0.04599232403971199
0 0.7598962793795795 0.3303041837155454 0.034196878865734116 0.05920850910859473
3 0.6143470105163653 0.48572216314151795 0.05409576982157625 0.054485538356506116
0 0.6184088089330024 0.5382383446899577 0.02898647051872859 0.029540352120997235
0 0.6098236440978376 0.5679428098782937 0.029540352120997253 0.020021794215342593
0 0.9335027441756272 0.4744748108323377 0.13230846774193547 0.0927170450019912
0 0.801019265232975 0.44678414974113906 0.026251680107526883 0.06595977698128233
0 0.8515975022401433 0.5074546993229789 0.033602150537634407 0.029246316208681823
0 0.8097550355898835 0.5081865145472596 0.024136756019990886 0.018510104834502876
0 0.7336769271543238 0.47284904168139064 0.04519725882174762 0.024399683645480987
0 0.7894044373769499 0.44234943712453934 0.034075420263516565 0.034916788665084866
0 0.92788377480549 0.1425435401307418 0.03196302124311562 0.050023797729016724
0 0.9304790628551447 0.6498237025381007 0.0322362094588688 0.028168740468766745
0 0.8049490777165837 0.6163126147390506 0.021035492612990616 0.045652786276966756
0 0.9205076929801557 0.7702693514390342 0.0439833027362532 0.04662412215520002
0 0.9414065914852698 0.7136890365319423 0.02731882157531259 0.05390914124195006
0 0.9770119720651812 0.6684341474830334 0.036373461922181605 0.02648141989678398
0 0.9770119720651812 0.6308674820480608 0.028059527768540017 0.019091256204658257
0 0.8237238111074159 0.8236275850176747 0.03533422015297637 0.022786338050721187
0 0.7935857998004655 0.7638904285063248 0.009699589845915034 0.06712732020347592
0 0.7627549606473784 0.7374090086095407 0.03048442523001885 0.073285789946914
0 0.7672583416472675 0.7916035423517966 0.03256290876842917 0.049883604921849053
0 0.727420740494402 0.8405633768121299 0.08175368584414136 0.061584697434381455
0 0.7852718656468239 0.8587308625552724 0.09491741492074048 0.04126174728103556
0 0.7885627979159737 0.9024559977336832 0.04468739607582304 0.051115298870536695
0 0.7452610575324242 0.9338641934252178 0.05646546946014855 0.05973715651135006
0 0.6851582418800576 0.9551109140400794 0.08591065292096216 0.0812918006133836
0 0.5942245870746038 0.8809013536316498 0.07378616561356836 0.04742021702447377
0 0.5961298636514799 0.9782051755779725 0.09353175922846688 0.037566665434972765
0 0.5769038909211839 0.9785130990651444 0.05369415807560135 0.03571912451194123
0 0.2353138836179633 0.5196781221449153 0.028265338393421886 0.037950664136622375
0 0.0714078642209572 0.7260641413076581 0.111348302761965 0.06910769086607167
0 0.17715580855998314 0.7313350668821889 0.09355892894792324 0.05153793895096866
0 0.44893790849673204 0.8455384543303582 0.06786316677208519 0.0714503244547521
0 0.4097353995361585 0.826797385620915 0.026354627872654458 0.022255019092463746
0 0.4851755218216319 0.9058612692388784 0.0731340923466161 0.03513950383020588
0 0.4993411343031836 0.9175744371822803 0.04348513598987985 0.060908473305690276
0 0.4802340290955091 0.9720406681190994 0.08038161501159605 0.043338721390587275
0 0.4133591608686485 0.9415864314662542 0.06390997259118703 0.06207979010003036
0 0.3458254269449715 0.8613512310539507 0.07247522664979972 0.09370534354721585
0 0.3926048914189332 0.8935624428983062 0.0645688382880034 0.07145032445475197
0 0.23612428842504746 0.7395342844425703 0.021742567994939888 0.04216740459624719
0 0.2817183134366269 0.7852802001900301 0.020637541275082518 0.05315195815576817
0 0.2884652019304039 0.8325525169568857 0.033072982812632296 0.03762970488903941
0 0.2962704258741851 0.8732396353681596 0.03757090847515026 0.05973715651135006
0 0.3438955211243756 0.9746046529130095 0.08096266192532385 0.048918616355751246
0 0.3003714757429515 0.9654324123463063 0.027252137837609002 0.035277848333474436
0 0.38318622470578273 0.9774268807796874 0.02778130556261115 0.022577822933423673
0 0.24163385826771652 0.9158082390238854 0.06852722038777408 0.048918616355751246
0 0.2769558039116078 0.9188656525461198 0.040216747100160856 0.024929679488988644
0 0.23409321818643639 0.9616694418574022 0.05820844975023286 0.04280378931128238
0 0.1903045889425112 0.9666083406240886 0.06058970451274237 0.02822227866677966
0 0.1835577004487342 0.8908785595348968 0.0603251206502413 0.06397049831136697
0 0.20260773854881042 0.8050357952567756 0.047625095250190486 0.06350012700025409
0 0.20988379476758956 0.8104450653345752 0.059002201337736 0.054563072089107094
0 0.15365972398611463 0.8040950526345497 0.04921259842519685 0.04562601717796023
0 0.12508466683600034 0.7514134657898945 0.031750063500127004 0.024929679488988644
0 0.11926382186097706 0.8278488038457558 0.04550842435018202 0.02351856555564958
0 0.10603462873592413 0.8798248337237415 0.08096266192532385 0.09266314828925952
0 0.09121793243586486 0.8746507493014986 0.0703793074252815 0.06726309748915786
0 0.059864744729489446 0.8635970234903432 0.025135466937600548 0.05644455733355918
0 0.036713656760646855 0.7786950018344481 0.04497925662517991 0.04280378931128224
0 0.02110320887308441 0.8309062173679903 0.03968757937515875 0.07667052371141775
0 0.03711053255439844 0.8473692132569451 0.025664634662602652 0.03621859095570048
0 0.018457370248073826 0.8960526439571398 0.0349250698501397 0.0404519327557174
0 0.061584539835746334 0.9421490324462131 0.08519600372534078 0.02822227866677966
0 0.11741173482346966 0.9506157160462468 0.023283379900093132 0.04985935897797715
0 0.12971488442976886 0.9045193275571736 0.037306324612649225 0.03574821964458746
0 0.14995554991109983 0.9546138721907074 0.02434171535009737 0.04374453193350842
