10 0.194270833333333 0.410648148148148 0.366666666666667 0.434259259259259
10 0.623177083333333 0.6375 0.191145833333333 0.250925925925926
10 0.855208333333333 0.5 0.147916666666667 0.175925925925926
10 0.44650183927560844 0.6902156825756147 0.11407045840407468 0.18707162170659622
10 0.6268923316355405 0.5000000000000001 0.15297821165817763 0.12419040432622772
10 0.9244747453310697 0.7316553929626934 0.1503784663271081 0.285671346825846
10 0.8470748443689868 0.1101364522417154 0.12114459535936618 0.07702949129095138
10 0.7829654782116583 0.23354084135068856 0.11495472552348608 0.08488964346349749
10 0.5225488115449916 0.2209645978746149 0.41295274476513866 0.3301263912469346
10 0.23029852857951333 0.0983462239828963 0.09726938313525751 0.11947431302270009
10 0.024954018109790622 0.1731241264199297 0.049908036219581266 0.13697956139799303
8 0.30976282482078854 0.6953778375149343 0.09240591397849462 0.1014287136598965
10 0.42655529953917054 0.10573476702508967 0.13536866359446997 0.1143539853217272
0 0.3531105990783411 0.07330602491892822 0.11712749615975426 0.09045912271718724
