7 0.768489583333333 0.725925925925926 0.077604166666667 0.092592592592593
0 0.11003820033955862 0.07948185876878579 0.08488964346349746 0.07545746085644223
0 0.6648393183822271 0.026378670691064577 0.06970410365749326 0.052757341382129175
0 0.23691642847420713 0.45029717344948045 0.07656186198448343 0.10661948187468803
0 0.15184769293589218 0.42042859519380543 0.06975636314141827 0.11947431302270005
0 0.05869742752143731 0.3724120200232899 0.07826323669524976 0.05973715651135006
0 0.054018647066829996 0.364094188103988 0.04168368041377433 0.037052160367799444
0 0.06380155165373622 0.4302587601893441 0.056145365455287866 0.04234532613462788
0 0.045937117190690074 0.48054383497421466 0.06635361371988567 0.06427415574006015
2 0.04253436776915748 0.6313990593288265 0.07060705049680141 0.10737564841280638
0 0.16630937797740572 0.513058996113304 0.039131618347624866 0.080909819578664
0 0.11930890159248674 0.6903800493020583 0.06167483326527834 0.07410432073559889
0 0.052529944194909486 0.7622158704233021 0.06167483326527834 0.0801536530405456
0 0.1918299986389002 0.8476626892306762 0.0723084252075677 0.06503032227817857
0 0.21501122907309106 0.7032348804500703 0.08634476657138966 0.07410432073559889
0 0.2875323261195046 0.702856797181011 0.05784674016605416 0.07939748650242726
0 0.25775826868109436 0.6499251395127263 0.05869742752143732 0.0552001572826399
0 0.016588403429971418 0.708906129485958 0.032326119504559686 0.0657864888162969
0 0.17268953314277938 0.23857054277634107 0.04423574247992378 0.04007682652027283
0 0.1809837348577651 0.13346339397788967 0.047213148223764816 0.037052160367799396
0 0.05763406832720838 0.15766072319767704 0.03955696202531645 0.047638491901456366
0 0.00978290458690622 0.07259198765936209 0.015312372396896694 0.048394658439574724
0 0.032964135021097046 0.2480226245028205 0.0625255206206615 0.07561665381183554
0 0.05104124132298897 0.30586936466887465 0.05699605281067102 0.04612615882521967
0 0.13185654008438819 0.33611602619360886 0.023819245950728183 0.07637282034995387
0 0.11675683952633727 0.2601212891127142 0.010633591942289376 0.060493323049468396
3 0.6068376068376069 0.7496706797782067 0.23004549214226647 0.37833532457188385
