9 0.590104166666667 0.462037037037037 0.0875 0.103703703703704
0 0.12600806451612903 0.13321385902031063 0.034274193548387094 0.07526881720430108
0 0.19993279569892472 0.14277180406212664 0.07325268817204302 0.0967741935483871
0 0.3219086021505376 0.25806451612903225 0.07258064516129033 0.05734767025089606
0 0.4425403225806452 0.2001194743130227 0.06922043010752688 0.08721624850657109
0 0.7083333333333334 0.0967741935483871 0.06586021505376344 0.08363201911589008
0 0.9153904014994574 0.06451612903225806 0.13051198579461382 0.12903225806451613
0 0.9593413978494624 0.43847072879330945 0.05174731182795699 0.07407407407407407
0 0.8891345820326049 0.43223365578551154 0.028182448838015996 0.05524081139759254
0 0.8755853277835589 0.4209927930011177 0.01987223956526777 0.04303644608882213
0 0.8228335645739393 0.3776351794041701 0.0733466296681698 0.08607289217764419
0 0.8542678344317263 0.4476496961755374 0.047332061510001196 0.039824771007566685
0 0.7484029945658457 0.35547462134350793 0.05094519597641342 0.06487583664135861
0 0.7012515897791652 0.43673000089926906 0.04913862874320731 0.04496345113757531
0 0.7395508151231357 0.4521460412892949 0.018788299225344 0.04881746123508172
0 0.8378280726095502 0.5404671060238178 0.026014568158168598 0.03404375586130703
0 0.606045496589201 0.29091995221027483 0.027098508498092297 0.02826274071504734
0 0.5118595825426945 0.4040691545435378 0.021347248576850084 0.03513950383020588
0 0.4248893105629349 0.39458148850938224 0.02846299810246673 0.024597652681144184
0 0.27682519344789464 0.3550731919740059 0.031089840217063586 0.023448229658660787
0 0.19313385589388005 0.34195334918880294 0.030775801426992256 0.02065677374691544
0 0.1447060353798127 0.41440885908454417 0.027459821944733506 0.036291928418185786
0 0.20739391837206614 0.4058979201192174 0.011200716845878148 0.021197055536285515
0 0.18607642502023355 0.3797227682069861 0.005419701699618452 0.020875888028159997
0 0.26258454734651404 0.39947456995670666 0.0153558214822523 0.021839390552536548
0 0.22392400855590242 0.4030074125460876 0.0142718811423286 0.028262740715047373
0 0.20323881373569197 0.3741023368147891 0.009755463059313244 0.026335735666294133
9 0.05852493708533516 0.36017056864688984 0.02663149164950812 0.02001830244795241
0 0.039400308853809206 0.3514324207529424 0.005183310455273391 0.0184295482854165
0 0.00869471988619723 0.41897363662143383 0.016081963097778335 0.02487111185492007
0 0.0060797665369649815 0.378064144224556 0.011375047069160286 0.02905503721369167
