3 0.16875 0.387962962962963 0.09375 0.140740740740741
3 0.5441028225806451 0.5908378136200717 0.04777805779569892 0.09333930704898447
0 0.8551560633213858 0.3340634541351387 0.028935185185185255 0.03816540554891811
0 0.9200268817204301 0.5340169919022966 0.03173536439665468 0.02986857825567503
0 0.7193473715651134 0.13493959909730519 0.02240143369175622 0.02157175096243202
0 0.9079410350555118 0.575030839914134 0.018849986886965615 0.016512709929966743
0 0.8593135326514555 0.5325348952414255 0.01994273974997819 0.016027041990849974
0 0.7945679255179648 0.45701353070878376 0.022128245476003193 0.01262736641703334
0 0.7671125098347757 0.5152936834027838 0.010927528630125005 0.020398053442900077
0 0.779542573651543 0.5951860593874756 0.013386222571903188 0.012141698477916638
0 0.7147969665180522 0.47983992384726715 0.02813838622257183 0.020398053442900008
0 0.692395532826296 0.4269021184835504 0.023767374770521904 0.029140076347000013
0 0.6716332284290586 0.4584705345261338 0.021581869044496903 0.013598702295266673
0 0.6219129731619898 0.47983992384726715 0.0150253518664219 0.02331206107760001
0 0.5433713611329661 0.5012093131684004 0.016391292945187506 0.020398053442900008
0 0.55327908553715 0.37362631448652955 0.016801075268817203 0.01157071049544166
0 0.5170281168265038 0.3564047918886628 0.009989828538215657 0.01587609114490836
0 0.5589551244793179 0.4626938766723713 0.006962607769059373 0.017490608888458367
0 0.5373861764990797 0.4414360597156296 0.011049355807420285 0.016952436307274988
0 0.5216446284994671 0.4255599685707212 0.006811246730601623 0.010494365333074967
0 0.5017406519422648 0.4952533178339629 0.008173496076721826 0.01587609114490836
0 0.5169524363072749 0.5005005005005004 0.014682020730407797 0.03282852745218342
0 0.5617738845630948 0.30568258284239 0.018152885922630112 0.04154135596478946
0 0.5981762143121987 0.2902333182273857 0.023367012730194033 0.014762630632115251
0 0.6309093437152391 0.3125489226712808 0.025877518230132297 0.014075996649226194
0 0.4200268817204301 0.21302270011947433 0.02661290322580639 0.02867383512544803
0 0.5081989247311828 0.06009557945041816 0.008333333333333318 0.020071684587813617
0 0.4165322580645161 0.30262843488649943 0.01908602150537633 0.012903225806451592
0 0.42526881720430104 0.3121863799283154 0.01881720430107527 0.01672640382317795
0 0.31019325777390294 0.2791339726823598 0.011624527753560007 0.017113888081630016
0 0.3128269398430689 0.32999128160418484 0.01216942749200815 0.017436791630340003
0 0.287216652136007 0.31852820562497985 0.0219776227840744 0.021634537763570043
0 0.17166316035530624 0.29175973542499956 0.02418705521791075 0.03289872387581597
0 0.1960125448028674 0.15251732954709424 0.028732273648122145 0.02683843263553407
0 0.15253946465339738 0.41069295101553166 0.02234185541066118 0.032728335748239676
0 0.11169855296270877 0.3611238211444114 0.020375772134522997 0.026373319098096044
0 0.09060784145504462 0.33776913495513355 0.020018302447952406 0.030504079920689365
0 0.11869465528146743 0.6296647691334598 0.02945129664769133 0.0309227633705812
0 0.20133971501005335 0.7263164029489758 0.013659410787656256 0.03253975192081658
0 0.27646647434216276 0.6012569086264339 0.021308680828743758 0.040796106885800085
0 0.03209961535099222 0.6952336548455091 0.014478975434915642 0.030597080164350046
0 0.0863274761779876 0.7234023953142757 0.010381152198618763 0.03448242367728325
0 0.04996522762531437 0.13905086277097192 0.021398384421976134 0.019615185720144805
0 0.12051302626651697 0.2035432158205389 0.012036591237361583 0.02853117922930152
0 0.0517216286555716 0.22848511136984528 0.020439524690089722 0.019024572137372596
