3 0.886979166666667 0.474074074074074 0.208333333333333 0.246296296296296
3 0.8903019023986765 0.8170664460987042 0.1499172870140612 0.2630732469442146
0 0.7478158602150538 0.2581793952761695 0.0316635649296939 0.0551419906258616
0 0.5672043010752689 0.22831081702049447 0.029724979321753473 0.043654075912140405
0 0.7959574028122415 0.2788576417608676 0.02843258891645993 0.025273412370186606
0 0.8705929487179487 0.28460159911772814 0.026494003308519427 0.020678246484698112
0 0.9484594706368901 0.1519161841742487 0.020678246484698064 0.014934289127837515
0 0.3872389371381306 0.39029041448396284 0.036833126550868456 0.04595165885488465
0 0.522387190005594 0.3542793212754056 0.019228976319224312 0.02140869192892314
0 0.49713701908136 0.38293934434154464 0.013402013798247221 0.026933515652516216
10 0.036836357526881726 0.478899179227836 0.07367271505376347 0.12020875272090477
