3 0.4609375 0.764351851851852 0.235416666666667 0.278703703703704
10 0.4735059966914805 0.6866786140979689 0.17059553349875928 0.23205587721716747
3 0.6334393093465673 0.6843810311552248 0.08077440033085197 0.15623564010660793
3 0.5457452725250278 0.6982655625592223 0.10544123099740459 0.10299509743336209
3 0.5857202447163515 0.6163844600996994 0.0903781979977753 0.07930622502368884
10 0.432193177604746 0.622564165945701 0.17032814238042268 0.17612161661104936
0 0.315744345569151 0.584455979895357 0.09617167222840198 0.26057759650640633
0 0.9475619772998805 0.251808708349927 0.10220654121863794 0.1269414575866189
0 0.8791909348864992 0.12237820257533519 0.15774342891278387 0.09873224478959246
0 0.142889644937276 0.34224412584627645 0.03447720654121862 0.0329798884906412
3 0.161820882852292 0.8116917143515898 0.1279239766081871 0.19597979416881503
