3 0.459895833333333 0.789351851851852 0.213541666666667 0.252777777777778
0 0.3965407470288625 0.44576495000943217 0.27765987549518956 0.2735332956046029
10 0.7051499717034522 0.48034961956863487 0.17508488964346355 0.10060994780858945
0 0.9328487549518959 0.16122744136326483 0.13175580079230342 0.229516443438345
0 0.89526740237691 0.8741432434131925 0.1980758347481607 0.14934289127837516
0 0.6927702320316922 0.566025278249387 0.24759479343520083 0.2248003521348173
0 0.5564631998516871 0.34859720677295764 0.09790971449758995 0.09166563671569236
0 0.23706317204301075 0.4141776184786938 0.15064964157706096 0.13739545997610514
0 0.30111260454002386 0.3589539360148679 0.06608422939068102 0.06106464887826892
0 0.061452581613871925 0.825556739535234 0.12290516322774385 0.14423025175713344
0 0.03511576092221253 0.46686471417654213 0.07023152184442506 0.08449309524578345
