10 0.51484375 0.429166666666667 0.416145833333333 0.493518518518519
10 0.40140421618562544 0.4866377413066717 0.4677773061686474 0.43702446079356094
3 0.2873337577815507 0.6163302521536818 0.2979980192416525 0.21851223039678055
3 0.47037705149971704 0.7939696912532226 0.08046830786644027 0.19021568257561466
0 0.33950551782682514 0.8709991825441742 0.2290251839275608 0.22480035213481744
0 0.2651145367083398 0.05074514242595737 0.307065776611617 0.10149028485191473
0 0.05148203169213359 0.3291487764228757 0.10296406338426718 0.11890247015695059
10 0.11205432937181665 0.915762749166824 0.2241086587436334 0.1634125636672327
10 0.05148203169213359 0.8468393941549333 0.10296406338426718 0.12303174058302221
10 0.24223613469156768 0.3034961956863485 0.1529782116581777 0.19650380431365153
