10 0.589322916666667 0.746296296296296 0.213020833333333 0.281481481481481
0 0.17302522746071133 0.26105137395459976 0.16154880066170388 0.1160279386085837
3 0.4153484284532671 0.07437275985663082 0.09951406120760961 0.05973715651135005
10 0.13683829611248963 0.2972383053028214 0.13440860215053763 0.13555739362190974
10 0.3339278329197684 0.44715559231688257 0.20161290322580644 0.1757650951199338
10 0.36042183622828783 0.3259580920871243 0.08400537634408599 0.07582023711055964
0 0.48772229114971044 0.3862696443341605 0.13311621174524402 0.23320466868853962
0 0.5672043010752689 0.26622093557577425 0.1563792390405294 0.30098336549949445
0 0.1920879859387924 0.4988512085286279 0.10662220843672456 0.1114327727230953
0 0.03603184449958643 0.32480930061575225 0.025847808105872627 0.13096222773642124
10 0.8102232828615317 0.41648989344841875 0.2777320605661619 0.22919562090069007
0 0.6017839687194526 0.4954744578400493 0.13949983708048228 0.1149487708627494
10 0.4732302867383512 0.6036349154628725 0.13084473769957644 0.1936932044458926
10 0.9182105492589362 0.6751751751751751 0.160745422842197 0.1291614194840001
0 0.8547991777356104 0.5480239885679481 0.2681583386042589 0.18858200388877172
0 0.7519681259600614 0.6736644478579963 0.15408986175115202 0.166410650281618
10 0.5527367084826762 0.7173768750829683 0.2809513142174433 0.39326961369972124
