3 0.644791666666667 0.355092592592593 0.126041666666667 0.149074074074074
3 0.17370543293718174 0.16908759353581088 0.17862195812110923 0.1131861912846633
0 0.1713281624546264 0.40883805523213784 0.033602150537634407 0.08865450616015651
0 0.43725848454301075 0.4134931302270012 0.1743111559139785 0.3173536439665472
3 0.27449806787634407 0.5269003882915173 0.14910954301075266 0.234281660692951
10 0.38449260752688175 0.5339008363201911 0.16013524865591394 0.17174432497013142
10 0.4104817708333333 0.4578293010752688 0.10080645161290322 0.20627986857825567
10 0.5361734455352968 0.5064671965092723 0.08083995636590306 0.31686665627759597
10 0.47724793517219877 0.5640399632919502 0.03603708898239054 0.11514553356535595
10 0.5909595605423095 0.482658909493879 0.047237805828268725 0.08744134503835298
3 0.5877523787421676 0.43360150589206053 0.01909762512570581 0.08939085290907062
3 0.532272569041541 0.3287391592102662 0.02562466156107368 0.05157164590907919
