10 0.769010416666667 0.606481481481482 0.190104166666667 0.225925925925926
0 0.2517878880097383 0.3806834832397826 0.05230523432744979 0.1268005680665449
3 0.33515926151349157 0.7368521899867 0.10365946439440055 0.15272423976014976
0 0.4215421485088253 0.7799643831293253 0.11729052546155411 0.1217285453438831
0 0.4805807571684588 0.6493428912783752 0.16311043906810038 0.24019315013938658
10 0.5012320788530467 0.8714904420549582 0.16381048387096775 0.246415770609319
3 0.6062668010752689 0.9080047789725209 0.09366599462365591 0.17473118279569894
0 0.6590501792114695 0.4982078853046595 0.04032258064516129 0.03743528474711275
0 0.7893735968332743 0.41613822258983546 0.04264888337468974 0.04266939750810719
0 0.7331546142030013 0.4254926674281513 0.026955571310410015 0.06794280987829374
0 0.7893738140417457 0.7463279218497434 0.11385199240986722 0.14477475578044846
0 0.9164898132427846 0.6344086021505376 0.1644736842105263 0.16034710431993965
0 0.24841466776950644 0.8574017910935473 0.1016680452164323 0.13734440257737754
10 0.1190109108159393 0.8065921709185467 0.2342267552182163 0.3759926909832032
0 0.03899826059456041 0.7838056496054041 0.0779965211891208 0.15823607958890912
