10 0.45390625 0.545833333333333 0.236979166666667 0.280555555555556
0 0.7356571873231466 0.19266805005344903 0.24317345783814376 0.1634911651889581
0 0.8846561969439729 0.3600892913286801 0.2086870401810978 0.18078349996855944
10 0.5367334351503759 0.7799629000817455 0.626872688273102 0.43887945670628187
3 0.532717883418223 0.5966798717223165 0.3165676287492927 0.1351946173677922
0 0.962940365025467 0.429938795615083 0.07344722693831345 0.14798256094237994
0 0.7670486700622525 0.48192165000314413 0.19277023203169222 0.16349116518895795
0 0.9346438172043011 0.5791808518674667 0.13004032258064516 0.15050155156238737
0 0.8718608517260894 0.7549719800033522 0.2556062535370685 0.2462026789922265
0 0.5359648017473119 0.4223603643966547 0.08400537634408602 0.21001344086021506
10 0.6071068548387096 0.5002986857825568 0.11183215725806452 0.11387395459976105
0 0.8903019023986767 0.8990135710565819 0.18696581196581194 0.1562356401066078
