3 0.217447916666667 0.309259259259259 0.175520833333333 0.207407407407407
10 0.4802910463192721 0.4862145023435346 0.25136993382961126 0.41011855527984553
10 0.6150227460711332 0.2466914805624483 0.10080645161290322 0.16542597187758476
0 0.7617090570719601 0.5804154029960481 0.1253618693134823 0.20103850749012034
0 0.6392550661703886 0.4517507582023711 0.14410153019023994 0.10454002389486261
0 0.3500827129859388 0.46840823453726677 0.12794665012406942 0.10568881536623471
0 0.2155455022292158 0.6420578721916251 0.1507998950957251 0.11656030538800005
0 0.706507704682076 0.8563062681680919 0.03254381508763026 0.0239889368667626
0 0.20918138760880692 0.4010923365762076 0.04240271377368154 0.1052511805199977
0 0.17251525719267655 0.24006264328844976 0.04686137750653881 0.05650812102425005
0 0.011168714797747085 0.13825833001460247 0.021334698754053593 0.020860594337296857
