10 0.501302083333333 0.771296296296296 0.2078125 0.246296296296296
10 0.46507144878324846 0.5589511412940955 0.28738681380871534 0.38357542602024763
3 0.5218046309534446 0.8656385587624976 0.308889397730319 0.2675281393447777
0 0.8820033955857386 0.9173740803621958 0.23344651952461806 0.1634911651889581
0 0.7913660158460669 0.8639250455888827 0.09638511601584608 0.12261837389171856
0 0.03741039426523296 0.6085225009956192 0.06720430107526884 0.278773397052967
0 0.11247954651706406 0.8804997143005558 0.17969845722300143 0.20128824476650553
0 0.1906410705937354 0.6980416601734974 0.09204067321178121 0.12726611604591967
0 0.01861997428705003 0.8226881007454668 0.03723994857410006 0.11423496207479936
0 0.2418501450759516 0.6024065540194573 0.13067502986857826 0.2721359352183724
0 0.2810526540365251 0.48577686749729765 0.11840757808499741 0.4124708425783695
