10 0.3890625 0.287037037037037 0.188541666666667 0.224074074074074
10 0.8049398456695738 0.8758567565868075 0.3893421535957705 0.2470917436961579
0 0.37669517616044723 0.9261617304911024 0.1689958984442673 0.14648179588756832
0 0.04706069609507643 0.5978854761537274 0.09412139219015286 0.2099192262180378
10 0.8302737691001697 0.6587750738854304 0.10522778720996037 0.15563101301641205
0 0.6783773735987189 0.6919215028343374 0.17301532830016025 0.32918986247743964
10 0.5807881491649508 0.7446681410305296 0.0965168153740563 0.3380868857876408
10 0.45710363761153044 0.7548361676707593 0.2037577213452299 0.31520882584712373
10 0.30803877831159915 0.4949159866798852 0.185884237016701 0.2859757492564631
10 0.5164436055822466 0.4548793817839803 0.19374857012125374 0.23640661938534277
0 0.23436137750653876 0.6251251251251251 0.22068439407149085 0.30030030030030036
