3 0.15859375 0.657407407407407 0.1421875 0.168518518518519
10 0.5495189586870403 0.3655913978494624 0.3430956423316356 0.4496007042696346
10 0.5353706847764573 0.7161541847450167 0.16624221844934925 0.29554172168773185
10 0.3731076683644596 0.5723133999874238 0.2997665534804753 0.36942715210966487
3 0.7728229343520091 0.6073023408296291 0.4536820882852292 0.6295756616721886
3 0.9328487549518959 0.8741432434131925 0.13175580079230342 0.18392756083757777
0 0.9664509054895303 0.8458466955920265 0.059245897000565914 0.297113752122241
3 0.2495589717741936 0.45580694942254085 0.09310595878136198 0.04666965352449223
3 0.2549843189964158 0.5086992234169654 0.03885248655913978 0.060359418558343265
3 0.23007841928635023 0.4263406615985206 0.02482706663927127 0.03462472129001818
0 0.0330670844462708 0.4194918156290665 0.03445825628381617 0.03842963571749274
