3 0.93515625 0.406018518518519 0.111979166666667 0.132407407407407
10 0.8676925384930626 0.10969628372005281 0.2578808325039518 0.21939256744010563
0 0.5639733250620347 0.11400606561896885 0.12148469809760129 0.1114327727230953
0 0.37792763564454335 0.2801466650187451 0.07454270176739591 0.10574163336491846
3 0.45304968483500185 0.34125708949587336 0.064114448152268 0.04531784287067934
3 0.4827895192188852 0.3872615663494418 0.09115066122852557 0.0727832021862426
0 0.5810854653318502 0.3381672365728725 0.04209924607588678 0.0432579409220121
0 0.26321684587813615 0.12943050577459178 0.032423127711752465 0.08488964346349745
4 0.09305732408979438 0.38579722903435415 0.11689421807206186 0.10295751325745667
10 0.6483910115878484 0.3964111308301725 0.053828687754462916 0.0434979294985559
0 0.5661799248355778 0.40018095138671395 0.04273671573233112 0.07539641113083013
0 0.6121321997165958 0.539255184166412 0.1474326915062099 0.2486732794309689
0 0.6435202550637659 0.5248997434543821 0.12893848462115523 0.1940299889787262
0 0.7398985162957407 0.543191353393904 0.10184837876135708 0.21301621701721718
4 0.8314927059790426 0.4440335136862772 0.09802410793781242 0.07457632277850075
3 0.8317067324155879 0.37725726548409927 0.04152112868981569 0.04680044745793668
3 0.7681408807615917 0.44232130219391363 0.059071296486542045 0.06658600248080422
3 0.8505410588315868 0.4778972520908005 0.034672282720361575 0.08979598048839879
3 0.843157146770769 0.4598239085602965 0.09952229299363057 0.051366344770906125
3 0.7104464582640504 0.38298907487467515 0.04919077707571212 0.061584697434381525
3 0.9874043897572331 0.4892226779489832 0.023902560691719376 0.06466393230610062
0 0.9839211977607802 0.3410824478333624 0.03148556146768659 0.04797799842695093
3 0.4642316525733374 0.547783925485147 0.11091972022131744 0.08525594181716951
3 0.5188759265058983 0.6707380728677316 0.10667867209520826 0.1351335676421802
3 0.28359640658027746 0.4132024221629957 0.10023205587721716 0.09037159574793982
3 0.33816400147045306 0.46808912579521905 0.09563688999172867 0.07045921024415652
3 0.3733691185535237 0.4092185466748853 0.08111601945072254 0.05441027631288573
3 0.3868527840558865 0.4706679146785988 0.07383912060817752 0.07838123720597524
3 0.23679633143580014 0.3768360390751282 0.0644370651486401 0.0425187996345492
0 0.04162428557589848 0.6016769457629673 0.08203768284413444 0.13454314529583347
