10 0.676822916666667 0.260185185185185 0.3171875 0.375925925925926
3 0.39163885799035963 0.3453768933932078 0.11123470522803115 0.13870006454359438
10 0.3379526634532196 0.40511404990455785 0.10196514645902854 0.18813771131160817
10 0.3997497219132369 0.5551435751658221 0.26340996168582376 0.23002238426784224
10 0.4988181312569522 0.3731855697002156 0.10544123099740459 0.1956906851233881
10 0.6573133009279717 0.3608778907055531 0.22370746796288105 0.29459419649432905
10 0.6649083075563411 0.54909084957693 0.2655950802769185 0.17675651789659744
10 0.6444248048313448 0.7356671740233385 0.07548976285167182 0.20948920639596735
10 0.8944434261974585 0.6862984685565331 0.2096315982404694 0.2728901922450309
10 0.8373579545454545 0.751466275659824 0.17564760508308905 0.1316932768545672
10 0.7586983748778103 0.6313131313131313 0.08476906158357762 0.10589768654284788
10 0.8417491446725317 0.47891549907678943 0.3096743646138807 0.2355544694254372
10 0.890434078690127 0.17751439122406862 0.1473912512218965 0.27764201151297924
10 0.7838999877810363 0.11743781905072226 0.056512707722385085 0.06516780710329098
10 0.9058987047898338 0.33500325839035516 0.18290261485825976 0.1595253611382644
10 0.8900369623655914 0.06765232974910397 0.16213037634408603 0.12544802867383512
10 0.32890905017921146 0.7263042612504979 0.17753136200716846 0.2479091995221028
10 0.22295849311978336 0.41102087876281423 0.046526054590570715 0.06850974592910075
10 0.2666647868260771 0.4452757517273646 0.049345815474847746 0.08104201652588751
10 0.11722129526634534 0.7528941622378775 0.08844703992089978 0.2712204232411871
10 0.05021010999876407 0.8953707136873619 0.0710666172290199 0.1675386918249358
