10 0.55078125 0.241203703703704 0.228645833333333 0.271296296296296
0 0.8311580362195813 0.3553732000251525 0.10169071873231462 0.38514745645475695
10 0.7276987832484436 0.6265484499779916 0.1618208828522921 0.2861095390806765
10 0.948323429541596 0.8285543608124253 0.09903791737408042 0.29711375212224117
0 0.6540832406377457 0.5195690685123389 0.08342602892102338 0.07930622502368884
0 0.5961484983314794 0.63080377374037 0.14367816091954028 0.10196514645902857
0 0.5584909158324064 0.7229843859432291 0.05098257322951433 0.24924813578873642
0 0.4017774378939563 0.6998104890207226 0.09443362995921395 0.2337988711737321
0 0.8462255870089973 0.6091117450564456 0.10972130787798987 0.10484480530563493
0 0.14565004887585534 0.6947276140824529 0.14051808406647118 0.18076308398889043
0 0.1639784946236559 0.5256016385048643 0.16931992738444357 0.13421465034368257
