10 0.7390625 0.303240740740741 0.513541666666667 0.606481481481482
0 0.7113398415393322 0.5864616738980067 0.18215902659875496 0.21222410865874367
10 0.6211445953593662 0.5188643652141105 0.12556593095642332 0.14934289127837516
0 0.7995408811427088 0.42269409335764746 0.17730476855781926 0.22739158230103337
0 0.48331860362350865 0.6706109556308408 0.07180733539549265 0.18412137280895574
0 0.6699716453085874 0.6472889150750397 0.04096700544999273 0.07364854912358221
0 0.8727560597776562 0.7222424721057854 0.1133360670676144 0.18933641131563486
0 0.9701453435392747 0.5885932405888666 0.0563832695462001 0.13263673733876027
0 0.9926416985602333 0.47671263390235513 0.013668671405139412 0.05467468562055772
0 0.788240871532202 0.8380961606768058 0.23905153214629024 0.3226129355161614
