10 0.718489583333333 0.503240740740741 0.125520833333333 0.149074074074074
0 0.6879067628749292 0.474061497830598 0.0857739105829089 0.34899075646104516
10 0.8921724674589699 0.584103628246243 0.16005234861346915 0.1351946173677922
10 0.8634337860780984 0.7971137521222411 0.11849179400113198 0.22165629126579886
0 0.49204159592529717 0.3993900521914105 0.30949349179400104 0.31597811733635167
10 0.4111311544991511 0.5424448217317488 0.4023415393322015 0.32855436081242534
0 0.13656621392190157 0.3435829717663334 0.27058573853989815 0.207508017355216
10 0.19481028829188723 0.05310318807772119 0.23545016478577857 0.10620637615544241
10 0.21476827148516456 0.5387730077882882 0.13671780257094357 0.1884864490976549
0 0.3713391341256367 0.7397346412626549 0.34397990945104695 0.28610953908067666
10 0.49011054772939333 0.886860969628372 0.4106249713210664 0.2250833176130289
0 0.6813125695216908 0.7420384789684011 0.1541064145346682 0.1987805380463891
0 0.9367799539170506 0.9608294930875575 0.043682795698924734 0.06827103601297146
10 0.08405986631793079 0.8931350705544254 0.16165358907294394 0.12593238399689988
10 0.0397595175820982 0.6296619199845007 0.0795190351641964 0.12208983176725116
10 0.12311101424004645 0.9528722270657755 0.11442894507410638 0.0839549226646
10 0.13800883256528415 0.6139272913466463 0.11280721966205838 0.09131251066734933
0 0.2702572964669739 0.4018603857313535 0.10560675883256526 0.09899300221880863
