3 0.598697916666667 0.242592592592593 0.146354166666667 0.174074074074074
0 0.7073606395019808 0.396245991322392 0.110533389926429 0.10847009998113563
0 0.5082856948414318 0.48092191824327385 0.052742616033755296 0.08166598611678234
0 0.5729379338505513 0.6245935604857613 0.1293044780182387 0.09527698380291269
0 0.685110513739546 0.7986857825567503 0.051523297491039476 0.27213593521837254
0 0.9099672379032258 0.7589715799614644 0.1793934811827957 0.2285913080710768
10 0.32227517106549364 0.3588030846095362 0.2504887585532747 0.2647442163571196
10 0.21774193548387105 0.4923195084485408 0.3590629800307219 0.30039255845707463
0 0.32046850998463905 0.6979860044376174 0.4320276497695853 0.40109233657620746
0 0.3667706431324812 0.9271770248641823 0.12236254818421584 0.13412682311038973
0 0.02831914575866187 0.7309745333094769 0.056638291517323726 0.1284166094305828
10 0.06006959787892178 0.5184039541087707 0.11277434084548535 0.22340059900819959
