10 0.601041666666667 0.455092592592593 0.316666666666667 0.375
3 0.8002086870401812 0.35930327611142554 0.21841397849462366 0.1792114695340503
3 0.3452532541029994 0.607684084763881 0.09550084889643459 0.14462679997484743
0 0.1555779569892473 0.4925328554360812 0.04781844499586436 0.12866464479367704
0 0.34950831725025266 0.2896435172420836 0.057439573568605816 0.06280060043500904
0 0.368032579726128 0.338403333026989 0.06576831173605371 0.0735226541678155
3 0.7561645426788796 0.5899744826467248 0.03899508827824241 0.1032494063159136
0 0.8482593256338775 0.5663746183459445 0.1377273330678349 0.14307417732348035
0 0.9496807795698925 0.6971326164874552 0.06468413978494623 0.1448626045400239
0 0.8587216248506572 0.13162086818000798 0.12320788530465945 0.11084561263772731
