10 0.66953125 0.20462962962963 0.1046875 0.362962962962963
0 0.8320423033389927 0.13686096962837202 0.12821873231465752 0.24680877821794628
3 0.7935766836445953 0.1502232283217003 0.2405206564799095 0.1729233477960133
10 0.422184493491794 0.14707916745268187 0.11318619128466328 0.289253599949695
3 0.21903280897075691 0.26454128151921025 0.4292943141467715 0.5290825630384205
3 0.9142791454442558 0.715368169527762 0.16005234861346915 0.14305476954033824
10 0.07889431239388799 0.3116655997476505 0.15778862478777592 0.34489316893502947
10 0.14717741935483875 0.6273344651952462 0.1450198075834748 0.38514745645475695
10 0.36470713073005095 0.6689932717097404 0.21399264289756648 0.20750801735521593
10 0.4137839558573854 0.573885430421933 0.21841397849462363 0.2908256303842042
10 0.49734719864176563 0.44733698044394143 0.0866581777023203 0.4338803999245425
10 0.6096491228070176 0.5330126391246934 0.18569609507640064 0.39457963906181226
10 0.8170097623089984 0.5400867760799849 0.36343378607809845 0.42444821731748733
0 0.8988044708545557 0.8057599195120417 0.19630730050933776 0.3867194868892662
