10 0.74140625 0.178240740740741 0.113020833333333 0.134259259259259
10 0.7957873514431238 0.7593850216940201 0.34751697792869274 0.28453750864616734
10 0.448712507074137 0.5620952021631139 0.26881720430107525 0.23894862604540024
10 0.8050833258868734 0.058605294598503443 0.13619947576921945 0.11721058919700689
10 0.7055921052631579 0.036251021819782445 0.08400537634408602 0.05502106520782243
10 0.8640761310610672 0.12088320822343951 0.03106613917630356 0.080588805482293
0 0.9189173767498479 0.10933026757737653 0.017752079529316234 0.04846599490543496
10 0.8588456076283222 0.2882599580712788 0.1144375126800568 0.07382610851874397
10 0.7536011361330899 0.2961497711954194 0.06498529113410421 0.05466513378868823
10 0.733630046662609 0.347715335542481 0.06942331101643343 0.05072022722661795
10 0.8623326232501521 0.42633168774373886 0.20953793872996537 0.19330042154144406
0 0.9108338405356056 0.5074840513063276 0.04659920876445519 0.05353801762809681
0 0.9344504463379996 0.5753927999819661 0.07861635220125777 0.07438966659903974
0 0.8391915195780077 0.5810283807849237 0.0897114019070805 0.08002524740199718
10 0.7150027221995372 0.434417676148995 0.09272492173676326 0.15047714108555266
10 0.7645552606506056 0.4291245103821666 0.03955696202531632 0.11720581340834504
10 0.5708112154620933 0.43706425903240925 0.05274261603375522 0.10586331533656976
0 0.597182523478971 0.5561604887860502 0.042534367769157505 0.1489648080093159
10 0.6620474343269361 0.30473511486169713 0.0582720838437458 0.042345326134627916
10 0.6392915475704369 0.38488876790224275 0.047638491901456366 0.11493731379399003
10 0.6373775010208248 0.24235137546693283 0.07613651830679191 0.08847148495984758
10 0.5903770246359058 0.13724422666848146 0.02722199537226078 0.1565264733904995
10 0.5395484551517625 0.1519894741617894 0.08209132979447391 0.09073998457420261
10 0.5333809718252347 0.2729761202607262 0.059548114876820414 0.08317831919301905
10 0.4989281339322172 0.3402749421532598 0.09272492173676333 0.06200565612570514
0 0.4015244317408466 0.3259077779290111 0.028923370083027117 0.045369992287101264
10 0.38918946508779095 0.22495954509021066 0.05614536545528789 0.11720581340834504
10 0.46213590581189595 0.15387989050708528 0.07103239417449297 0.080909819578664
10 0.4863804954403158 0.05293165766828486 0.0327514631822512 0.08015365304054564
10 0.45107697019191506 0.10850989821998397 0.054869334422213124 0.03100282806285257
10 0.2691407805655117 0.23007655205982566 0.021571750962431944 0.14602416036107793
10 0.3311595645825036 0.2145891411124386 0.0452177087481747 0.1253742790978952
10 0.321410792512943 0.31562606015015415 0.07881985928580906 0.07079959290234082
10 0.37409564582503646 0.3993318288419842 0.045632550112836796 0.09366196144372167
10 0.2944461038099031 0.41703172706756936 0.04563255011283684 0.10398690207531304
10 0.18223151466879062 0.26142012183429947 0.03692088145493166 0.11726182574450197
10 0.2127223549714589 0.23634526601472045 0.05973715651135004 0.21608625750401936
10 0.30295035178547725 0.6283242621354928 0.12320788530465952 0.07522456745873715
10 0.5335274790919953 0.7455860878799947 0.16502389486260452 0.301340767290588
10 0.529047192353644 0.6274392672242135 0.17099761051373955 0.23496614894464352
10 0.37447729988052564 0.8418292844816142 0.32332735961768216 0.19646887030399576
10 0.4609764207299204 0.9657506969334926 0.14286197335497397 0.06730386300278778
10 0.08351018675721567 0.6488555618436773 0.10611205432937182 0.09196378041878889
10 0.1347976796830787 0.49361755643589256 0.09107951329937748 0.14934289127837516
10 0.08682618845500854 0.3706061749355467 0.1251237973967176 0.11868829780544547
10 0.02050615449915115 0.3835754260202478 0.03934988681380871 0.13676664780230144
10 0.02625389077532546 0.22676539017795386 0.04907682512733447 0.08253159781173362
10 0.030937842288764485 0.9284735399536158 0.04865562472038376 0.1418581769625413
0 0.8921946333627668 0.9144177384215335 0.17228372505182202 0.169969780026706
0 0.15062482366218377 0.04785372930534223 0.07471041411956487 0.09570745861068446
