10 0.367447916666667 0.601388888888889 0.288020833333333 0.341666666666667
0 0.5082856948414318 0.3898038504000121 0.18034571934122773 0.13837847647565898
0 0.5284895195317817 0.29755153274957274 0.10420920103443582 0.05520015728263997
10 0.6548165918061793 0.4400889251848827 0.18587518715121815 0.2722199537226079
0 0.4942493534776099 0.6843307169971113 0.25095276983802906 0.2162636299018495
0 0.39556962025316456 0.636314141826596 0.15652647339049955 0.15803880646673632
10 0.9243764934289127 0.37476729374877515 0.15057497013142182 0.3983464818291579
10 0.8588760922529107 0.8546561794769679 0.28097840091831244 0.2894928979158371
10 0.48757406188281766 0.8943871455392193 0.16869651086240947 0.20725135932509206
0 0.636404366243076 0.666992505702183 0.20263115021179545 0.2661018790051048
0 0.6209498017369923 0.9034366434745941 0.15869074019036322 0.19193196992058484
10 0.7833390225863345 0.5370591619098191 0.11574074074074071 0.25222354971458927
0 0.8792242703533025 0.640334907359997 0.09973971667520048 0.10145834518594371
