3 0.53671875 0.601851851851852 0.306770833333333 0.362962962962963
10 0.4630726366487456 0.5283004778972521 0.06860439068100362 0.07716049382716048
10 0.4285954301075269 0.5024766029470331 0.04655297939068103 0.08524990043807243
3 0.3839675739247312 0.5802593588211868 0.08680555555555552 0.23708183990442055
10 0.29745370370370366 0.6392705429443781 0.09847296893667865 0.19331607593256345
0 0.2873018512360049 0.48583551959009225 0.05646546946014855 0.22293660471246102
0 0.24486614566012638 0.6247090123046226 0.03464139230683961 0.14595573291948424
3 0.31478814644137226 0.09719140543513304 0.028001792114695355 0.07680491551459293
10 0.1378434886499402 0.3249369441125713 0.13814217443249702 0.16261781494756408
10 0.12865890083632014 0.5794311791402852 0.25731780167264034 0.37623923336353865
