3 0.811458333333333 0.415740740740741 0.173958333333333 0.205555555555556
10 0.39875141482739107 0.22175061309186947 0.13882993774759475 0.27196126517009367
0 0.5884267119411432 0.5031440608690184 0.3484012450481042 0.3788593347167202
0 0.4805461233729485 0.3325787587247689 0.1803904923599321 0.18549959127208704
0 0.21349745331069614 0.5015720304345093 0.10611205432937182 0.20908004778972522
0 0.848101456927133 0.053889203294975783 0.1367767126313028 0.10777840658995154
3 0.9430443548387096 0.23048702222875028 0.11323924731182795 0.1290869791239157
0 0.8165676287492927 0.26969754134440044 0.14148273910582898 0.08803370433251584
0 0.8820033955857386 0.599823932591335 0.23344651952461806 0.30182984342576863
10 0.12226642677951505 0.09947808589574293 0.23551808022704812 0.19895617179148586
0 0.6021328522920203 0.3954599761051374 0.19011743067345788 0.1414827391058291
3 0.3912351443123939 0.5872476891152613 0.245826259196378 0.21379613909325282
