10 0.51875 0.296759259259259 0.202083333333333 0.239814814814815
10 0.817451895868704 0.14629315223542727 0.2299094510469723 0.17135131736150414
0 0.7730872997287433 0.042884990253411324 0.21960072595281313 0.08576998050682262
10 0.08970005659309568 0.3758095956737722 0.1662422184493492 0.27196126517009367
10 0.3801818053197511 0.44576495000943217 0.47661997736276174 0.3301263912469346
10 0.6910016977928694 0.45519713261648753 0.4421335597057159 0.24209268691441868
10 0.8528225806451613 0.30113815003458466 0.19100169779286935 0.12261837389171854
10 0.6613787492925863 0.21389046091932343 0.14767260894170908 0.16191913475444886
10 0.02249575551782687 0.6886436521411053 0.03537068477645727 0.12419040432622772
10 0.1626520939445388 0.8804313651512293 0.31568336162988114 0.21222410865874353
10 0.1897393798453577 0.8711406652832798 0.13994848238454657 0.25652392630321325
10 0.5097269383135257 0.6611331195371943 0.29711375212224106 0.2829654782116581
10 0.4845253254102999 0.8081179651638055 0.2750070741369553 0.24995283908696472
10 0.6795062252405207 0.9102999434069043 0.143251273344652 0.17763943909954102
10 0.8678551216751557 0.7978997673394957 0.11495472552348608 0.21065207822423437
0 0.9549554329371817 0.8678551216751557 0.061014431239388864 0.12733446519524616
