10 0.1015625 0.513425925925926 0.221875 0.263888888888889
10 0.843979909451047 0.47720555869961645 0.22814091680814935 0.19493177387914226
0 0.8994676711941143 0.04838709677419357 0.07560483870967742 0.09677419354838714
10 0.4469439728353141 0.46227126957177894 0.1397142048670062 0.11790228258819097
0 0.2625742784380306 0.643840784757593 0.19188596491228066 0.1572030434509212
0 0.21393958687040188 0.7562409608250016 0.24317345783814376 0.25309689995598317
10 0.9133948783248443 0.74916682386971 0.16358941709111488 0.10060994780858958
10 0.7666065365025467 0.6603471043199396 0.09992218449349168 0.07388543042193299
10 0.5769312393887945 0.7460227630006917 0.13971420486700625 0.1289064956297553
10 0.4924837294850028 0.9063698673206313 0.22195104697226933 0.18549959127208707
10 0.40847835314091685 0.6399107086713199 0.14413554046406338 0.19021568257561466
10 0.41024688737973963 0.7161541847450167 0.1512096774193548 0.1320505564987739
10 0.16309698366149994 0.94109601961894 0.13970869255249543 0.11661321763189329
10 0.12241794001131868 0.7931836760359681 0.23698358800226374 0.22322832170030815
