3 0.614583333333333 0.475462962962963 0.141666666666667 0.167592592592593
3 0.4877492159498209 0.442739446435683 0.17396113351254477 0.14125348466746313
0 0.7644489247311828 0.7202807646356033 0.2923387096774194 0.24492234169653523
0 0.5546900456174649 0.5425400963035372 0.06873167155425218 0.14029180695847365
10 0.5124327956989247 0.6493428912783752 0.1909213098729228 0.2959704572607798
3 0.2670791620318873 0.8414287479915957 0.22362810530218766 0.12977382276603636
3 0.7202906943491192 0.6167543658964386 0.046828528940745816 0.04003660489590489
0 0.6417686094228872 0.5830865929042648 0.07710638408394369 0.11803138653691864
0 0.5670362903225806 0.8927718040621266 0.2973790322580645 0.18966547192353644
10 0.7992446094863324 0.8889635603345281 0.17738443694131362 0.22087813620071683
0 0.22783276311502118 0.7362333007494298 0.15324617139133268 0.19459831287788276
