3 0.275 0.339814814814815 0.139583333333333 0.164814814814815
10 0.5168010752688172 0.5974658869395711 0.2546689303904923 0.3662830912406464
0 0.6037753504831904 0.4317710932655808 0.0922995780590717 0.10435098226033301
0 0.3706870151082074 0.6544621387414363 0.0684803321083435 0.17618680338157677
0 0.35620884387763607 0.5211951135932131 0.07892598149537382 0.10511887231067027
0 0.21798195084485403 0.16006713318541269 0.14000896057347673 0.22045855379188714
0 0.07992907422363688 0.9321129885646013 0.0671162129634029 0.13457927974057016
3 0.7660170250896058 0.8171758548102633 0.22001408090117777 0.19201228878648227
3 0.712413594470046 0.6159185298970246 0.2056131592421915 0.37264607157080276
3 0.463597670250896 0.8619787221937758 0.21361367127496161 0.27023951755134556
0 0.5414664836421871 0.7287805994051703 0.16372111644932505 0.13599735631307355
3 0.3255547929535575 0.6938280078293806 0.0579100892244338 0.1143902997025853
