10 0.130729166666667 0.355555555555556 0.269791666666667 0.32037037037037
0 0.5026528013582343 0.1863799283154122 0.077815506508206 0.08803370433251587
0 0.7534413236929923 0.159601202982738 0.01911846496106792 0.04325794092201215
0 0.7850157582499073 0.23581757508342607 0.22594549499443822 0.15655254809871055
0 0.478540971449759 0.4279034317966465 0.10428253615127922 0.11020475425369752
3 0.718970152020764 0.4351130886169819 0.042871709306637126 0.10608495035636305
3 0.8664234511008706 0.6564544575297263 0.11360727086533537 0.11805199977242979
3 0.7588290650601639 0.6751383199635889 0.08403037794418837 0.13188755191443352
3 0.7460657482078853 0.6546196734368779 0.12075772849462357 0.13814217443249707
0 0.13776881720430106 0.11096176821983277 0.052083333333333336 0.11051373954599761
10 0.30212459913223916 0.53187029700895 0.0866581777023203 0.18969167243077822
10 0.3929093567251461 0.690121360749544 0.23521505376344082 0.27982141734263977
10 0.37021316732691945 0.79125531870297 0.11554423693642706 0.1048020289672808
3 0.5343920958309752 0.9023454694082876 0.11731277117524996 0.18864365214110537
10 0.3990992265610262 0.4385964912280701 0.12733446519524622 0.22322832170030807
10 0.1674937965260546 0.7200624942560425 0.16852770885028948 0.2839812517231873
0 0.05789909015715467 0.7214410440216892 0.11166253101736973 0.2610054222957449
10 0.04807692307692308 0.4806543516220935 0.09408602150537634 0.32349967833838794
0 0.9095262096774194 0.24425029868578263 0.08820564516129033 0.1400089605734767
