10 0.191666666666667 0.15787037037037 0.147916666666667 0.175
10 0.6503254102999434 0.4064641891467019 0.23344651952461806 0.30497390429478716
10 0.6348507357102433 0.7090800477897252 0.19011743067345788 0.20593598692070678
10 0.5274122807017545 0.7593850216940201 0.14501980758347482 0.18392756083757777
10 0.4186474250141483 0.7703892347355844 0.08488964346349749 0.1367666478023015
10 0.46241864742501415 0.6045400238948626 0.15120967741935484 0.20121989561717915
10 0.422184493491794 0.45048104131295985 0.11318619128466328 0.29239766081871343
3 0.5782576400679118 0.5212224108658744 0.11583899264289756 0.18235553040306848
0 0.4226266270514997 0.2689115261271458 0.12114459535936618 0.09589385650506195
0 0.49071519524618 0.2901339369930202 0.05747736276174304 0.08174558259447907
10 0.6207024617996605 0.24375903917499842 0.08046830786644035 0.10532603911211719
10 0.4562287775891341 0.09048607181035023 0.10169071873231462 0.0786015217254606
10 0.523651759326632 0.046815066339684346 0.05350293295963921 0.09363013267936869
10 0.5157510080645161 0.0563147152528873 0.0710545474910394 0.06409299084030268
0 0.3038474462365592 0.2270011947431302 0.06846438172043011 0.11200716845878136
0 0.14700940860215053 0.692652329749104 0.25033602150537637 0.43757467144563916
10 0.3357669436298469 0.6357662647985228 0.21739573150863475 0.201839180333804
10 0.28841845878136196 0.517649614423808 0.16546513522319972 0.11766409615871982
10 0.44017786139099685 0.956231605326806 0.28670433491535735 0.08634204621616107
10 0.7723694316436251 0.7756443079023724 0.09792626728110604 0.10582010582010594
10 0.8501344086021505 0.8076463560334528 0.03936251920122894 0.10667349377026802
10 0.8602150537634409 0.3178016726403824 0.14400921658986185 0.1988393923877795
10 0.7613287250384023 0.31012118108892306 0.07200460829493086 0.04864311315924223
10 0.9756624423963133 0.5017067759003243 0.045602918586789574 0.10411332991978156
10 0.9831029185867894 0.552910052910053 0.03072196620583722 0.04778972520908005
10 0.977102534562212 0.773084144051886 0.04464285714285723 0.08363201911589008
10 0.8999915994623656 0.14001754778972528 0.19934475806451613 0.2675649641577061
10 0.9822530864197531 0.33258846261633995 0.032357626443647876 0.06637461834594453
10 0.9162933094384706 0.3779444518194021 0.08877605203770084 0.0803870377745328
10 0.7704765697597238 0.19430800772895554 0.07010819062790391 0.09218696992492294
10 0.7391560467277313 0.050865082525775485 0.026549847338377845 0.060474652270749434
0 0.787056253953194 0.12598390610724583 0.032860926628716064 0.03865345421322652
0 0.7205931767868436 0.10841415419214288 0.03384922517394047 0.01932672710661325
10 0.6727842346616065 0.2931161711996627 0.04842662871600249 0.0628118630964931
10 0.6151255498533724 0.31294124036059523 0.04505742913000975 0.04616053003149776
0 0.7426609848484849 0.39711632453567935 0.06338587487781047 0.07874443358314322
0 0.8923693067575837 0.48688210896445877 0.0461688084622782 0.05876582063311673
0 0.8094566832765102 0.5337490650892172 0.05518401958213123 0.06507950384163343
0 0.8647772969665181 0.5590037979232839 0.05108619634583442 0.0699361832328001
0 0.7949777078415946 0.5956717273265922 0.04972025526706881 0.054880477120183326
0 0.8224331235247838 0.650066536507659 0.04726156132529063 0.08984856873658348
0 0.867918961447679 0.695962156754184 0.038246350205437596 0.06119416032870009
0 0.941269997377393 0.6449670231469339 0.060920972112946996 0.09519091606686671
0 0.8783001136462978 0.6333109926081341 0.05409126671911881 0.05536614505930002
0 0.9002917650144242 0.8229643228331924 0.04452967916775941 0.07430719468485
10 0.12417346434309726 0.38039522652055097 0.03591954022988507 0.11123470522803118
10 0.25800271907057226 0.3182548510690891 0.07106661722901991 0.09269558769002595
3 0.11760752688172044 0.29902909954819484 0.11934556915090842 0.1284005548002582
10 0.1774193548387097 0.0991636798088411 0.13911290322580644 0.12305854241338113
