3 0.533333333333333 0.661574074074074 0.244791666666667 0.289814814814815
0 0.6760837756907582 0.5047411641940021 0.09825438954675383 0.2548281233458857
3 0.753070981352933 0.5943468989610272 0.15780250442357432 0.09981398303162292
10 0.7477541853817884 0.5225110778397833 0.06550292636450256 0.05444399074452162
10 0.53480222734255 0.3325226147806793 0.17821140552995385 0.15040962621607787
3 0.4465965821812596 0.320731637935939 0.11400729646697387 0.0967173010183763
10 0.5006000384024577 0.4722079990897195 0.12760816692268306 0.1749445297832395
0 0.3783922171018945 0.4469619388974228 0.0648041474654378 0.1386755419013484
10 0.3198647600044341 0.41008634174580305 0.08348575545948345 0.07020655507519488
3 0.24378360215053768 0.41084851652728 0.056353606630824345 0.0625373357228196
3 0.23328293010752693 0.6323738052568698 0.04777805779569892 0.11854091995221028
3 0.31994319334550614 0.6137147494420775 0.13472560357070398 0.11158449989855958
3 0.2936320754716981 0.5443971055656996 0.02631111787380807 0.08791506052613786
3 0.2899865591397849 0.6810599400374202 0.06340028403327247 0.1538513559207411
3 0.6365566274746256 0.6314273272367935 0.1099135765249723 0.1228240601167945
10 0.5789305094965329 0.5772730825489342 0.10143452919304596 0.06252861242309535
3 0.5334950132460651 0.7514761137949543 0.16021894966495245 0.25453223209183934
3 0.5045362903225806 0.5916965352449224 0.1327284946236559 0.06033452807646356
3 0.4793906810035842 0.5220665435719198 0.04154447702834795 0.07964954201513337
0 0.4398826979472141 0.552478186886789 0.07860866731834476 0.06516780710329093
0 0.4158437568575817 0.49752517494452975 0.031544876014922105 0.019749835418038174
