3 0.790625 0.309722222222222 0.214583333333333 0.25462962962963
10 0.19315930956423322 0.5833176130289882 0.16624221844934917 0.21536816952776197
3 0.5503980161707094 0.40056310373889764 0.02344336084021007 0.036120141146397715
0 0.609657622739018 0.37532531280968384 0.023703842627323456 0.026395487760829138
0 0.3235887096774194 0.18553955814754067 0.024774466921815196 0.02379361318672418
10 0.6450198075834748 0.6414827391058291 0.3077249575551782 0.4134440042759227
10 0.7768021363893605 0.7713896823164303 0.44572368421052627 0.4374533255207436
0 0.9034883232526881 0.5339008363201911 0.09135584677419355 0.09893966547192354
10 0.9651797715053764 0.5955047789725209 0.06877940188172044 0.07280465949820789
3 0.048652595247577306 0.795367051639453 0.09665803796628168 0.1379117070076847
3 0.03475540953139518 0.6799489652934496 0.06886366653391743 0.08849949112792595
