10 0.8859375 0.543055555555555 0.152083333333333 0.180555555555556
10 0.6633527994067483 0.19152968318708027 0.09848906192065258 0.09063568574135872
10 0.7490962180200222 0.6004202199975281 0.1483129403040415 0.33370411568409347
0 0.6375718390804598 0.5139043381535039 0.09790971449758995 0.3913813702467762
10 0.6188750510412413 0.600396231265974 0.04678780454607323 0.10283864918409634
10 0.5799561045324623 0.5977496483825597 0.06507758268681091 0.1217428126370552
10 0.4549050632911392 0.6382045581718914 0.14504219409282698 0.09073998457420152
10 0.4829777460187831 0.7323472921676271 0.17651762624200357 0.17013747107663
10 0.5623043419082618 0.7119307956384314 0.11739485504287457 0.1066194818746881
10 0.9092928614097969 0.7961967343687775 0.08307198327359616 0.23894862604540024
10 0.871283021372627 0.6703615204212576 0.10578454798884905 0.14749915187987672
10 0.3461234852363885 0.8062714532248583 0.17387779484553675 0.1261117748572947
0 0.11628511966701356 0.7823062396423478 0.2261822175974101 0.20940121529785072
10 0.6024803333167311 0.9366374160589955 0.04531742012960786 0.12553042475178183
