10 0.162239583333333 0.671296296296296 0.2171875 0.257407407407407
0 0.750689728353141 0.2382569326542162 0.1459040747028863 0.18864365214110543
0 0.4157579887929729 0.26609958436400966 0.028869453278812646 0.0698335773301698
10 0.48177911555353636 0.3780015817725949 0.07477661668938357 0.05468894610194022
1 0.6277828259881872 0.5879229979638885 0.03549522944116317 0.12788799703838324
2 0.6341719672875965 0.4612970535278577 0.04827351203998185 0.10012283978662898
0 0.15307646356033452 0.06325501128368517 0.08213859020310632 0.0604009026948095
10 0.1347033578570081 0.4957135970152381 0.17626391246934542 0.11109015070531762
10 0.3690341445010375 0.5984195854031734 0.06366723259762307 0.33955857385398974
0 0.5364553857762686 0.6723050158251064 0.08371062063761556 0.1813075101133958
10 0.4474391624221844 0.5675029868578255 0.09078475759290698 0.2399966463350731
10 0.46306121486511975 0.6440084680039405 0.11023863421995846 0.26724517386656604
10 0.40093911464879206 0.7280873248615185 0.023565144532886394 0.07215007215007206
10 0.3208612623935204 0.6528340238017658 0.061531210724759054 0.21645021645021645
10 0.41385630498533726 0.8611382643640708 0.1362414467253177 0.18898664059954376
