10 0.448177083333333 0.411111111111111 0.233854166666667 0.511111111111111
3 0.2771646859083192 0.6634911651889581 0.2918081494057725 0.32855436081242534
10 0.6008064516129031 0.7688172043010753 0.09822167080231599 0.16197959746346846
10 0.5113084160463192 0.7734123701865637 0.21647539288668316 0.4445822994210091
10 0.6130841604631927 0.36329381490671814 0.0801282051282051 0.2607756640014704
10 0.7581549834574027 0.42705174156787057 0.32245140612076095 0.32395919492693676
10 0.763001447477254 0.6499172870140612 0.23650744416873448 0.30328094844223874
3 0.8948252688172043 0.7986857825567503 0.2040130568356374 0.19841269841269826
10 0.3380893300248139 0.08455105229298779 0.10442514474772538 0.11212204760591857
10 0.321029776674938 0.18150905247679439 0.04962779156327545 0.07260362099071775
0 0.7282559541754597 0.07592760079947297 0.04710581851070239 0.12394064248149264
10 0.8040963219776907 0.17167453857233778 0.0920133654909054 0.09546779218169028
10 0.9648297491039427 0.19595319057684651 0.06548111386821066 0.2021872989614925
0 0.8256823821339951 0.05656649205036303 0.0973600771987869 0.08883987378611038
0 0.8338675213675215 0.2756027325919799 0.12751585332230483 0.17767974757222071
0 0.9708609043286465 0.5788836810342186 0.05341880341880339 0.19299696719051565
0 0.9001921917395236 0.5091615583023481 0.035486383278062535 0.08932658917585051
0 0.9372487689679428 0.32687948726537813 0.026693297156064714 0.08206880380531269
0 0.6174053676020631 0.06265116414605006 0.02076230439723751 0.04371011452050005
0 0.7053170773008214 0.21824758464331745 0.056091778850224296 0.09689649008927648
