3 0.76328125 0.243981481481481 0.146354166666667 0.173148148148148
10 0.5884267119411432 0.6068980695466265 0.14855687606112056 0.27510532603911214
0 0.688348896434635 0.7365905803936365 0.18392756083757786 0.23894862604540024
3 0.9359702178834182 0.3007143391269029 0.12738752122241082 0.19892345656352445
3 0.8821452120105497 0.15385135592074117 0.043112193142625314 0.09242352516850386
10 0.5849936748893105 0.273209642279851 0.20853099304237838 0.18975332068311193
0 0.5244261786600496 0.4838709677419355 0.0578990901571547 0.08363201911589008
10 0.4116263440860215 0.45630337625558653 0.16614396654719235 0.48010973936899864
3 0.3283368396446938 0.5435042335463093 0.17312412342215983 0.25712949976624583
3 0.17331242532855431 0.5315279437143237 0.3416218637992831 0.3202575335191823
10 0.1374633431085044 0.38369356648926545 0.2515070055392636 0.1629195177582274
