10 0.65546875 0.695833333333333 0.2234375 0.263888888888889
0 0.8386743067345783 0.6430547695403382 0.1467883418222977 0.19650380431365155
0 0.948713888741511 0.046815066339684346 0.09628176729626499 0.09363013267936869
10 0.2726604502688172 0.5987716547192353 0.15488491263440857 0.18761200716845877
10 0.40181871639784944 0.7835834826762246 0.08873067876344086 0.09053912783751493
10 0.48573916083570523 0.894709235247265 0.2600614968769766 0.19331631995689552
10 0.14177749481229956 0.6738770462596155 0.15622052442935294 0.09432182607055282
10 0.15592576872288247 0.8080236433377349 0.129102999434069 0.1572030434509212
10 0.20662375023580454 0.8179798360896265 0.23285700811167706 0.19178771301012382
10 0.0384557945041816 0.8683791318199919 0.07392473118279569 0.1619540687641046
0 0.08446912532226625 0.9637594583831144 0.09426680500534494 0.07128634010354436
0 0.7595296909813039 0.6659885692143757 0.027244986922406185 0.030675837127449965
