10 0.28359375 0.359259259259259 0.180729166666667 0.214814814814815
10 0.7356571873231466 0.3640193674149532 0.24494199207696657 0.23894862604540026
10 0.7387521222410867 0.7263723825693266 0.23521505376344087 0.25938502169402006
10 0.24577320316921344 0.23982896308872542 0.1335243350311262 0.21065207822423446
0 0.14850382003395593 0.5982519021568258 0.11583899264289757 0.2358045651763818
10 0.3651492642897567 0.4913538326101993 0.3174518958687039 0.3175501477708608
0 0.5141482739105829 0.3789536565427907 0.1803904923599321 0.22480035213481742
0 0.948517189707887 0.882930893542099 0.10218746551914369 0.23294346978557495
0 0.39132921528254405 0.6741274562139353 0.16515099519560744 0.3469839090978418
0 0.5857202447163515 0.7322539447122317 0.14715424545791628 0.2430684299427347
0 0.6207707638116426 0.5216289704610061 0.0955923248053393 0.15552259712437694
0 0.249033938172043 0.6521430704898447 0.12390793010752688 0.12694145758661882
0 0.45391870596959594 0.7755118856342439 0.14657489803485355 0.14419313640670695
0 0.4551971326164874 0.391219375488591 0.06678945971060664 0.1084118766317094
