10 0.693229166666667 0.094444444444445 0.161458333333333 0.188888888888889
3 0.8341680364358606 0.19043596709510002 0.06870248613108697 0.04527848168694684
3 0.7868681939593178 0.212694716495826 0.020760564344907844 0.03804914427474526
10 0.9733696127283854 0.04371011452050005 0.048627502404056236 0.049538129789900055
0 0.9842971413585103 0.21855057260250024 0.029504327301337438 0.10393293897096678
3 0.9808822886615962 0.26493186078814196 0.03633403269516562 0.055851812998416725
3 0.806791028565222 0.35027696318018897 0.12286846964266325 0.07542570266584607
4 0.7273677636580862 0.3520871800441693 0.05430650591940916 0.16352292337955415
3 0.779128652112523 0.4051868747209249 0.07161670468122082 0.07663251390849951
4 0.9138766699250571 0.49660282635193037 0.1686895840121646 0.13516285917719606
3 0.9135372542630606 0.35269058566549605 0.078405017921147 0.05008266657012177
0 0.9740303379416284 0.3817656094695943 0.051109153338754806 0.09738662490085638
10 0.6648605510752689 0.4778972520908005 0.2318548387096774 0.2494026284348865
10 0.8051495295698925 0.5671296296296297 0.05796370967741935 0.21878733572281958
0 0.5863551770809835 0.43044589818783363 0.08012820512820516 0.07895330475975633
0 0.396505376344086 0.14596644330164665 0.0426601215521271 0.11324087060412442
0 0.20369012707722386 0.23012381883349622 0.12715359237536658 0.17106549364613882
10 0.4703813302115852 0.6059587813620072 0.5140153485952134 0.7868876941457587
10 0.06513647642679901 0.35750390589100267 0.1282051282051282 0.14704530833563093
10 0.07625103391232423 0.7604999540483411 0.15250206782464845 0.4714640198511166
10 0.201095947063689 0.6947890818858561 0.24090157154673283 0.22056796250344635
10 0.10623449131513647 0.5316606929510155 0.10494210090984284 0.16266887234629174
10 0.16232423490488007 0.4595165885488466 0.09201819685690654 0.16726403823178015
10 0.26183829611248965 0.5982905982905983 0.222808105872622 0.2738718867751126
