10 0.7328125 0.656018518518519 0.540625 0.641666666666667
10 0.6003643180531976 0.34751304785260645 0.24140492359932098 0.30025781299125964
10 0.5835632427843803 0.7507388543042195 0.14236700622524054 0.267245173866566
0 0.38116432434131925 0.7359574014686259 0.14433204426837692 0.40056208821536116
3 0.4446552814674257 0.4992972099233958 0.0877609108159393 0.055520416051725384
10 0.37132352941176466 0.5393562442898306 0.07234345351043646 0.09768782064797243
10 0.2635989879822897 0.5906599198819312 0.09803921568627451 0.11174362218005479
3 0.3329775458570525 0.340115257572563 0.03913662239089185 0.03373392367699763
3 0.19837128399746995 0.3864994026284349 0.03083491461100569 0.026706022910956452
3 0.20370809614168248 0.524246257642842 0.06127450980392157 0.06043994658795415
3 0.27901644528779257 0.5193267271066132 0.07669196710942441 0.05481762597512129
3 0.0860455069124424 0.4095408772828128 0.06024385560675882 0.05632360471070145
0 0.12526135005973715 0.26868445506438343 0.030988649940262826 0.026549847338377813
