10 0.176041666666667 0.260648148148148 0.098958333333333 0.117592592592593
0 0.6212827620967742 0.3297988849064118 0.0476030465949821 0.07716049382716055
0 0.5059503808243728 0.43309438470728795 0.05775369623655914 0.08462763839107923
0 0.3958497246262785 0.295528940952492 0.018576798671212508 0.13258734737885017
0 0.31607876562636594 0.4995094753814922 0.06829705393828132 0.06847917941545006
0 0.25685767832803275 0.4776869099904084 0.053716113887626836 0.09549531357800327
0 0.34405762532182343 0.627871169670352 0.08187566257761626 0.15102562808151182
0 0.15626976597090447 0.6686696183849884 0.10001581277672361 0.12439384355892882
0 0.08549978777589139 0.6757765830346476 0.05172962648556876 0.16545620323209453
3 0.1462773617511521 0.7858849633043181 0.13800883256528418 0.10987369858337595
10 0.20658122119815675 0.9042925413893156 0.26581701228878646 0.18027820447175283
0 0.48515905017921146 0.8059538032656313 0.09016577060931905 0.1324173636001592
0 0.5190412186379928 0.9000398247710076 0.17137096774193547 0.19514137793707678
0 0.38491263440860213 0.851752289924333 0.10472670250896056 0.14834727200318593
0 0.6159274193548387 0.8572281959378734 0.09632616487455199 0.12943050577459184
0 0.49355958781362 0.6800079649542016 0.12152777777777772 0.17522899243329346
0 0.5899044205495819 0.7830877472454534 0.06197729988052573 0.09425195805124123
0 0.6828703703703703 0.76317536174167 0.09333930704898441 0.16726403823178015
0 0.7853569295101553 0.6639453073144829 0.07653823178016712 0.14668790654453728
0 0.7993578255675029 0.5321916898977831 0.04853643966547189 0.08097703438205237
0 0.6929510155316607 0.4044205495818399 0.04032258064516129 0.05641842559405284
0 0.894937275985663 0.5252223549714589 0.05749701314217435 0.11217310500464618
0 0.8902703106332138 0.605203770078322 0.07952508960573487 0.10354440461967346
0 0.8887768817204301 0.6931501393866987 0.10939366786140983 0.11881056683924068
0 0.9748357228195937 0.7279968140183194 0.04704301075268817 0.08363201911589008
0 0.9757691158900835 0.4631620868180008 0.04218936678614101 0.08363201911589008
0 0.7577284946236559 0.814615690959777 0.09669952210274793 0.13474047524226743
0 0.7011648745519714 0.9460374352847472 0.046296296296296315 0.10288065843621397
0 0.8327732974910393 0.890946502057613 0.0854988052568699 0.20111509358821192
0 0.9139784946236559 0.8882915173237754 0.1269414575866189 0.19049515465286063
10 0.4262326842972004 0.5753064892849838 0.12351060738157517 0.11409258721086672
