10 0.7828125 0.462037037037037 0.165625 0.196296296296296
0 0.9571926287492927 0.5127858475340084 0.0849426994906621 0.16778804837661643
0 0.8603388511601585 0.6414827391058291 0.20957130730050935 0.13676664780230136
3 0.6596102150537635 0.7082940325724706 0.15474674589700052 0.20436395648619748
3 0.5836822787427626 0.718270379560702 0.1815808519437552 0.16657476334895688
3 0.517217912072955 0.6850868835352297 0.12760310330747243 0.15879497300485465
10 0.4925479787668436 0.6007743145350332 0.1718388457873962 0.2896117840993301
10 0.5155165373621886 0.44122317499206026 0.12590172859670618 0.11418114725587168
10 0.43299986389002315 0.4707136699786761 0.14206478834898595 0.5225110778397833
0 0.415994623655914 0.21754281162883315 0.07168458781362004 0.09060135404221424
0 0.3132495864350702 0.5942009006525135 0.0852977667493796 0.18725300983365498
