10 0.1734375 0.410185185185185 0.219791666666667 0.261111111111111
10 0.7807548104131297 0.5408727912972396 0.2891553480475382 0.3096899955983148
10 0.7630694680249008 0.6634911651889581 0.08577391058290898 0.4354524303590517
10 0.7051499717034522 0.8136200716845878 0.129102999434069 0.21379613909325282
10 0.5384656196943972 0.8309124064641891 0.2873868138087153 0.326982330377916
10 0.042786738351254454 0.7735971824980188 0.08557347670250891 0.23357429331144966
10 0.2779457885304659 0.6043409000398248 0.14952956989247307 0.14137793707686178
10 0.48154248069059524 0.4928483685866694 0.19451385733757384 0.37188483349319335
0 0.3046875 0.5304019457245264 0.08640552995391708 0.16427718040621267
0 0.7724447091886608 0.3798061257738677 0.08018695014662737 0.07127728901922453
3 0.9666708669354839 0.9517809139784946 0.06598622311827956 0.09524342891278376
