10 0.575260416666667 0.486574074074074 0.255729166666667 0.467592592592593
3 0.7370818399044206 0.24930817224724036 0.1611180038599394 0.14959817827201338
3 0.6420193456483779 0.3169592255613761 0.11631513647642697 0.12764349681912407
0 0.9607788231780168 0.30515704755285894 0.07777031063321382 0.23259930814221336
0 0.49614305750350624 0.11453950444132771 0.15077138849929872 0.11272141706924317
3 0.49994156147732577 0.08908628123214378 0.17297802711547447 0.11272141706924314
10 0.7400109970674486 0.47872995184823147 0.08604187031606385 0.4308316136273125
0 0.7835410557184751 0.4968321204880345 0.0773867709351581 0.19550342130987292
0 0.9165599931728964 0.6043029716864843 0.11574074074074071 0.1431795338605375
0 0.9208269329237071 0.4876732851643247 0.08587216248506574 0.09766550985188978
0 0.8528225806451613 0.5573666344275664 0.0874722648916197 0.10809580702053821
0 0.8258875234681686 0.6645142326145911 0.044269499914661226 0.18395251370161772
0 0.8453554360812424 0.7550681762151298 0.06933777095067414 0.16214371053080726
3 0.40666069295101553 0.5547590601354042 0.4368279569892473 0.32357626443647947
0 0.4097343311052988 0.35815385277750866 0.040867480383609434 0.10817268881785008
3 0.2550433498014143 0.32989979226538363 0.08445945945945946 0.08180223233986675
0 0.2623086796473893 0.1797496421152335 0.0923302334592657 0.15499370338080018
0 0.3310265911072362 0.1967020784225085 0.1014118957667345 0.0920275113823501
0 0.13925215538118763 0.09956192751891677 0.033299428460718775 0.12162700334743347
0 0.20087497364537216 0.873650057394523 0.374235715791693 0.24949047719446207
0 0.638753281081449 0.8905521587368519 0.26564697962020356 0.2177009393960691
10 0.3163125516956162 0.5726610605642865 0.20032051282051283 0.20793125631835305
0 0.28513363316790735 0.4554843304843305 0.028109491315136487 0.08615936035290878
0 0.2054524776298969 0.6825534083598599 0.07777840439130759 0.15456467069370297
0 0.09559929317993827 0.5589016718048976 0.18657417850966238 0.17378081894210917
0 0.13401853522821258 0.42438863406605337 0.05287051658019402 0.08605492476460222
0 0.18148451011354233 0.3381248381248381 0.10174637190766224 0.15414692834047675
0 0.17467008797653952 0.4494531752596268 0.14122302428754044 0.08689040947105459
0 0.18630160162418222 0.5066838776516195 0.12641927964508612 0.065167807103291
0 0.0767772615708275 0.20778141395252195 0.05058584618980833 0.10648797465066752
