10 0.271614583333333 0.225 0.324479166666667 0.385185185185185
0 0.7268145161290323 0.348299063069861 0.10169071873231462 0.1792114695340503
0 0.6419248726655349 0.6422687543230837 0.12998726655348042 0.21694019996227126
10 0.45534451046972263 0.48113563478588955 0.14059847198641767 0.31597811733635167
10 0.2842388228636107 0.2618373891718544 0.22460384833050365 0.3175501477708608
10 0.28644949066213926 0.44262088914041375 0.25024759479343517 0.3835754260202478
10 0.40184634974533107 0.5762434760736967 0.12202886247877755 0.3835754260202478
10 0.06426776531089295 0.7558308659290427 0.12710378681626927 0.25063633058022955
10 0.14717741935483872 0.5149342891278376 0.2710086489013558 0.17921146953405018
0 0.13475923328658254 0.3155939951171368 0.20380434782608695 0.2038855124409121
10 0.025917484805984117 0.4214326528492027 0.0504032258064516 0.2337540906965872
