10 0.763541666666667 0.274074074074074 0.1375 0.162962962962963
10 0.6211445953593662 0.11878261963151608 0.15739954725523495 0.15091492171288437
10 0.7622128968190408 0.03895491416713826 0.06449610788993175 0.07790982833427652
10 0.9324331494057726 0.5187930587355779 0.1344616581777023 0.2312310868299195
10 0.7234185541066117 0.6703144462238492 0.06720430107526866 0.20971554945473955
3 0.806351521390986 0.4809349500495691 0.13297872340425523 0.11057728971249907
3 0.7831681227598567 0.4019812823576265 0.05985383064516129 0.0734269215452011
3 0.8244263970922309 0.32771299241085705 0.07193699833409051 0.042068420078415526
4 0.7124981069210966 0.3876604910225992 0.08376874148114487 0.06099920911370254
3 0.9447954772198204 0.34111148061929575 0.10912038576654481 0.10592567958713622
10 0.5981396142686465 0.21927329274999524 0.03253541559993174 0.04503991959189093
10 0.5814718808670422 0.2896777986383721 0.04453618364908691 0.09197625685080883
10 0.6000064004096263 0.3325842483548577 0.051736644478579966 0.13701617644269976
10 0.5664190656350154 0.4154887805823688 0.18718235004077297 0.21179719288042673
10 0.47075368379131816 0.44358157440594714 0.023231116421080576 0.05973715651135006
10 0.6222292963591775 0.5302982665744408 0.297703263535182 0.2515248695214739
10 0.6343142803244671 0.660252782493869 0.077815506508206 0.10899411012597202
10 0.07463877688172045 0.7190961926989683 0.1492775537634409 0.478132926088665
10 0.23099187438905183 0.31056533072662107 0.12600806451612903 0.20025524057782124
10 0.3050693426197459 0.38964917997176063 0.2871456500488758 0.42223308352340605
10 0.18407978110599085 0.5986729817374978 0.34202188940092165 0.302952722307561
10 0.3895929339477727 0.6114738009899301 0.2046130952380953 0.27735108380269674
10 0.4180947580645162 0.44239631336405527 0.14280913978494625 0.2741508789895886
0 0.012834821428571454 0.3178609632566875 0.025669642857142908 0.3088316722037659
0 0.7369467496542185 0.12765408964043684 0.011293668852897799 0.0337105945458241
