10 0.6171875 0.508796296296296 0.255208333333333 0.302777777777778
10 0.715885416666667 0.247222222222222 0.2640625 0.312962962962963
10 0.2421875 0.376851851851852 0.113541666666667 0.274074074074074
10 0.259635416666667 0.471759259259259 0.1828125 0.215740740740741
10 0.4233773393439104 0.13214487832484437 0.11380334875007315 0.22794441300383575
10 0.5128218732314658 0.15808338049424633 0.08754244482173178 0.09746588693957113
10 0.5666017797552837 0.19049973221274666 0.09269558769002595 0.12565401886870187
0 0.4768029291805711 0.30482429036377867 0.11123470522803115 0.11123470522803111
10 0.41220569150908415 0.36456144687512876 0.03997497219132369 0.1483129403040415
10 0.3791828883945125 0.47425122564165945 0.07241842788283277 0.10196514645902857
10 0.43769697812384134 0.5005149754871668 0.09095754542083802 0.09887529353602768
10 0.40554319614386364 0.6292588472788696 0.08574341861327402 0.22864911630206414
10 0.5532767890248425 0.6725167882008816 0.1772803114571746 0.14625303835537426
10 0.47448553948832034 0.4371729905656491 0.10544123099740459 0.1411032834837062
10 0.4626089173155358 0.5885757837926915 0.057355394883203535 0.1163844600996993
10 0.32171094244149273 0.2719446201419636 0.10594560404807082 0.19537564129594492
10 0.3385120177103099 0.3127064445850024 0.06127450980392154 0.03654508398341416
10 0.051025487853444844 0.0995398026461348 0.09956192751891677 0.09624319660161952
10 0.6405360531309298 0.494377679387167 0.1537792536369386 0.33663644669337267
10 0.7535974067046173 0.4922693091573547 0.07234345351043635 0.332419706233748
10 0.7043801391524351 0.6117436221800547 0.02530044275774817 0.08925433972872288
10 0.8242463927947801 0.6672129808330525 0.15968201452072422 0.11947431302269998
10 0.8907326992004411 0.41652115308029286 0.10195524308427528 0.11232627720082915
10 0.8387498851208529 0.432093659692226 0.049110835401157994 0.05973715651135006
10 0.8100198412698413 0.4935426978437731 0.058403737839221724 0.07324913238891732
10 0.9187656503166888 0.6145562265756698 0.09574311386065698 0.10965450647288916
10 0.8234828398880543 0.5781411106201209 0.08193401089998516 0.07774013518600346
10 0.885853954927088 0.7397587600857597 0.19470835174547055 0.21112584082093594
10 0.8698278208792704 0.2759856630824373 0.06762964475296038 0.07410432073559882
