3 0.258333333333333 0.616666666666667 0.159375 0.188888888888889
0 0.5726469029229139 0.3935668972016087 0.14387399666818115 0.13293620744779316
10 0.6973534756928669 0.5736197351372272 0.17747614720581542 0.19519746916384803
0 0.5243733908829321 0.570674945731738 0.1306224443434802 0.12368115503054161
0 0.4157579887929729 0.42343547545728377 0.11595108284113281 0.14555673347131778
0 0.47160381644706956 0.4402628434886499 0.044014084507042237 0.08834368216467262
0 0.3450041647735878 0.48695878977569124 0.03691503861880971 0.0740404193380113
3 0.45858889898530975 0.7204385212108975 0.05111313039527484 0.0917091557709459
0 0.7018495380887477 0.7448382048563784 0.03218234135998779 0.0917091557709459
0 0.7524893987581402 0.811306308580275 0.0520596698470393 0.09844010298349236
9 0.5354952294411631 0.9686421996735489 0.048746781765864 0.04459252528312048
3 0.40961021505376344 0.7455197132616488 0.038306451612903226 0.04659498207885305
3 0.3736559139784946 0.8470728793309439 0.08602150537634409 0.14934289127837516
3 0.32633439891504407 0.9681724735488176 0.15438825922696886 0.0602753290925333
0 0.4230541024895863 0.9649434380617176 0.022098711614840647 0.02906131938389996
3 0.1198779424585876 0.6070586715748005 0.11503438922793759 0.0882603033140667
0 0.8181833266958715 0.5519934510376565 0.024475640515066958 0.10103691903771553
0 0.6684255940528342 0.4321503901352568 0.017838178680472574 0.06489962682714571
0 0.917537833532457 0.43473162529315457 0.019082702774459104 0.034662300691771036
0 0.8719052834196203 0.7997920261958493 0.04646223284216115 0.07301208018053906
0 0.906751958051241 0.48377509329321355 0.038165405548918056 0.029499830375975384
0 0.9293608124253284 0.529868578255675 0.01949754413912113 0.04056226676696611
0 0.7785729055890345 0.8799217508894929 0.06683504667375638 0.03413551800648573
0 0.15110785272075591 0.2872814163136744 0.03339850114043664 0.0467035950906919
0 0.11047979797979797 0.2346041055718475 0.013644509612251554 0.04851381195467219
0 0.019889508222643897 0.8546893667861409 0.036814120809614166 0.02986857825567503
