3 0.33552631578947373 0.6524869521473936 0.05482456140350873 0.18707162170659622
0 0.4346813341684936 0.05794504181600956 0.03923948220064722 0.11589008363201912
0 0.5047043010752689 0.04241338112305854 0.033602150537634407 0.06332138590203107
0 0.4643817204301075 0.26344086021505375 0.03225806451612903 0.06093189964157706
0 0.34917017297802705 0.31253787682025175 0.03311516284868321 0.0883071009298218
0 0.4234357955430887 0.16362786348761105 0.04041997818295153 0.03289872387581597
0 0.4748129967274427 0.19089917406887952 0.019479507558048895 0.03549599155022252
0 0.5488351254480286 0.09306875833290044 0.026297335203366093 0.01298633837203263
0 0.2968189964157706 0.4467300399979222 0.03555010129343927 0.05540837705400589
0 0.38374629889356393 0.464045157827299 0.058438522674146835 0.07791803023219572
0 0.2544510674770142 0.512527487749554 0.05308165809568334 0.076186518449258
