1 0.55390625 0.272222222222222 0.0859375 0.112962962962963
0 0.8059564233163554 0.29563604351380246 0.04951895868704021 0.0644532478148777
0 0.29504840243827607 0.06253537068477646 0.3568471679587621 0.12507074136955293
0 0.28447370631720437 0.2510827359617682 0.08820564516129033 0.08027180406212664
0 0.315450688844086 0.5497685185185185 0.23311491935483866 0.21468040621266427
0 0.43463331653225806 0.6636424731182796 0.09555611559139784 0.3322879330943847
0 0.440408686155914 0.5679696833930705 0.21841397849462363 0.24548237753882915
0 0.7475358422939069 0.5555555555555556 0.24977598566308248 0.22500995619275194
0 0.564889486260454 0.5375016593654587 0.09483273596176821 0.13142174432497014
0 0.05904296519045013 0.30855760079379546 0.07318434481501732 0.05113095599700301
0 0.081917668766304 0.22357249404395807 0.0687949354202456 0.04064954437162874
