3 0.743489583333333 0.980092592592593 0.180729166666667 0.213888888888889
3 0.4469439728353141 0.8670691064579011 0.1397142048670062 0.21379613909325296
3 0.3540959252971138 0.8788593347167202 0.11672325976230892 0.12733446519524616
3 0.34648501430122847 0.9725366283091241 0.1584730953364226 0.05373200025152478
3 0.5986767378464335 0.8895535699261278 0.03786157807057402 0.10012283978662904
0 0.6656444040587612 0.7179144160061923 0.03738830834469186 0.06815084052703319
3 0.675819703165228 0.5483786830901779 0.07856277449644096 0.06562673532232824
0 0.5787994093593822 0.507992999814899 0.01419809177646521 0.05048210409409865
0 0.5066257761623505 0.45288336951217456 0.017510979857640434 0.05468894610194022
3 0.402506436468272 0.71160415299443 0.05537255792821445 0.08413684015683118
0 0.14381720430107528 0.7974910394265233 0.06720430107526881 0.06093189964157706
3 0.19808467741935484 0.6170848267622461 0.03797043010752688 0.06571087216248507
0 0.21522177419354838 0.7054958183990442 0.047379032258064516 0.02986857825567503
0 0.28511424731182794 0.7637395459976105 0.04065860215053763 0.04360812425328554
0 0.3089717741935484 0.8010752688172043 0.03931451612903226 0.037037037037037035
0 0.23168682795698925 0.747610513739546 0.03461021505376344 0.018518518518518517
0 0.15977822580645162 0.8856033452807647 0.02788978494623656 0.045997610513739545
0 0.4394102954872577 0.6387595367783327 0.05132926932520534 0.04139267537794331
0 0.44470197273727885 0.597602047055946 0.02381254762509526 0.035277848333474436
0 0.5014552112437558 0.5771408950225307 0.030956311912623817 0.05268158684465515
0 0.4789655829311659 0.4113350078552009 0.015610447887562483 0.04656675980018627
0 0.43848425196850394 0.46754437953320355 0.04788967911269152 0.038570447511265385
0 0.47739640702858643 0.5624034734971006 0.0139325990034094 0.06022282445046669
0 0.9061379928315413 0.7196999867250764 0.06795101553166068 0.03916102482410732
0 0.913791816009558 0.46681269082702775 0.030988649940262826 0.03650604009026947
0 0.9765158303464756 0.5219036240541617 0.015307646356033334 0.051108456126377266
2 0.9819295101553166 0.7963626709146422 0.03210872162485069 0.05973715651135006
