2 0.246875 0.422685185185185 0.064583333333333 0.076851851851852
0 0.4755908906471901 0.4562002659994139 0.07259332521809699 0.08847861860643354
0 0.49508647798742134 0.5700389982191565 0.038040170419963465 0.08058880548229298
0 0.2859516552366438 0.5199907807223022 0.050800101600203186 0.1190039417115871
0 0.29706417746168823 0.6730966424895813 0.11271272542545085 0.08654832124479066
0 0.2905199266086363 0.872589179040792 0.14374253285543606 0.1284822969410783
0 0.5054621368107984 0.7090800477897252 0.07077899794097461 0.06863417982155118
0 0.4198481468771448 0.47712194005948294 0.04325383207504002 0.09151223976206817
0 0.6775837908945321 0.4672716642517603 0.05969743765728674 0.04639162154604845
2 0.16695122541896734 0.5475906013540421 0.06871791145984692 0.09633289203181673
