1 0.50546875 0.770833333333333 0.066145833333333 0.078703703703704
0 0.12374434069043581 0.8411306042884991 0.09638511601584608 0.10218197824309874
0 0.2652270797962649 0.35773124567691633 0.05394029428409733 0.07545746085644216
0 0.021859083191850624 0.647073619109972 0.04371816638370125 0.04419439913297906
0 0.01999091322126307 0.6873926072891579 0.03998182644252613 0.04542314010038474
0 0.04743582462517039 0.5367930402005823 0.017274344994699375 0.030289262456459166
0 0.05228683931546268 0.5847510390899759 0.03975465697410268 0.02608242044861767
0 0.15699776616689384 0.555092802934693 0.0205872330758746 0.03828226227135816
0 0.2625986244937858 0.5837871805613741 0.038620653540008376 0.03258390355164546
0 0.28616376902667223 0.6402271563561887 0.04167539449797515 0.035299228847615896
0 0.3204205069124424 0.5870843612779097 0.03774787040916073 0.024437927663734097
0 0.4075940860215054 0.5858186244674376 0.038674173260296256 0.028741462095083475
0 0.395072529924934 0.6340028403327247 0.02123909515114626 0.03043213633597084
0 0.5068155305335768 0.6523184779423367 0.05515824710894707 0.046775320664547614
0 0.3041624663978495 0.7915173237753883 0.02870183691756275 0.052270011947431305
0 0.32148857526881724 0.8316532258064516 0.04165266577060929 0.060359418558343335
0 0.43241385630498536 0.9530791788856305 0.11187988758553276 0.08010209623112843
1 0.5206195014662757 0.7188823721081786 0.02787451124144674 0.03529922884761603
3 0.6347904447702836 0.7185429564461822 0.054603494623655914 0.06856196372325403
0 0.684450514510348 0.8105689803573952 0.09647069025320844 0.06423350162510758
0 0.6409122441900799 0.4547153813542992 0.07659845068794081 0.05138680130008606
0 0.8940123135622615 0.6808173070746778 0.06250722626893282 0.04881746123508179
0 0.7944704590126025 0.6943063424159506 0.017343045438779014 0.03211675081255379
