9 0.184114583333333 0.569444444444444 0.061979166666667 0.074074074074074
0 0.1779793906810036 0.40167015133412987 0.07735495071684591 0.05662584627638396
9 0.2665350582437276 0.5301672640382318 0.04025257616487458 0.05351453604141779
9 0.34861531137992835 0.5410568498606133 0.03640232974910399 0.05040322580645161
9 0.35981602822580644 0.5167886300278773 0.0350022401433692 0.03671346077260058
0 0.4464518738908028 0.35610304949484406 0.07927497651111805 0.059157184118035985
0 0.4823376657271114 0.43671921216550086 0.023162647457981023 0.03015856445233207
0 0.5092520096043428 0.38626161394717606 0.03262344712391683 0.03015856445233207
0 0.47874908654348053 0.5211051953926993 0.03555955736506942 0.029578592059017993
0 0.4983231548178306 0.5608333043347136 0.03751696419250443 0.03131850923896022
9 0.6299587639628353 0.4285995986591038 0.0450203570310053 0.02783867487907576
9 0.6358309844451404 0.39119137929034575 0.04306295020357029 0.056257322151465596
0 0.7428358910115879 0.3824917933906346 0.04502035703100522 0.04117803992529953
0 0.735658732644326 0.4239598195125912 0.03980060549117853 0.032478454025588445
0 0.5797186553920033 0.4549883425548944 0.06198454953544213 0.03537831599215883
0 0.6374621568013362 0.5495238426650891 0.08025367992483555 0.06553688044449082
0 0.6301218811984549 0.593311758360302 0.053176218811984505 0.06031712890466407
