1 0.321614583333333 0.283333333333333 0.0140625 0.207407407407407
1 0.7947546617667074 0.6703416360419219 0.07868858037294138 0.10359481572221475
10 0.24018337173579116 0.6109404335210786 0.4764304915514592 0.6635091312510666
0 0.5721699522102748 0.4507721580600912 0.14872062923138193 0.2256737023762113
0 0.6785767622461171 0.5602902783308996 0.19974611708482673 0.2920483207221559
10 0.7659295194892473 0.8717891278375149 0.2173639112903226 0.162410394265233
0 0.6577725974462365 0.7089120370370371 0.03990255376344086 0.08307198327359618
0 0.8806493615591398 0.2814180107526882 0.03307711693548387 0.09240591397849462
0 0.5677293346774194 0.8797229689366786 0.2105384744623656 0.19321236559139784
0 0.628895749327957 0.7789165173237754 0.21211357526881722 0.15214307048984468
0 0.5157510080645161 0.69117756869773 0.1254830309139785 0.1148073476702509
0 0.925802251344086 0.462496266427718 0.14543430779569894 0.12227449223416965
0 0.37819220430107525 0.4788306451612903 0.20213793682795694 0.18294504181600957
0 0.6005901619082932 0.1623889369532677 0.16607959461129657 0.21903624054161686
1 0.585527128908664 0.11020475425369752 0.0757013966135212 0.08994905175846962
0 0.45111852675812625 0.1795547865254947 0.023173896922506487 0.08308271192957882
