1 0.844010416666667 0.535648148148148 0.081770833333333 0.097222222222222
0 0.6963073005093379 0.3239325913349682 0.17685342388228642 0.17449537823052255
0 0.584005376344086 0.4294593151834058 0.19160375200183027 0.16777243956379165
0 0.7495138412262641 0.8819365006736317 0.23807481125600552 0.13472635298304472
0 0.5880281690140846 0.6173708920187793 0.12163031955171896 0.1867837851481649
0 0.5435876952728749 0.5959626699127613 0.1470886589571921 0.11891075494240437
0 0.4430982450801379 0.49057730889745493 0.07925035504159057 0.07608034083992697
0 0.39055614313414416 0.6703292398691658 0.06720430107526881 0.13220518244315174
0 0.17699063774564333 0.7456433073785688 0.22189006303299966 0.160672351996045
0 0.0982261383247046 0.5121686800300899 0.05890747378202575 0.08186202929333158
0 0.16460075667064913 0.5110624363909907 0.07135271472189038 0.07374957593993829
0 0.04118545068365855 0.6091493723911088 0.07923470065047125 0.0619496437895482
