9 0.748697916666667 0.672222222222222 0.068229166666667 0.081481481481482
3 0.3072196620583717 0.5950918001609246 0.06308975202984418 0.07192841294223798
3 0.3353357472021066 0.8925584570745863 0.1357801184990125 0.09874917709019088
0 0.21224215492648676 0.7468729427254774 0.039088215931533915 0.06827103601297146
0 0.21057347670250895 0.608854374087349 0.023148148148148157 0.03385105535643174
0 0.204413082437276 0.6573078454798886 0.023521505376344086 0.06172839506172835
0 0.3248207885304659 0.6851851851851852 0.053016726403823156 0.04579848665870162
0 0.34516875746714454 0.7741271737687508 0.05189665471923533 0.05509093322713391
3 0.37167712066905617 0.722354971458914 0.06011051373954597 0.08695075003318724
0 0.4439217443249701 0.6885039161024825 0.05824372759856636 0.08296827293243066
0 0.4562425328554361 0.549117217575999 0.03733572281959378 0.06571087216248507
0 0.4259566729917773 0.6388010401293135 0.06423940543959522 0.03821421041534895
0 0.40026091081593923 0.5502934148569822 0.035578747628083454 0.01844823951085817
0 0.31007866856419986 0.4650801180687329 0.02964895635673625 0.039531941808981695
0 0.36245849146110054 0.45058507273877296 0.018777672359266247 0.024597652681144184
10 0.09882900131507699 0.8255460148010624 0.038195250251411766 0.04813353618180718
0 0.13025547304092214 0.848753255460148 0.045447512957376035 0.10056470952270441
0 0.019787933094384706 0.5922607195008629 0.015681003584229386 0.03650604009026947
0 0.044616188769414575 0.6098499933625382 0.033228793309438474 0.06239214124518778
0 0.20142622461170848 0.42433293508562325 0.020534647550776573 0.016593654586486158
0 0.01568100358422939 0.6523297491039427 0.029121863799283155 0.03185981680605345
0 0.08816468731610771 0.78843239002122 0.06469667790081848 0.0386359718730124
0 0.05648504787888524 0.8466835476143773 0.06085165569999464 0.043391168411229405
0 0.45378039329652226 0.4800499424155337 0.036326649229875045 0.036595735520466674
3 0.876417734570629 0.29991325837547667 0.046030343202238984 0.04500744668663362
0 0.7967852408307557 0.3363283743310257 0.01933274414494033 0.039279226199243844
0 0.7426995875681249 0.5253596504148869 0.015190013256738754 0.05237230159899184
0 0.5776808071880984 0.5269962848398553 0.027618205921343404 0.0310960540744014
0 0.635218736190897 0.4099769234546079 0.019332744144940406 0.0556455704489288
0 0.5102463543968184 0.2962308309192976 0.02255486816909708 0.0278227852244644
0 0.5627209456473707 0.3490122911245315 0.03912579172190307 0.0433708122616651
3 0.9026550301959052 0.43370812261665115 0.04971277065841799 0.058918839298865835
0 0.8738860656945058 0.4897628516718221 0.061220356458977734 0.0744668663360665
0 0.953288407718368 0.5319061881147608 0.03406245396965682 0.04582576389911784
0 0.6874099323800021 0.416860658463585 0.01073883161512027 0.045572676101442305
