3 0.370833333333333 0.19212962962963 0.372916666666667 0.384259259259259
0 0.9085314091680816 0.29878010438282093 0.15386247877758918 0.422876186882978
3 0.6609117067999395 0.860526360072021 0.10175299106466754 0.2776515725175425
0 0.683865288505225 0.32962289868241706 0.029342723004694725 0.13630168105406634
3 0.5574036738351255 0.3459776981282358 0.08645553315412181 0.24766029470330547
0 0.5757798499103943 0.3599785941855835 0.05040322580645161 0.16489944245320587
0 0.6622353830645162 0.1627215252887296 0.033602150537634407 0.1064068100358423
0 0.6932123655913979 0.2321037435284747 0.058453741039426424 0.10329549980087613
0 0.6711609543010753 0.058803763440860225 0.037452396953404916 0.09645061728395063
0 0.4688480062724015 0.3357103743528475 0.06195396505376344 0.14623158104340897
0 0.5066504256272403 0.21841397849462366 0.03955253136200714 0.12694145758661887
0 0.3512523866948046 0.32464632253598186 0.08824490001004923 0.1390145044049174
0 0.26599085519043314 0.44049174287341303 0.04647774093055974 0.0803939302582655
0 0.22359561853080093 0.39219955560021885 0.13817706763139384 0.2004265344633147
0 0.10865742136468697 0.44328319878515837 0.11619435232639934 0.12840697194028514
0 0.15654833685056777 0.2685380587099007 0.08950105517033462 0.16972051943411606
3 0.8088280124154749 0.33218169949131043 0.07205409599822633 0.17551638768798727
0 0.85633788254756 0.1805900192996967 0.04704301075268817 0.16818307140887787
0 0.888389164598842 0.05789909015715467 0.02429693961952029 0.09190331770976932
3 0.06162117452440036 0.24905799099347486 0.06487799834574029 0.07076555463652237
0 0.09005376344086023 0.12360996231963974 0.07935277088502896 0.20034923260729712
0 0.11952026468155502 0.20563367337560887 0.053504962779156326 0.14842385810127745
3 0.20830748552522746 0.035842293906810034 0.05789909015715466 0.04043745979229849
