9 0.621614583333333 0.399074074074074 0.074479166666667 0.088888888888889
0 0.704156458418402 0.41437926288885857 0.09570232748060437 0.04990699151581146
0 0.7747635089152034 0.4056833477004976 0.04466108615761526 0.049150824977693124
0 0.8153838301347488 0.5648564039744113 0.04338505512454056 0.055956323820758304
0 0.8501344086021505 0.6814516129032258 0.0823252688172043 0.05675029868578255
0 0.7188993428912783 0.5786539227399443 0.08699223416965346 0.04646223284216112
0 0.678390083632019 0.5481215983008098 0.06869772998805254 0.05442718704367448
0 0.6673760454002389 0.4678083101022169 0.04368279569892466 0.029204832072215532
0 0.625373357228196 0.6005575467941059 0.07989844683393073 0.04646223284216112
0 0.5070191158900835 0.4283154121863799 0.03658900836320192 0.02986857825567503
0 0.4097917439129897 0.4518051607410154 0.074928933382771 0.04943764676801381
9 0.330421146953405 0.4899133467913594 0.034374613768384674 0.028151993298452322
0 0.3570871498738882 0.7076050562709264 0.05641842559405281 0.07153708866174022
0 0.10258197265365722 0.7205112320604157 0.06015199787601221 0.06637461834594449
0 0.021493267461009394 0.6840173506840173 0.04056475830669379 0.05812263876780006
9 0.1869308824953986 0.5427470481233921 0.040867480383609434 0.02637045647798333
0 0.050705947883367235 0.5101876069618004 0.06750702315218443 0.032290354871000036
9 0.3291549789621318 0.4085502051841462 0.05931510051425895 0.04519245753467353
9 0.30651005142589993 0.486217388196506 0.028050490883590472 0.03740065451145393
9 0.27363838242169236 0.6555503610202067 0.04879616643291259 0.05298426055789307
9 0.5499064983637213 0.5459456651602513 0.04908835904628334 0.04363409693002957
9 0.4114071996259934 0.5716586151368759 0.041491351098644234 0.03688120097657265
9 0.6502373598718828 0.6452121304557819 0.07649851292610386 0.04384961488599097
9 0.5734602308665401 0.4934113430318364 0.033602150537634407 0.024158408883266532
9 0.4259952636968766 0.8394018698678196 0.07120455709165387 0.03840245775729643
