10 0.39765625 0.128703703703704 0.2640625 0.257407407407407
10 0.517447916666667 0.385185185185185 0.286979166666667 0.340740740740741
3 0.823641765704584 0.6760674086650319 0.11495472552348623 0.17763943909954089
3 0.6239391586989546 0.9253757152738477 0.13412507818782954 0.14805382632207761
0 0.14673528579513304 0.4064641891467019 0.22902518392756083 0.19178771301012396
10 0.7281409168081494 0.10699239137269696 0.1627051499717035 0.19964786518266991
10 0.860394896259276 0.18028000740404193 0.08234893230349849 0.08329547175526279
10 0.6386088709677419 0.7397783087747246 0.24548237753882918 0.3318730917297224
0 0.26847432521395653 0.5694901616560603 0.2585308316875138 0.1255699412381441
10 0.3788813912661839 0.5024382512861776 0.09806341891595353 0.2669885158364422
0 0.4039115646258503 0.8029527223075611 0.17006802721088435 0.28527540048277367
10 0.43048792858592005 0.9249227925429994 0.251065124771759 0.14088952007393893
0 0.4815251572327044 0.5281779040147877 0.09319841752891053 0.16568607560695206
0 0.12982649071358748 0.8977951558596721 0.20314027370478982 0.14255457803844893
0 0.32777946845201866 0.26725051283785306 0.1369446135118685 0.1983724442641058
0 0.36517137096774194 0.21654719235364397 0.08694556451612899 0.05824372759856631
0 0.5252016129032258 0.24850657108721624 0.10685483870967742 0.11947431302270012
0 0.7359150985663081 0.5807779105270144 0.12600806451612895 0.28541085888756135
