3 0.342447916666667 0.44212962962963 0.1640625 0.19537037037037
3 0.5353706847764573 0.3097843174243854 0.2529003961516695 0.2122241086587437
10 0.7145368072787427 0.312746990166345 0.10339123242349038 0.1298134362650491
3 0.32391180727874275 0.5373357228195937 0.1428091397849462 0.11028398125172313
0 0.4647823614557485 0.4839169194007904 0.052341811414392043 0.11832552155132794
3 0.5374793217535153 0.510339123242349 0.08529776674937964 0.0654811138682106
3 0.7074286600496278 0.3943111846337653 0.08271298593879241 0.0861593603529087
3 0.6815808519437552 0.5448028673835125 0.17318031430934652 0.09534969212388562
0 0.7475533434139785 0.4531623357228196 0.15646001344086022 0.07560483870967742
3 0.8050445228494624 0.6235065710872163 0.1128822244623656 0.09147252090800478
3 0.7535912298387096 0.8106518817204301 0.22523941532258066 0.17454450418160095
3 0.5413026433691758 0.5871042413381123 0.05285338261648748 0.07653823178016726
3 0.5374523969534051 0.6857327757865392 0.19496247759856636 0.1630326563122262
3 0.48039874551971334 0.7062674233373158 0.17396113351254477 0.17796694544006364
