1 0.143229166666667 0.562037037037037 0.117708333333333 0.138888888888889
0 0.24223613469156768 0.37266553480475384 0.4129527447651386 0.19964786518266997
0 0.5291808149405772 0.49764195434823627 0.1467883418222977 0.10375400867760803
0 0.660135248655914 0.3826911589008363 0.06247899865591398 0.08773894862604541
0 0.6653855846774194 0.546501642771804 0.07507980510752688 0.05880376344086022
0 0.36061330147351656 0.6445491688422792 0.10578454798884909 0.04277475404516432
0 0.45436744988716304 0.6408616900452823 0.0452177087481747 0.04129976252636547
0 0.509744623655914 0.5782556750298686 0.03472222222222227 0.039028275587415326
0 0.4708781362007169 0.581242532855436 0.045250896057347695 0.02907208283552374
0 0.4498207885304659 0.5029868578255675 0.027777777777777804 0.027080844285145317
0 0.33807497013142174 0.5388291517323776 0.04218936678614101 0.06106464887826892
