10 0.253645833333333 0.693518518518519 0.117708333333333 0.138888888888889
10 0.3215065251355574 0.7792839710402434 0.13756777869681097 0.0913927437224929
0 0.12965834941641388 0.6010936494807463 0.04968523113684404 0.031145013223866237
0 0.01836917562724009 0.600838362487108 0.03561253561253561 0.04390936290577857
10 0.17704599761051368 0.673850442667647 0.0697890818858561 0.04595165885488465
10 0.045222176270563304 0.7529894106955038 0.08759534969212389 0.10824168530261713
10 0.11946282510798635 0.771625361231096 0.06720430107526881 0.07709667207875096
10 0.06302844407683113 0.8969712751074759 0.12435667677603161 0.12253775694635907
10 0.013199614006065565 0.8349365356533816 0.02469901663450051 0.04646223284216119
0 0.18117337853571674 0.8150126703650435 0.03017772755290735 0.018263589251877644
10 0.6095181202708084 0.7839358673687625 0.05683326695871498 0.07374957593993836
