10 0.7109375 0.64212962962963 0.142708333333333 0.169444444444444
0 0.10498019241652519 0.19545192520450203 0.20996038483305046 0.12962686706568619
10 0.7224462365591398 0.7719070572240762 0.1575824990730441 0.15552259712437694
10 0.5264336917562724 0.7168458781362007 0.14290569768879002 0.14693967233826347
0 0.44435947348906196 0.6375396531125119 0.05445865776789025 0.13252035869759274
0 0.5183228278333951 0.4717175462447988 0.08960573476702503 0.07140993422046442
10 0.5864927079471017 0.5235584119529243 0.14020207638116428 0.08720251582691332
0 0.5331927450253368 0.5884453233359426 0.10466876776665432 0.11810104505692187
0 0.357442876344086 0.47909199522102747 0.10164650537634409 0.09408602150537634
0 0.5078550481776287 0.17493677171096528 0.09426057813154588 0.09076944560815527
0 0.465306870548806 0.2238126270384335 0.06938625890238798 0.06904684324039162
0 0.472725527161011 0.05856568759794567 0.07375017455662615 0.11249204797591895
0 0.7537393162393162 0.4303066507367583 0.2533085194375518 0.29715406059492083
0 0.769510032147212 0.1474276071881659 0.0682435428444739 0.04618852307578612
0 0.8166223256845139 0.15851285272635457 0.06408657576765325 0.05357868676791188
0 0.9619239136459372 0.19677507211907064 0.0754801296973729 0.31577008387157807
0 0.8702949541347965 0.030758477133601837 0.03910171405609147 0.06151695426720369
0 0.9125789823744596 0.020563130473339977 0.04607305176809664 0.03879835938366036
0 0.9309389202970846 0.44672923671926 0.03221649484536081 0.11639507815098102
0 0.8385603345280765 0.7608522500995618 0.0866188769414576 0.07964954201513337
