9 0.834114583333333 0.073611111111111 0.0828125 0.097222222222222
9 0.7574414762544802 0.17423337315810436 0.030101926523297542 0.07840501792114696
9 0.729439684139785 0.15120967741935484 0.03430219534050169 0.05849263241736361
9 0.7303147401433692 0.26601702508960573 0.034652217741935484 0.04791417761847868
9 0.6839367719534051 0.2445489844683393 0.03570228494623656 0.034846674631620854
9 0.6104320676523298 0.24081541218637992 0.051103270609319046 0.02986857825567503
9 0.6029065860215055 0.18885653126244525 0.043052755376344086 0.03173536439665472
9 0.6062317988351255 0.14529818797291916 0.03640232974910399 0.054136798088410994
0 0.7824680779569892 0.18947879330943848 0.0423527105734768 0.03920250896057348
0 0.6769363239247311 0.030801971326164877 0.023801523297490936 0.04542512943050578
0 0.5639270004189358 0.2992598799050412 0.04473013545594193 0.040729879439556894
0 0.5042504538472281 0.14429238622787008 0.03840245775729652 0.04189359028068703
0 0.4849401270772238 0.1662089404024888 0.022037774053903027 0.04616053003149776
0 0.4635569403714565 0.2769554221167124 0.03338395475492248 0.026377445732284465
0 0.4835218544895964 0.30798771121351765 0.03316575897221062 0.0318080963242254
0 0.5619632383745287 0.23835901255256092 0.032947563189498694 0.03685084330245619
0 0.5369798212540148 0.22846747040295423 0.03447493366848206 0.02870486741454483
0 0.5447257715402877 0.2680336390013809 0.0508396173718754 0.031032289096805228
0 0.6289781856383636 0.15668300855545939 0.02896737115313305 0.03536165011878768
0 0.931619623655914 0.07586618876941462 0.04032258064516129 0.052270011947431305
9 0.42808593408514733 0.25157599246243356 0.060647783897193816 0.03788209925110005
9 0.2730516216452487 0.17386912220376685 0.047261561325290705 0.0456527862769667
9 0.3230450651280707 0.20300919855076688 0.06857024215403446 0.03885343512933338
9 0.29586283766063465 0.24769064894950024 0.040978232362968804 0.03399675573816672
9 0.32236209458868786 0.2690600382706336 0.04808112597255006 0.032054083981700045
9 0.21950673135763615 0.26930287224019195 0.04507605559926566 0.05196646948548339
9 0.22305817816242676 0.3324397043253587 0.05818908995541567 0.042253110703150056
0 0.1685571291196783 0.39581937038008375 0.02185505726025001 0.06022282445046669
0 0.09235100850375992 0.37774966617471356 0.05688207182514583 0.05583276719688273
9 0.10475964579380138 0.3232834352378945 0.061054887904982785 0.04216740459624712
9 0.0556741513809825 0.4121082921420261 0.04897568346334949 0.03162555344718529
0 0.05750611941603287 0.08280638361939176 0.04671518489378442 0.04128177482491672
0 0.1368672960923158 0.08329205155850843 0.030050703732843784 0.030597080164350022
0 0.5325705055649878 0.3712611876165922 0.04185531031880778 0.03406065941436624
0 0.40435177325033017 0.03301263912469345 0.02240143369175622 0.02829654782116581
