2 0.734114583333333 0.605555555555555 0.0703125 0.083333333333333
0 0.6999030216414863 0.49150824977693086 0.051466585000680604 0.05746865689699498
0 0.7705100721382877 0.6279963099072939 0.04806383557914793 0.0400768265202728
0 0.6660881992650061 0.7085280462168987 0.09953042057982846 0.07410432073559889
0 0.5604602074814479 0.7006495364060108 0.01112183855823106 0.04417184108233634
0 0.5440140845070424 0.5536204082319485 0.042594275329395775 0.03954431487371057
0 0.4826073375738302 0.5126036986554934 0.017747614720581586 0.02902720985410669
0 0.8302239512342875 0.6078886701331045 0.009228759654702446 0.03702020966900568
0 0.8277392851734059 0.6493260639103439 0.010885203695289983 0.02986857825567503
2 0.9291373239436619 0.746924798492268 0.023426851431167656 0.04585457788547288
0 0.8936420945024989 0.6892910629848386 0.029579357867635953 0.02986857825567503
2 0.31047194121015464 0.5933066106763377 0.02087707577782019 0.032873109796186725
0 0.4188339059616975 0.4920362240461496 0.026841954571483088 0.028277943910698235
0 0.3619674697155302 0.6160715636011674 0.022117871239961923 0.0306247447937933
