9 0.08203125 0.447685185185185 0.1015625 0.121296296296296
0 0.3659083992696287 0.2910777484727576 0.06752130249543517 0.060300714591645835
0 0.38667199229052546 0.3494060097833683 0.048818218705619795 0.05748292419016709
0 0.3389632785554879 0.3291179188927211 0.06371728545343887 0.03606771713892828
0 0.2855485392574558 0.3691305425937197 0.06340028403327247 0.05184734338720951
0 0.33626876648407383 0.3558869277067695 0.039308176100629005 0.02536011361330901
0 0.42851617975248524 0.4291494781452176 0.05515824710894699 0.03663127521922409
0 0.47146987218502745 0.4533824755979351 0.05864526273077702 0.040012623700998624
0 0.4334297017650639 0.47902436825139194 0.05927926557110973 0.04283041410247734
0 0.457997311827957 0.5418610942043687 0.06847230675593424 0.05353801762809674
0 0.41536062081558117 0.6080791686391199 0.06054727125177523 0.049593111066026534
0 0.2837955214039359 0.4746398863866911 0.021080594441063104 0.016624963368724745
0 0.2072626207399307 0.38171030516574533 0.038727902314561705 0.04657473219528992
0 0.17921336796063422 0.49460340603041536 0.053820393657736464 0.0323998137010712
0 0.008465658081186963 0.34036286849490155 0.015368425439693257 0.08983727413334816
0 0.07840501792114694 0.3500875218804701 0.06720430107526881 0.05001250312578148
0 0.03229974160206718 0.3452251951876858 0.028132033008252066 0.04121400720550508
0 0.804323476702509 0.4326961369972122 0.028001792114695393 0.029072082835523674
0 0.8742159498207887 0.43309438470728795 0.07146057347670245 0.041019514137793756
0 0.9438844086021505 0.3930704898446834 0.04099462365591398 0.03265631222620474
