1 0.690104166666667 0.207407407407407 0.05 0.059259259259259
3 0.4734719864176571 0.56995535433566 0.17685342388228642 0.35842293906810035
0 0.35321165817770234 0.38602779349808214 0.1856960950764006 0.12261837389171856
0 0.5773733729485003 0.41432434131924795 0.14413554046406335 0.11947431302270012
0 0.856359649122807 0.2736276174306735 0.20338143746462925 0.15563101301641194
0 0.4248372948500283 0.11721058919700686 0.1025749858517261 0.15091492171288437
0 0.2099603848330504 0.11956863484877066 0.0689728353140917 0.08331761302898827
0 0.12462860780984726 0.08812802615858642 0.16005234861346915 0.16506319562346727
0 0.3184191480562448 0.4620898814447201 0.15767162944582294 0.0953496921238857
0 0.23796784532671628 0.5384845142909659 0.08206679073614555 0.08960573476702509
0 0.6828517025089605 0.406710473914775 0.13608870967741934 0.13241736360015935
0 0.6584901433691756 0.516726403823178 0.11424731182795698 0.12146555157307848
0 0.5462029569892473 0.5276782158502589 0.03304211469534048 0.11947431302270012
0 0.778256704980843 0.47583735014213324 0.11432455815103197 0.14693967233826333
0 0.7832777159807193 0.3525865502135432 0.061797058460017346 0.032271797195786864
0 0.7614556297120256 0.5788324475754955 0.12475281176615997 0.09063568574135868
0 0.8817667779013719 0.6035512709595023 0.06256952169076738 0.10711490133069664
0 0.9704069336299592 0.5008994905175846 0.05677604746014097 0.10780153531358576
0 0.8477783957483624 0.5115423172523654 0.029353602768508222 0.0961287576044714
0 0.030179709279171643 0.6382804548873844 0.060359418558343286 0.07190583654143999
