1 0.30546875 0.563425925925926 0.175520833333333 0.208333333333333
0 0.6735034119106699 0.3541034831357412 0.04846464019851111 0.1344086021505376
0 0.6765863015232976 0.50092094782955 0.06930443548387097 0.0684488251692553
1 0.732764896953405 0.45300677021107133 0.03815244175627235 0.12196336121067308
0 0.582955309139785 0.6399965153325369 0.030451948924731184 0.11885205097570697
0 0.5334271393369177 0.60110513739546 0.06020385304659501 0.1393866985264835
0 0.434934017595308 0.5624524818073204 0.05131964809384165 0.17160855870533295
0 0.31792803970223327 0.6915724657660142 0.19023986765922252 0.12958367797077475
0 0.2514991728701406 0.6162117452440032 0.16801075268817203 0.13142174432497006
0 0.2259744623655914 0.4320489844683393 0.03696236559139785 0.08064516129032258
