1 0.341666666666667 0.621296296296296 0.165625 0.196296296296296
1 0.7555531975099038 0.506288121738037 0.11495472552348623 0.2310884738728542
1 0.6565152801358234 0.6131861912846632 0.09196378041878885 0.1524869521473936
0 0.28866015846066784 0.3946739608878828 0.11495472552348612 0.19021568257561478
0 0.5888100976393523 0.3790219585547728 0.08612965022864912 0.08926241777558055
0 0.5470970831788406 0.5146321701753663 0.03746446669138542 0.13252035869759266
0 0.45807069583487825 0.6299866793007319 0.06797676430601901 0.17921146953405018
0 0.34834229390681004 0.8000132749236691 0.2576164874551971 0.17390150006637461
0 0.9410282258064516 0.6222744922341696 0.09450604838709678 0.12320788530465943
0 0.982421875 0.8717083469099599 0.03448420698924731 0.14044477028348004
