2 0.75078125 0.314351851851852 0.081770833333333 0.097222222222222
1 0.38387266911664625 0.4185381788485096 0.041258336736082736 0.0506631580539298
0 0.6002148644555506 0.2904824406414593 0.05040322580645161 0.04164773587763139
0 0.5248466606088142 0.330237097615562 0.04496062395880662 0.031130630858027506
9 0.42459133569519547 0.41332587482130645 0.045061843495555955 0.044889192754193646
9 0.2466157834101382 0.4789319849803721 0.07560483870967742 0.04906980713432325
9 0.06870439708141321 0.45146356033452806 0.13740879416282642 0.06027052398020138
9 0.189221901246456 0.06073871978221202 0.016717487829668833 0.05379316083857891
0 0.14140988605360302 0.053308725191248095 0.015045739046701964 0.01991238550378335
0 0.731380912424638 0.4742715865221925 0.08410249238610235 0.04592509720236743
