4 0.266666666666667 0.268055555555556 0.144791666666667 0.171296296296296
3 0.3470217883418223 0.6493428912783752 0.44567062818336156 0.4197321260139596
0 0.4398698358800227 0.07790982833427658 0.09196378041878885 0.09746588693957117
0 0.018322014714204894 0.27126957177890976 0.03664402942840979 0.11633025215368191
0 0.6291029994340691 0.5809595673772244 0.3006508205998869 0.3206942086398793
0 0.6996877800179212 0.39140282755874156 0.027301747311827957 0.031113102349661446
0 0.863592500689275 0.7489048187972919 0.11631513647642681 0.24507551389271814
0 0.8885787151916186 0.6370891155837393 0.21798318169285913 0.23282173819808213
0 0.9794768403639372 0.4303066507367582 0.036186931348221645 0.13785497656465395
0 0.4524444140696191 0.512068930603649 0.02107253508292324 0.07543081627280644
