4 0.183333333333333 0.272222222222222 0.080208333333333 0.101851851851852
0 0.691443831352575 0.6013959630258442 0.12998726655348047 0.47160913035276375
0 0.9452550226372382 0.11529308341267756 0.1088179117147708 0.22391927239994824
0 0.808167091114884 0.3451550022008426 0.1335243350311261 0.10060994780858955
0 0.9505340973401245 0.5314406086901843 0.09284804753820032 0.12419040432622772
0 0.5981536502546688 0.19974218700874047 0.16624221844934917 0.13991070867131988
0 0.2997562959818902 0.1482110293655285 0.16173528579513297 0.296422058731057
0 0.5689728353140917 0.6666352260579764 0.16624221844934925 0.12419040432622772
0 0.5168010752688172 0.5762434760736967 0.14325127334465193 0.11004213041564478
0 0.4659557159026599 0.7059359869207068 0.05570882852292016 0.14934289127837516
0 0.5208333333333334 0.42458183990442055 0.15793010752688172 0.1821983273596177
0 0.5174731182795699 0.3013739545997611 0.06720430107526881 0.15979689366786137
0 0.27543580971000325 0.6335034937185475 0.20568589116976213 0.12671518047862126
0 0.3454402899967416 0.46922631331233483 0.15528266536331053 0.11856920459070991
0 0.4607567611599869 0.4221606748488469 0.1170984033887259 0.15839397559827667
0 0.553671798631476 0.5303211324716701 0.09826083414793087 0.10861301183881832
0 0.7270690778755295 0.6330509395025524 0.19753991528185064 0.13757648166250322
0 0.28847803706245706 0.35065710872162487 0.1193948753145733 0.12455832634281501
0 0.22091626630061767 0.3652736470169552 0.11867993594143215 0.16650143623376287
2 0.08447104394208788 0.3998109107329325 0.07699390398780796 0.10724465893376231
