2 0.180208333333333 0.661111111111111 0.080208333333333 0.094444444444445
0 0.1013244847670251 0.7526259458383115 0.06895441308243729 0.0927170450019912
0 0.14735243055555558 0.47260802469135804 0.02450156810035841 0.047914177618478646
0 0.40916918682795705 0.4172267025089606 0.052503360215053765 0.06409299084030265
0 0.3468651993727599 0.6076388888888888 0.09730622759856636 0.05787037037037037
0 0.33706457213261654 0.6791990242931104 0.05040322580645161 0.049158701712465065
0 0.6467117517568368 0.4793036623110283 0.06429387858775715 0.11382985728934421
0 0.6136387689442045 0.4950611012333136 0.04312716958767248 0.052211215533542195
0 0.5568855304377276 0.6392299080894458 0.02381254762509526 0.07525940977807882
0 0.5333375666751333 0.599483532300398 0.03704174075014815 0.07290755322251391
0 0.6563690627381256 0.5397463757890478 0.01587503175006348 0.04092230406683035
3 0.9597385141739981 0.47144835451287065 0.06987719941348959 0.10929184316281086
