1 0.675520833333333 0.285648148148148 0.095833333333333 0.113888888888889
0 0.26390067911714776 0.11642457397975223 0.36785512167515555 0.18078349996855936
1 0.6985179683078664 0.6045400238948626 0.09815365025466895 0.14777086084386598
0 0.4138406396470912 0.30240786692399596 0.09764727506662989 0.071990932205986
0 0.29457885304659504 0.37136598964555956 0.06227598566308245 0.04818797291915569
0 0.5580878915381018 0.5726975222066386 0.2483637213651239 0.23288833480511836
0 0.44048036465638146 0.5558152823229962 0.13002571294997664 0.12120582480563784
0 0.3031193996415771 0.6032954998008762 0.20021281362007165 0.1929012345679012
0 0.12495799731182795 0.5959757330901927 0.2499159946236559 0.19319599027437176
0 0.11982851112997552 0.6888892818964976 0.23357326447840027 0.32177497956360435
