2 0.60390625 0.556018518518518 0.075520833333333 0.089814814814815
2 0.664174152715394 0.5104124132298897 0.05572002177759633 0.08922765149796585
2 0.8249540628828093 0.5588070716694644 0.0693310194637268 0.06956732150688866
2 0.902366612222676 0.6865992166114664 0.045511773512998385 0.06805498843065191
2 0.9754464285714286 0.6248352961256187 0.04843509984639023 0.0895511179382146
2 0.25421932158297306 0.7019978075847715 0.024248974614787738 0.02832896081981551
2 0.3007133995037221 0.7212112857274148 0.015767162944582292 0.02251631283889358
2 0.29083240637745644 0.7382619920625112 0.012359411692003469 0.014762630632115251
3 0.27132770980101345 0.8800519095291064 0.06295575330614263 0.05046759774234753
0 0.03387533875338753 0.8547755728453342 0.06447241891773757 0.039824771007566755
0 0.016937669376693765 0.8870724907965926 0.03387533875338753 0.04808112597255006
2 0.3938918757467144 0.5232311164210806 0.05973715651135008 0.04048851719102618
