1 0.335416666666667 0.45462962962963 0.075 0.088888888888889
0 0.1739876458476321 0.28329393223010246 0.22091626630061767 0.1347263529830448
0 0.162191146190803 0.45233737512392286 0.22592084191260578 0.18048247286407892
0 0.12072466254861587 0.0958209410508656 0.127259208419126 0.0724471898116373
0 0.8277997025852207 0.5953252497521543 0.0457561198810342 0.06227916317140754
0 0.4270896733617367 0.5689118820585649 0.06815530533576793 0.05466513378868823
0 0.5030115134915805 0.6210410044859223 0.05135423006695064 0.039449065620702876
0 0.534041115047548 0.5769987776327512 0.04098296973087205 0.03798316309970237
0 0.6052640533551109 0.5255206206614945 0.05742139648836259 0.0657864888162969
0 0.922427035330261 0.49893326506229735 0.1338085637480799 0.14400921658986174
0 0.03263608870967742 0.6456186529271206 0.06527217741935487 0.18856406810035836
