9 0.376302083333333 0.25787037037037 0.094270833333333 0.112037037037037
0 0.9770886389360498 0.036131547506759724 0.04515067911714774 0.06421429918883226
0 0.698200184811828 0.11107377538829152 0.02940188172043011 0.07467144563918758
0 0.8056791496724757 0.21010999876405886 0.016994191076504753 0.054930718631126495
0 0.6488691138301816 0.07140993422046443 0.013131874922753658 0.04119803897334486
0 0.7037140032134471 0.0686633982889081 0.020856507230255845 0.03707823507601038
0 0.47062322333456924 0.06385696040868455 0.028967371153133126 0.05767725456268282
0 0.4347036831046842 0.07552973811779892 0.02047027561488075 0.05767725456268282
0 0.4269790507971821 0.15792581606448866 0.06063836361389199 0.0700366662546863
0 0.47564423433444564 0.22315604443895137 0.025877518230132297 0.027465359315563265
0 0.38507292052898284 0.1895109792773864 0.05252749969101471 0.05493071863112646
0 0.3746446669138549 0.1108913882365866 0.047120257075763235 0.05287081668245924
0 0.2821421950315165 0.05802057155412735 0.03823692992213569 0.06797676430601902
0 0.319606661722902 0.13458026064625989 0.0281949079223829 0.03570496711023223
0 0.3333178840687184 0.18161468847416196 0.018539117538005166 0.03501833312734312
0 0.3141994191076505 0.22075282549883957 0.011973180076628337 0.024032189401117815
0 0.26456865653194905 0.2938793446765267 0.033988382153009505 0.05767725456268282
0 0.3234689778766531 0.34125708949587336 0.03282968730688422 0.04943764676801381
0 0.17824589049561243 0.21628970461006056 0.039009393152885916 0.046691110836457515
0 0.07917748115189717 0.12016094700558919 0.020084043999505627 0.07415647015202075
0 0.10872419972809294 0.1843612244057183 0.026649981460882446 0.0363916010931213
0 0.17380422691879868 0.2526813057031818 0.01699419107650477 0.023345555418228758
0 0.028774255345445556 0.1720018127137148 0.03128476084538376 0.05836388854557192
