7 0.6640625 0.686111111111111 0.053125 0.062962962962963
0 0.821122438628525 0.6258312481684363 0.05674325420977873 0.06480917923401189
0 0.6884573442889024 0.5900453100696558 0.06276628119293969 0.06086427267194162
0 0.7608921687969162 0.39477243524717653 0.023141103672144475 0.043393972182773154
0 0.7442495942381823 0.4731070084082865 0.02472611077297614 0.03324992673744956
0 0.8878512375735442 0.6985302405265886 0.07417833231892872 0.03437704289804112
0 0.9368279569892473 0.8275587415372361 0.0985663082437275 0.08363201911589008
0 0.4123463901689708 0.4679979518689197 0.04032258064516129 0.07253797576378222
0 0.5721966205837173 0.7466291175968595 0.024001536098310336 0.03925584570745851
0 0.34286764137077436 0.7344361070283557 0.04133789742399635 0.036959679568173386
0 0.3486694515355458 0.5906801440567976 0.0519745493927439 0.02707511410226658
0 0.2864208633093525 0.625061241329517 0.02514117738067607 0.04426566273862629
0 0.8719571385902031 0.7522235497145893 0.034535543608124115 0.03152794371432367
