3 0.269010416666667 0.368055555555556 0.202604166666667 0.239814814814815
3 0.30473674453096034 0.6503728422527087 0.2502780867630701 0.16788200881638035
3 0.5567528735632185 0.5391381370246776 0.09848906192065258 0.2276191653277304
3 0.5561735261401558 0.6009351954846949 0.14136077122728954 0.16994191076504758
3 0.44609751575824996 0.5185391175380053 0.09153689284390067 0.19672063609772178
3 0.4087296069707082 0.7327689201993984 0.17670096403411198 0.21731965558439428
3 0.25925797182054133 0.529868578255675 0.216096588802373 0.14110328348370613
0 0.42263394512421215 0.3480822312857908 0.09327493511308867 0.1462530383553743
0 0.6807332220986282 0.3192436040044494 0.04518909899888769 0.08239607794668972
0 0.07561728395061726 0.6884301665265424 0.10495486525952476 0.09661194448131924
0 0.03288862339041549 0.5951369529625204 0.06264104606398513 0.0619496437895482
