3 0.649739583333333 0.713425925925926 0.144270833333333 0.171296296296296
3 0.87669779286927 0.4473369804439415 0.13440860215053763 0.14462679997484754
3 0.03644949066213924 0.38283769459491024 0.07289898132427848 0.08794162826420895
3 0.20553904923599325 0.5400867760799849 0.1025749858517261 0.12261837389171842
3 0.2731854838709678 0.6267734468339307 0.13073336693548387 0.17641129032258066
3 0.34905283938172044 0.522700119474313 0.07140456989247308 0.07840501792114696
0 0.4383085517473118 0.4111596475507766 0.10710685483870967 0.17081093189964158
10 0.43725848454301075 0.4494287634408602 0.08610551075268817 0.20627986857825567
3 0.5244140625 0.35235588410991636 0.0766549059139785 0.2193473715651135
3 0.44487147177419356 0.42936081242532853 0.09083081317204302 0.16801075268817203
3 0.544890372983871 0.4965651135005974 0.15751008064516128 0.12880824372759855
3 0.5406901041666666 0.6001717443249701 0.08400537634408602 0.11014038231780167
3 0.624957997311828 0.7056451612903226 0.0824302755376344 0.2576164874551971
3 0.5540784610215054 0.6300403225806451 0.15173471102150538 0.09707287933094384
3 0.24457115255376347 0.8036514336917563 0.05565356182795699 0.16801075268817203
3 0.4107442876344086 0.8241860812425329 0.18428679435483866 0.18481182795698925
3 0.3530352524840071 0.6703416360419219 0.14631822512590176 0.12627981186576537
3 0.4332125357288689 0.645010057014957 0.04976521028991426 0.07864131996430891
3 0.45447971961344763 0.6037989806875066 0.06252552062066145 0.03251516113908935
3 0.37685449843473523 0.7523857054277634 0.16418265958894784 0.1436716422424875
3 0.4257690213692663 0.742933623701284 0.12505104124132296 0.17316213722910334
0 0.8507483738218505 0.6762614864964528 0.06803398380459302 0.057524669233151915
0 0.7652910527014468 0.7197737363010163 0.11698526483472724 0.08849949112792595
