4 0.7625 0.729166666666667 0.117708333333333 0.139814814814815
0 0.41599462365591405 0.7629276254900971 0.0842420112070271 0.08077136655055782
0 0.4725503558988339 0.6787907853332661 0.04496062395880662 0.0774058929442846
0 0.39943018325003793 0.46802800074040424 0.07856277449644096 0.06310263011762328
0 0.36298841435711043 0.5180894206337187 0.04638043313645316 0.05048210409409859
0 0.36275177949416937 0.5967573661803557 0.06673103134938667 0.04795799888939364
0 0.34902695744358625 0.6783701011324819 0.07146372860820843 0.07488178773957964
0 0.35588936846887786 0.724645363218739 0.03596849916704533 0.051323472495667065
0 0.38428555202180836 0.6064331027983912 0.05016659094351054 0.07740589294428446
0 0.2865553536271392 0.6039089975936863 0.04306754505527789 0.035337472865868934
0 0.2884484325306679 0.5058895788109782 0.06767757080115101 0.0698335773301698
0 0.27093745267302743 0.4688693691419726 0.035495229441163095 0.051323472495666995
0 0.3149515371800697 0.5239789994446968 0.033602150537634407 0.031971999259595776
0 0.17297061941541725 0.48822084237804364 0.044014084507042237 0.08834368216467262
0 0.215564894744813 0.507992999814899 0.02981599273057703 0.043751156881552136
0 0.23165606542480693 0.703190468978747 0.08282220202938056 0.08918505056624096
10 0.2516254063515879 0.6825780519203875 0.07553971826289904 0.12873588767562255
0 0.1755016779672625 0.7379631532086844 0.031247859735634553 0.058976173625855104
3 0.1717562153277173 0.8178663561856494 0.12220909526744744 0.07952271153421761
0 0.045159578111088276 0.8686619637924342 0.08817889185672216 0.12784512476314405
10 0.08464745565372234 0.7489974050483604 0.12178104239435654 0.10311318098455965
0 0.03888534014691795 0.6558489182251558 0.06387735547748323 0.05086530158392192
0 0.05219312253806029 0.4680613222612584 0.07718513786862556 0.06683464045329265
0 0.05186042797828173 0.3938334693684422 0.10313531353135312 0.07807232336136842
0 0.01975540295965084 0.7833079006825412 0.03759448525497711 0.06328589848232129
0 0.052026775258171 0.6990252788719732 0.10280261897157456 0.0532311295645694
