4 0.137239583333333 0.402314814814815 0.166145833333333 0.197222222222222
4 0.041666666666666664 0.3455794504181601 0.08333333333333333 0.08183990442054959
0 0.9547211021505376 0.21923536439665475 0.027721774193548387 0.10005973715651136
0 0.7497759856630823 0.38381123058542416 0.06608422939068095 0.07068896853843093
0 0.6334005376344086 0.37090136731713796 0.06085722819593786 0.049117217575998906
0 0.6419877538829152 0.41968671180140715 0.060110513739546005 0.053763440860215055
0 0.6838037634408602 0.46382583300146024 0.03546893667861413 0.07035709544670121
0 0.6095973957362173 0.6413975041608829 0.024279010504071167 0.05559353871865518
0 0.5882056451612904 0.6948374520530717 0.03404428409734011 0.03772873042822108
0 0.5245384125636673 0.7726529585612778 0.029622948500282957 0.042444821731748815
0 0.3549801924165253 0.4283782934037603 0.030949349179400135 0.07231339998742377
0 0.4497142186031945 0.33406409854890906 0.030992274767721064 0.08931574857036809
0 0.2548163082437276 0.31083233771405816 0.029020039100684264 0.08779551790304477
0 0.29758268165526225 0.4176351326888962 0.052439719778429476 0.09322616849498573
0 0.6872119815668204 0.6648590358267779 0.03403854210305835 0.03413551800648573
0 0.7668534422566681 0.7036493971977843 0.033602150537634407 0.0760291082871728
0 0.8659554211469535 0.30087614496216647 0.026601702508960677 0.08338311429709282
