9 0.796354166666667 0.660648148148148 0.067708333333333 0.080555555555556
9 0.745052083333333 0.628703703703704 0.0515625 0.061111111111111
9 0.7147216042516376 0.6241502904461748 0.024332591768631846 0.0205990194866725
9 0.6036800148312941 0.6066411238825032 0.02162897046100611 0.02540545736689603
9 0.5809747620026026 0.6137326971516409 0.022044722964180502 0.027395383877816534
9 0.8187581330045887 0.6266694062050544 0.02889356893363477 0.03576619561826054
9 0.7915767755633176 0.6287621091401654 0.03488630915690707 0.031580789748038574
9 0.8977338880898568 0.6063131140180658 0.040879049380179514 0.03462472129001818
9 0.9269484966783096 0.6057423768539445 0.029963701116361933 0.031200298305291096
9 0.9407532018354907 0.6521623328691337 0.022044722964180655 0.026634400992321717
9 0.9181734127799466 0.6458842240638006 0.04408944592836116 0.03234177263353352
9 0.9912366875556469 0.5983227937203692 0.01685458187795354 0.030058823977048666
0 0.6803235407066052 0.6809182454343744 0.022321428571428537 0.048643113159242135
0 0.6732604799750663 0.6071834652168142 0.012174692223780578 0.032321553281503386
0 0.6248863695392447 0.6130994638085179 0.017693886031894458 0.030878626795721977
0 0.6059750142849722 0.6315689228265199 0.007467144563918741 0.017026532532220622
0 0.6195295049607814 0.6397936037954739 0.009577424549374023 0.018469459018001896
0 0.6428237494156148 0.612089415268471 0.013310996831333393 0.028281359121315464
0 0.6105202327151837 0.8829267166496402 0.03571243052308969 0.0349188209559099
0 0.17113653413353339 0.7138358663740008 0.05157539384846212 0.04121400720550508
3 0.22714011836292405 0.7159197206709084 0.039593231641243655 0.06112639270928839
