9 0.234635416666667 0.766666666666667 0.068229166666667 0.081481481481482
9 0.1557529681899642 0.6502638391079252 0.037802419354838745 0.03609119872560724
0 0.2240073364695341 0.6459080047789725 0.04200268817204301 0.02986857825567503
10 0.25708445340501795 0.7065785543608124 0.03745239695340499 0.03795798486658706
0 0.27697495183044313 0.7272049226179378 0.008157747529367883 0.028314721583414484
0 0.2701768288893033 0.7494768682536723 0.013207781714214661 0.023135199342546094
0 0.27639225557834546 0.7672598946139875 0.023307850083908257 0.02624291268706705
10 0.5050549322113137 0.8467092618565268 0.09437821411874706 0.08207365851124626
0 0.42338709677419356 0.7025792395811371 0.024905123339658407 0.027760208025862692
0 0.7793832138590203 0.5046462232842162 0.02874850657108725 0.0497809637594584
0 0.03494623655913978 0.8416965352449224 0.05577956989247312 0.03464755077658303
0 0.1273521505376344 0.8130227001194743 0.07728494623655914 0.03345280764635603
0 0.08299731182795698 0.765531660692951 0.03494623655913978 0.034050179211469536
