2 0.090364583333333 0.850462962962963 0.059895833333333 0.106481481481481
0 0.07510964912280706 0.30742627177262155 0.08400537634408602 0.1163302521536817
0 0.5570352292020374 0.4827076652203987 0.1282187323146576 0.11790228258819083
0 0.5960737543540815 0.48527605297255455 0.048746781765864 0.05384757770037188
0 0.3425739247311828 0.7258064516129032 0.03393817204301075 0.056152927120669056
0 0.2452956989247312 0.4136798088410992 0.12903225806451613 0.1033452807646356
0 0.3272849462365591 0.5540621266427718 0.135752688172043 0.14755077658303464
0 0.4057459677419355 0.6006571087216248 0.1448252688172043 0.1033452807646356
0 0.23555107526881722 0.6830943847072879 0.1028225806451613 0.0913978494623656
0 0.14799555867227676 0.9129395875538933 0.05814633006077606 0.03999792218586051
0 0.29642940626460956 0.7947639083683964 0.03944600280504906 0.0675289595345696
0 0.19664562879850395 0.7241182276245388 0.043828892005610125 0.04051737572074179
0 0.16947171575502568 0.7137291569269127 0.014025245441795236 0.0581787959067061
0 0.2303938756428237 0.7282738559035893 0.027173913043478243 0.031167212092878285
0 0.036816269284712475 0.7729468599033815 0.07129499766245909 0.07272349488338262
0 0.02790439457690509 0.6817827645317125 0.04996493688639551 0.04519245753467353
0 0.01358695652173913 0.5132200924627291 0.02366760168302945 0.05817879590670617
0 0.6553932965223287 0.6969334926324173 0.05267364138331877 0.06458070974200007
3 0.4806712035766502 0.9505522639163193 0.15626231059854953 0.09770072903713449
