1 0.7859375 0.062962962962963 0.044791666666667 0.125925925925926
3 0.34083191850594236 0.46777337609256114 0.13264006791171473 0.10689806954662648
3 0.5287386813808715 0.6878576369238508 0.19188596491228066 0.16663522605797654
3 0.5606413810483871 0.5152329749103942 0.1281081989247312 0.07653823178016726
0 0.5282768476929359 0.2601212891127142 0.07571117462910028 0.05898098997323172
0 0.7564737307744658 0.421562845000983 0.07188308152987619 0.07183582112124375
0 0.7583877773240779 0.334225609848313 0.06805498843065194 0.06654265535441527
0 0.7549850279025452 0.25407195680776734 0.06465223900911943 0.08922765149796592
2 0.3968456512862393 0.3232611950455968 0.04083299305839117 0.0657864888162969
0 0.37995129124161375 0.38767372279917084 0.07179946696075727 0.040335344994843154
2 0.37005170878706933 0.3272226407628092 0.03809670570508863 0.06544452815256183
0 0.35571193753852476 0.3386373840452328 0.04494555167454286 0.03804914427474519
0 0.8299731182795699 0.03405017921146957 0.03696236559139785 0.03733572281959379
0 0.04224976280834914 0.11544205495818406 0.02223671726755218 0.04743833017077798
