10 0.4671875 0.35 0.128125 0.151851851851852
10 0.3102003528225806 0.3318212365591398 0.09450604838709674 0.08307198327359618
0 0.4180947580645161 0.21234692353643966 0.26934223790322576 0.1316084229390681
0 0.31046286962365593 0.649174880525687 0.22418934811827954 0.13720878136200718
10 0.5963436659946236 0.6421744324970131 0.19636256720430106 0.16614396654719235
0 0.5372773857526881 0.6726652727996815 0.13720878136200715 0.1692552767821586
0 0.501225078405018 0.6045275786539228 0.10990703405017926 0.13503086419753085
0 0.47514840949820797 0.42033801274392674 0.05705365143369178 0.23334826762246116
0 0.45607218862007176 0.442739446435683 0.1379088261648745 0.11885205097570685
0 0.27233119190814653 0.43992872040985764 0.07944915254237288 0.1549116092582468
0 0.35605180426462546 0.4239819371038617 0.0726148168398031 0.2009800943644574
10 0.890449988799283 0.3133089406610912 0.10710685483870967 0.10640681003584233
10 0.8318212365591398 0.6913331342094784 0.09415602598566299 0.12818598168060544
0 0.9749803987455197 0.47509707287933095 0.04935315860215054 0.14747610513739545
0 0.7171889000896058 0.17858920748705698 0.08260528673835123 0.11574074074074076
