1 0.6 0.694907407407407 0.079166666666667 0.215740740740741
10 0.41157328805885685 0.5903917499842798 0.16977928692699484 0.13205055649877376
0 0.8258524335031127 0.7530968999559832 0.06455149971703447 0.14305476954033824
0 0.812988441232538 0.9803967804816701 0.05120325484764548 0.03801169590643269
3 0.3797396717600453 0.904797836886122 0.12379739671760039 0.1886436521411055
3 0.4623485776507418 0.8215749436655928 0.10718660677827685 0.17769913645781352
0 0.5788927453382333 0.4956671657365818 0.07571117462910028 0.19584713337265394
0 0.6252552062066149 0.5886756499251395 0.03572886892609231 0.06276182266382355
0 0.4655386552334286 0.5285604101447302 0.10676126310058529 0.13459764378506722
0 0.5116884442629644 0.35804485579904116 0.05869742752143736 0.11266881417963487
0 0.5648564039744113 0.24726645796470212 0.06720430107526881 0.13006064455635705
