10 0.777864583333333 0.658333333333333 0.0796875 0.094444444444445
10 0.1748882837592515 0.4127216869152353 0.12044407205697531 0.08068395165169359
0 0.28093143415724064 0.36617325327002753 0.030547409579667634 0.060512963738770194
0 0.30973327747521295 0.4243587953265373 0.020946795140343522 0.07292587937749233
0 0.43672322301354555 0.42784992784992787 0.015710096355257698 0.04577262641778766
10 0.034397467710122795 0.6477416527044318 0.06123942228160591 0.0929637406064205
0 0.36679730680333633 0.6386851126073315 0.06092352527384186 0.048013041682019635
0 0.42725772424118685 0.725715711628329 0.04551177351299854 0.0396987432512137
0 0.5133116211745243 0.5229298777685875 0.07444168734491312 0.05054682474037307
0 0.4719551282051282 0.5943847072879331 0.0578990901571547 0.031706644609870424
0 0.4861714226633581 0.6281591765462733 0.05479735318444996 0.041356492969396225
0 0.5554435483870968 0.5707196029776674 0.0253308519437552 0.05973715651135006
0 0.6049421009098428 0.5231596360628619 0.026106286186931324 0.04089697638084734
