2 0.309635416666667 0.500462962962963 0.071354166666667 0.084259259259259
2 0.4729607694892473 0.40229241338112304 0.04830309139784946 0.07467144563918758
0 0.7999896608767576 0.4806543516220936 0.03670388751033907 0.04778972520908005
0 0.8426385442514475 0.4994945317525963 0.015508684863523432 0.030328094844223913
9 0.8855459057071959 0.5256869772998806 0.04032258064516129 0.04778972520908005
0 0.930004135649297 0.8432129399871334 0.10545905707196028 0.09833654994945312
0 0.9889371381306864 0.7044389302453817 0.020678246484698064 0.041356492969396225
0 0.18122924573055027 0.48330873568065225 0.03533167299177735 0.029429334457797447
0 0.19185345509171411 0.5171305081172254 0.011612507906388382 0.026793871670531957
0 0.37429411309661953 0.6398880895283773 0.08630192620097471 0.0807955785908908
0 0.11214376256665792 0.7792542083126924 0.07785864148964071 0.05293780536371666
0 0.02445034530990471 0.7095608590494508 0.045076055599265676 0.029140076347000013
0 0.04452967916775941 0.4523996852871754 0.015844916513681265 0.029625744286116713
0 0.060238001573564126 0.49829530553370055 0.038519538421190665 0.030111412225233346
0 0.08564450563860478 0.5007236452292838 0.013386222571903141 0.02136938932113334
