2 0.307552083333333 0.591203703703704 0.0578125 0.069444444444445
0 0.6184917940011319 0.7774633716908759 0.14325127334465193 0.09432182607055269
0 0.9709242567994939 0.547438330170778 0.05435641998734985 0.1282591889802515
0 0.9904826850094877 0.2749758647092116 0.01836258697027209 0.08934311321208382
0 0.6883659015715466 0.4247541586251263 0.08335918114143913 0.05743957356860578
0 0.5394179073614557 0.3569754618141715 0.08659015715467326 0.14704530833563084
0 0.5006461952026467 0.22141806819226176 0.13311621174524402 0.11258156419446741
0 0.7381229321753514 0.6430245381858285 0.17253411910669977 0.09420090065251352
0 0.2867690381499484 0.11415525114155253 0.034062453969656785 0.08592330731084598
0 0.26329356311680663 0.0241403577682853 0.05983944616291057 0.0466440811116021
0 0.390295135956764 0.5218400295245422 0.032194730619827715 0.07850275541543905
