9 0.219010416666667 0.35 0.0765625 0.090740740740741
9 0.2765014170209219 0.19819769757254127 0.042979494873718396 0.04260324340344348
9 0.31492248062015504 0.21440545321515564 0.06043177461031926 0.03519398368110544
9 0.28379490706009836 0.263954877608291 0.04297949487371844 0.03148935381993647
9 0.30984308577144287 0.28456188121104353 0.047668167041760454 0.02824780269141359
9 0.22687963657581062 0.286645735507951 0.03334166875052095 0.04630787326461245
9 0.4133845961490372 0.25793485408389133 0.05782695673918479 0.035193983681105476
0 0.17022484787863632 0.346151352652978 0.047147203467533524 0.05047558185842757
0 0.14508835542218887 0.40750928472858955 0.05626406601650413 0.07501875468867215
9 0.058217679419854965 0.3260074277828717 0.04506334917062598 0.02315393663230619
0 0.0902569392348087 0.42695859149972676 0.04245853129949154 0.03889861354227444
0 0.08960573476702507 0.13033561420658196 0.04643206256109482 0.034032077042829734
0 0.18766291951775824 0.2273632381159263 0.04500651678071031 0.029687556569276994
0 0.08640552995391707 0.3132435770006928 0.012989066594379688 0.02610363141672444
0 0.14383207250927785 0.12608240555714148 0.02482990769816347 0.02273183831847833
0 0.1378847892282806 0.028943445300853233 0.0278035493386621 0.030397225658430334
0 0.01696908602150535 0.1627837514934289 0.02968189964157706 0.04082039028275588
0 0.470318100358423 0.15671047391477497 0.043682795698924734 0.03942652329749102
0 0.5123207885304659 0.168657905217045 0.027777777777777804 0.06411788132218241
0 0.5002240143369175 0.16308243727598568 0.019265232974910368 0.03305455993628037
0 0.40938620071684595 0.28335324571883713 0.029793906810035867 0.026682596575069703
0 0.4950716845878136 0.24014336917562723 0.02956989247311828 0.03504579848665868
0 0.4344758064516129 0.3160095579450418 0.03024193548387097 0.03624054161688572
0 0.4955197132616487 0.37753882915173237 0.027329749103942626 0.03106332138590203
0 0.5175851254480287 0.22799681401831937 0.023969534050179184 0.03544404619673436
0 0.6413875103391231 0.3076463560334528 0.046784532671629464 0.045492142266335835
9 0.5933105872622001 0.24147596728241888 0.04678453267162939 0.026192445547284237
9 0.6033912324234905 0.1884018013050271 0.047301488833746956 0.02940906166712618
9 0.7513699338296114 0.16542597187758476 0.02429693961952029 0.07995588640749929
9 0.7309501654259719 0.2628434886499403 0.036186931348221645 0.0542229574487639
0 0.7963451199338297 0.17691388659130594 0.027915632754342362 0.037680360261005436
0 0.7440033085194377 0.14750482492417974 0.03334367245657562 0.06249425604264314
0 0.682227047146402 0.24101645069387004 0.02869106699751864 0.033544710964065826
9 0.574759365244537 0.27309515550930746 0.05040322580645161 0.03308025333693041
0 0.5973414556596137 0.30633599260030064 0.0413703896404209 0.046248121170077476
0 0.5762949473927621 0.1518544211919169 0.02782113539137471 0.04753279120257961
0 0.6117036651636027 0.1452704872753434 0.030350329517863314 0.06005832401947561
0 0.6375263274581532 0.024566135806574775 0.023902560691719376 0.04310928820406705
0 0.671474891918856 0.4171685819507569 0.025288216383992895 0.02771311384547169
2 0.853494623655914 0.2747909199522103 0.036290322580645164 0.05854241338112306
9 0.8218937776723592 0.049116241478670386 0.06992212207463643 0.05270925574530887
0 0.9062697659709045 0.04384531590413951 0.056827166350411094 0.053587743341064024
