2 0.18515625 0.363425925925926 0.0578125 0.075
0 0.4382658164541136 0.8480036675835625 0.1875468867216804 0.13892361979383727
0 0.5226619154788698 0.42567586341029695 0.09846211552888222 0.0972465338556861
0 0.7594398599649912 0.47777222083298604 0.048449612403100764 0.08196493567836408
0 0.3485569743130227 0.4637926456922873 0.09613948626045403 0.13108987123324042
0 0.32895571983273597 0.6380260188503917 0.10547341696535242 0.1078587548121599
0 0.36139112903225806 0.5708217177751228 0.036869026284348884 0.08130890747378208
2 0.1670496589201064 0.49743065993499574 0.06612036073534512 0.10726994771392964
2 0.24382876633136782 0.504817512621883 0.034686090877558105 0.08864223224264847
0 0.031119324970131403 0.5084685940420707 0.062238649940262805 0.14802705931738175
