1 0.579166666666667 0.641666666666667 0.059375 0.07037037037037
2 0.4044991511035654 0.16279947179777401 0.07604697226938312 0.13833867823681065
0 0.9647088992642897 0.765969694358468 0.06991015846066785 0.03989386271555258
0 0.8046300226372382 0.4905678173929448 0.06808856819468037 0.11790228258819097
0 0.22234012450481047 0.5212224108658744 0.077815506508206 0.09432182607055282
0 0.2347198641765705 0.5330126391246934 0.022990945104697232 0.12104634345720927
0 0.25019453876627057 0.40489215871219275 0.09284804753820036 0.07545746085644216
0 0.2966185625353707 0.36559139784946243 0.06897283531409165 0.04716091303527641
0 0.02362761743067348 0.3263400436575309 0.04725523486134696 0.10051113446699193
0 0.7016129032258065 0.944884612966107 0.05659309564233164 0.04558888260076712
