9 0.199739583333333 0.223148148148148 0.030729166666667 0.285185185185185
9 0.3859375 0.575925925925926 0.121875 0.144444444444444
0 0.30114332380563497 0.4117326800054444 0.06720430107526881 0.1625758056954464
0 0.3572886892609228 0.18034571934122767 0.07060705049680145 0.15350180723802612
10 0.4989281339322172 0.26692678795577934 0.043385055124540634 0.09376465072667604
10 0.41662413229889744 0.3259077779290111 0.09825438954675376 0.16938130453851155
0 0.4782989655641759 0.4238313446153381 0.09740370219137062 0.05520015728263997
0 0.253681100455294 0.11113263801435844 0.05812263876780008 0.04143928875111671
0 0.35615252349123316 0.04601375569117504 0.023915044076334404 0.024217766153250025
3 0.24414535503245177 0.340125071307867 0.047527366075753155 0.15929908403026677
0 0.23112830572507992 0.4770899932190254 0.033602150537634407 0.048973704887683336
