1 0.490104166666667 0.11712962962963 0.138541666666667 0.163888888888889
0 0.29030695173793447 0.267891046835783 0.04871009419021422 0.0662202587683958
3 0.3774381095273818 0.43992479601381823 0.06303659248145373 0.07779722708454895
0 0.5107240905971174 0.29219095554030355 0.15943148021047812 0.1220163196827576
0 0.7867140018700326 0.2961144875590879 0.15632304815334258 0.11298114383668377
0 0.8992081580177653 0.21170328814087586 0.04675081813931753 0.08181393174380548
0 0.6180650880805307 0.12886702763161245 0.05933996797071602 0.04321411322097664
0 0.6591741020361472 0.12092325681893293 0.03145733241821095 0.041307608225933545
0 0.3820537197307457 0.04540995230740838 0.04507605559926563 0.07624986644131675
0 0.5205601451175802 0.02404056298627502 0.0505398199143282 0.04419578245961671
0 0.29336000338667345 0.12934740684296184 0.020108373550080407 0.04797787373352525
0 0.9534381109481915 0.09435755403497338 0.09240591397849462 0.13440860215053763
