3 0.380989583333333 0.634259259259259 0.068229166666667 0.081481481481482
3 0.4978525522185144 0.4789272030651341 0.11432455815103197 0.1023084634504731
3 0.5455521567173403 0.5177220230983672 0.12011803238165862 0.08651588184402427
3 0.5416898405635892 0.5839822024471635 0.1123934000741565 0.1366401625949272
3 0.4951489309108887 0.6159106826515058 0.06952169076751946 0.11535450912536557
3 0.6241502904461749 0.5712794737637155 0.0903781979977753 0.07690300608357714
3 0.44262143121987385 0.6244936074376193 0.047892720306513425 0.07484310413490977
3 0.5683398220244716 0.6790810090773013 0.12320788530465952 0.11123470522803118
3 0.46888518106538135 0.732981776734094 0.07879124953652203 0.16547878987626866
3 0.4617398961809418 0.7127260742388662 0.13247744407366208 0.10986143726225306
3 0.7958646339667109 0.4938544377342433 0.039586095153925485 0.09737974828562546
3 0.7459217115922817 0.4844437897906745 0.052934894682574736 0.06546537699873983
0 0.6531705700397703 0.4693049213597159 0.12612314037413455 0.10719955483543642
10 0.7074863750184123 0.6530171355624295 0.15097952570334372 0.12438421629760567
0 0.7371759463838563 0.7283023191109803 0.11921858889379888 0.10638123762295212
0 0.44258530183727035 0.400986839010715 0.09154601642536615 0.26764127602329274
0 0.3748518330369994 0.42544614718859064 0.05291677250021163 0.10395205975597137
0 0.9383190524193549 0.22176844959103031 0.12268985215053764 0.11744669607572833
3 0.28030617488931053 0.38074530887623875 0.04175561353573687 0.03162555344718529
3 0.22090154068367848 0.3924136783228422 0.03560824907719469 0.038338772089373876
