3 0.820052083333333 0.316666666666667 0.286979166666667 0.340740740740741
0 0.8125884267119411 0.16122744136326478 0.1830432937181663 0.23266050430736335
0 0.8103777589134126 0.08419795007231341 0.13971420486700634 0.1634911651889581
0 0.9531868986983588 0.0944161478966233 0.08577391058290883 0.18392756083757786
0 0.40892048670062253 0.3805256869772999 0.13087153367289184 0.19964786518266997
0 0.3452532541029994 0.2822737848204741 0.09196378041878885 0.16034710431993962
0 0.2068654499151104 0.661919134754449 0.11583899264289756 0.10218197824309874
0 0.07510964912280707 0.49685593913098164 0.09461658177702321 0.12419040432622772
0 0.34498630553864884 0.6852866256396384 0.01743507810914999 0.049593111066026534
0 0.13354635828768513 0.9194450080025248 0.037723168999797115 0.025360113613308945
2 0.035592919456279154 0.9696016771488468 0.058011259890444304 0.05804648227046276
0 0.0360684215865287 0.9355064132909536 0.07100831811726517 0.06424562115371614
