1 0.37734375 0.305555555555556 0.0765625 0.090740740740741
1 0.190885416666667 0.475462962962963 0.103645833333333 0.123148148148148
0 0.07205794504181601 0.09776981282357632 0.14112903225806453 0.12345679012345682
0 0.45698924731182794 0.1594982078853047 0.08512544802867389 0.13274923669188904
0 0.8101851851851852 0.09378733572281962 0.06272401433691752 0.07035709544670118
0 0.7508213859020311 0.5929244656843223 0.20086618876941467 0.19248639320323904
0 0.6586021505376344 0.047325102880658484 0.07616487455197143 0.0836320191158901
0 0.44280167264038234 0.028076463560334563 0.046296296296296315 0.03451480153989114
0 0.2956989247311828 0.07586618876941463 0.0642174432497013 0.05044470994291784
0 0.2499734719864177 0.021615418474501668 0.03669708545557438 0.03694271521096649
0 0.38791914261460114 0.13401559454191034 0.02873868138087156 0.03222662390743885
0 0.8215309987631416 0.03269085411942554 0.027415739022881868 0.06538170823885109
0 0.9655475093263112 0.19460902640626143 0.061718235681369346 0.08533879501621434
0 0.6888440860215054 0.37564918440494477 0.0651470265525566 0.0963109258040134
