7 0.295833333333333 0.382407407407407 0.058333333333333 0.068518518518519
7 0.18063597095855155 0.3414667769506479 0.04710045032625678 0.07454380214236844
2 0.16707342954159596 0.5314406086901843 0.12026032823995471 0.2153681695277621
10 0.40803621958121117 0.20445827831226812 0.23786785512167521 0.1524869521473936
10 0.6918859649122807 0.2256806891781425 0.3050721561969439 0.25466893039049243
10 0.4694927843803056 0.40253411306042886 0.13971420486700625 0.22794441300383586
10 0.5370148689516129 0.49423163082437277 0.05040322580645161 0.10173984468339307
10 0.6057199736254818 0.4077342710939789 0.06023026983160883 0.03775839137981558
9 0.6126381947599576 0.49072812021471723 0.04685370286233531 0.03744089386978989
9 0.6830370664849311 0.43730122671512955 0.06318150840527029 0.04922005149174618
10 0.7923387096774194 0.5519713261648745 0.09744623655913978 0.2628434886499403
0 0.7147177419354839 0.5669056152927121 0.08333333333333333 0.1111111111111111
10 0.44632989844683385 0.6617881322182397 0.11760752688172044 0.14270542944378078
0 0.3077085822381521 0.6321961148723395 0.056625846276383895 0.18363644409044655
0 0.07729482922201138 0.764240283927191 0.15458965844402275 0.21046805819101844
0 0.0654352466793169 0.4691182327172208 0.1308704933586338 0.28436057816196975
2 0.036498887652947724 0.6163844600996994 0.07299777530589545 0.07724632307502168
0 0.9871277915632755 0.1084459148975278 0.02119520264681548 0.07352265416781545
0 0.363841285842294 0.48925353444842695 0.033952172939068125 0.05258114297092794
