10 0.465625 0.542592592592593 0.275 0.325925925925926
0 0.6803904923599321 0.4976419543482362 0.16447368421052636 0.13205055649877376
0 0.6445776740237691 0.31292837829340375 0.14059847198641767 0.12104634345720931
0 0.5703743152769325 0.23246770812199902 0.04723321160478798 0.04902955298573069
0 0.4491212720632989 0.33559883681612224 0.045648204503956236 0.09411419940939114
0 0.6792773561037319 0.6648042729636657 0.08262175838077163 0.18413100007027888
0 0.8182321315623023 0.6370440649378031 0.17077798861480084 0.142666385550636
10 0.7640168970814132 0.3440196468870304 0.13280849974398368 0.15171341336215885
0 0.8465577729178058 0.8371605613267724 0.2215463823583016 0.23894862604540024
0 0.919172589757609 0.4352003725978576 0.15718972115910332 0.14174918494218663
0 0.29172776148582596 0.4004380724810833 0.11200716845878134 0.09322616849498573
0 0.2583801726946888 0.27960609681039794 0.06058569566634081 0.10680279497483797
0 0.2005946562398175 0.5665254697512762 0.10793418051482567 0.11223344556677883
0 0.2711082600195503 0.6167589877267297 0.06567693059628545 0.2235617827015677
0 0.19499429781687844 0.6855472285579812 0.1466275659824047 0.10589768654284783
0 0.30598321928967087 0.5665254697512763 0.09367872271098081 0.11585387929473955
0 0.3538408276311502 0.5556641685673944 0.1313538611925709 0.22084645740559716
0 0.2767086184424894 0.49909489156800985 0.0544762137504073 0.076934216719163
0 0.14612735215053765 0.42873855037833536 0.01995127688172043 0.0385802469135802
0 0.0200927145051569 0.42584058713090966 0.0401854290103138 0.044132348279813736
0 0.03130666300406051 0.0420127050732873 0.05704311249174785 0.0840254101465746
