1 0.804166666666667 0.450925925925926 0.042708333333333 0.05
0 0.21042904640633844 0.2508688892698291 0.4208580928126769 0.36478248708521577
0 0.7895560315860215 0.05600358422939068 0.08295530913978495 0.054136798088410994
3 0.6884018013050272 0.4984682780381705 0.052844407683117364 0.07607552410419795
0 0.6753342983181693 0.4484320272850739 0.05542918849370468 0.041356492969396225
3 0.7318235808952238 0.4744241615959545 0.03568600483454196 0.04584479453196636
10 0.6512044677836125 0.5255943615533514 0.11200716845878134 0.0990988487862706
0 0.844924639279478 0.5824576989451541 0.036186931348221645 0.10824168530261713
0 0.5200320512820512 0.39196765003216616 0.046526054590570756 0.022975829427442324
10 0.5364454094292803 0.48823637533314956 0.07263234077750208 0.04273504273504274
3 0.4807433829611249 0.5732469442146861 0.07650951199338293 0.07030603804797356
0 0.3809726639406331 0.47621451528766395 0.038334847796456094 0.08834368216467262
0 0.3873802923387097 0.6935110513739546 0.16276041666666663 0.14187574671445638
0 0.16765372983870971 0.7681824970131422 0.17063592069892472 0.11947431302270012
0 0.07524781586021508 0.78125 0.05092825940860214 0.1400089605734767
0 0.2545467909946237 0.3714904420549582 0.17536122311827956 0.07467144563918758
