2 0.296875 0.818981481481482 0.111458333333333 0.132407407407407
2 0.18564303904923604 0.685499591272087 0.11053338992642898 0.16506319562346725
0 0.8948252688172043 0.6383386782368107 0.059245897000565914 0.0675973086838961
0 0.8514961799660442 0.3695214739357355 0.03625495189586876 0.05502106520782246
0 0.8139148273910584 0.031094761994592216 0.033602150537634407 0.06218952398918443
0 0.6786219581211093 0.14899704458278315 0.033602150537634635 0.06218952398918443
0 0.5822368421052632 0.1345029239766082 0.017685342388228605 0.04401685216625797
0 0.5596880305602716 0.22961076526441557 0.03625495189586876 0.055021065207822496
0 0.5941744482173175 0.4512670565302144 0.03625495189586876 0.055021065207822524
0 0.4411962365591397 0.41982644784003026 0.03625495189586876 0.055021065207822524
0 0.4774511884550084 0.5078601521725462 0.03625495189586876 0.055021065207822524
0 0.13258701188455008 0.2744136326479281 0.05924589700056607 0.09117776520153428
0 0.05875070741369552 0.2602653587373452 0.04775042444821745 0.08803370433251587
0 0.0706883135257499 0.13214487832484442 0.05217176004527449 0.0487329434697856
0 0.14761955291454448 0.19031000440168527 0.05217176004527451 0.0487329434697856
0 0.19094864176570464 0.10463434572093314 0.030949349179400135 0.04716091303527634
0 0.5837100847181492 0.552948843271424 0.017819322254806116 0.05611672278338942
0 0.34009449332029973 0.4465986025125811 0.015273704789833798 0.03710944571159625
0 0.22579626914304335 0.45836501212845304 0.011709840338872604 0.035299228847615896
0 0.14790037471489084 0.3302921690018465 0.028001792114695355 0.03258390355164546
0 0.19244868035190615 0.4660584338003693 0.019346692733789524 0.023532819231743954
0 0.0884454553809392 0.38078097397093813 0.032166161198419266 0.022465255440165855
0 0.1968626504916827 0.4971918430699793 0.023263027295285378 0.022465255440165855
0 0.32370071684587814 0.47510951812027075 0.009408602150537635 0.013540422142572658
0 0.7789027909550917 0.6605436081242533 0.028907732447817826 0.026354627872654374
