1 0.20703125 0.276388888888889 0.078645833333333 0.093518518518519
0 0.5910795132993776 0.3475130478526064 0.07162563667232597 0.23108847387285417
0 0.6724320882852292 0.3687354587184808 0.03448641765704573 0.11633025215368181
1 0.7865648190216568 0.2682030053679304 0.07383007723761927 0.06394399851919162
0 0.7567488262910799 0.31363689905261916 0.05111313039527484 0.12452252343211
0 0.7534359382099045 0.515985999629798 0.10317280024231415 0.10517105019603881
0 0.8653642283810388 0.543330472680768 0.0913410570952597 0.17837010113248178
0 0.7804123125851885 0.6623841015026839 0.08140239285173417 0.12368115503054161
0 0.6478967893381797 0.5929712083732983 0.06531122217174012 0.13798441785720292
0 0.5963103892170226 0.4941104211890218 0.10222626079054976 0.1034883133929022
0 0.5982034681205514 0.6009642081881973 0.07572315614114795 0.14219125986504444
0 0.7492859543010753 0.020385304659498223 0.06880040322580645 0.04077060931899645
0 0.5136088709677419 0.2945041816009558 0.059475806451612906 0.05137395459976105
0 0.46975806451612906 0.3312425328554361 0.0396505376344086 0.05316606929510155
0 0.37785618279569894 0.4668458781362007 0.10114247311827956 0.0961768219832736
0 0.46723790322580644 0.496415770609319 0.05611559139784946 0.06451612903225806
0 0.516633064516129 0.5564516129032258 0.11391129032258064 0.07228195937873358
0 0.22625448028673836 0.5272135935218373 0.1448626045400239 0.11681932828886227
0 0.3192204301075269 0.6174830744723216 0.10229988052568698 0.15133412982875344
0 0.21542712066905614 0.6871764237355636 0.13067502986857826 0.11814682065578112
0 0.3539426523297491 0.7376211336784814 0.07765830346475511 0.09159697331740352
0 0.3502090800477897 0.8511217310500465 0.19862604540023898 0.16726403823178015
0 0.4655764635603345 0.6360679676091863 0.16801075268817203 0.1858489313686446
0 0.41479988052568695 0.5915969733174035 0.035095579450418204 0.15000663746183457
