10 0.481510416666667 0.825 0.3171875 0.375925925925926
10 0.5813525749858518 0.38917185436710056 0.23079371816638364 0.5030497390429479
0 0.5813525749858518 0.1722316544048293 0.13175580079230337 0.125762434760737
10 0.7652801358234295 0.3176444695969314 0.2767756083757781 0.2971137521222411
10 0.6383878041878891 0.5534490347733132 0.23167798528579495 0.12104634345720941
10 0.9549554329371817 0.13686096962837202 0.07427843803056032 0.10532603911211719
0 0.915605546123373 0.5416588065144942 0.16005234861346915 0.34899075646104505
10 0.28247028862478785 0.15100924353895492 0.13706140350877194 0.2468087782179463
10 0.28644949066213926 0.5707413695529145 0.29180814940577254 0.29711375212224117
0 0.46286078098472 0.673709363013268 0.0698571024335031 0.10375400867760803
10 0.2457732031692134 0.3931019304533736 0.14325127334465193 0.2059359869207068
10 0.07157258064516134 0.5495189586870403 0.1361771363893605 0.14777086084386587
0 0.4115732880588569 0.4261145695780671 0.09284804753820032 0.05816512607684077
10 0.1984649122807018 0.21860655222285105 0.08223684210526315 0.08646167389800664
0 0.11030839307048979 0.4303066507367583 0.08027180406212664 0.07467144563918758
0 0.041619997013142146 0.3285543608124252 0.08323999402628432 0.29596442320456645
