1 0.639583333333333 0.600925925925926 0.055208333333333 0.064814814814815
1 0.6927097693226725 0.6097734072644466 0.026996599577244824 0.03318730917297218
0 0.8394256858607174 0.6649247981777376 0.017586172243995488 0.016748735470472096
0 0.7709402492668622 0.8726783968719454 0.1397543988269795 0.13848159009449343
0 0.5005956744868035 0.7192625176496144 0.1229533235581623 0.10589768654284783
0 0.34518572825024435 0.8774302161398937 0.16495601173020527 0.1316932768545672
0 0.2543682795698925 0.5830346475507766 0.034274193548387094 0.08602150537634409
0 0.3696236559139785 0.6227598566308243 0.0678763440860215 0.06630824372759857
0 0.913876669925057 0.6886064950581079 0.013644509612251669 0.02099851562217159
0 0.9087854349951122 0.7065276420115129 0.012829912023460508 0.015567865030230724
0 0.38567801672640384 0.43654586486127706 0.009408602150537635 0.022567370237621166
0 0.6386167877047796 0.36029949895850927 0.03975961267803858 0.08131759525105244
