9 0.701041666666667 0.1625 0.116666666666667 0.158333333333333
0 0.12462860780984723 0.10463434572093318 0.13617713638936046 0.11947431302270012
0 0.5274122807017545 0.10227630006916934 0.09815365025466888 0.07702949129095138
0 0.582678975664969 0.15415330440797337 0.1114176570458404 0.1179022825881909
0 0.562340831918506 0.214676476136578 0.10080645161290322 0.06916933911840532
0 0.5937323146576119 0.2547632522165629 0.10169071873231471 0.11161416085015403
0 0.7516067235199603 0.27980334802730056 0.10505499938202942 0.07072330023757536
0 0.7207081942899518 0.3560197201279886 0.09501297738227658 0.12702728683448003
0 0.6550488196761834 0.3391971875472061 0.02858113953775803 0.1826446394484956
1 0.9057459677419355 0.3147401433691756 0.11130712365591398 0.06795101553166069
0 0.8003192204301075 0.08464008363201918 0.16066028225806453 0.15681003584229392
0 0.9464570732526881 0.07108858636677524 0.10641381048387097 0.13537659070730987
0 0.9237021169354839 0.3609244324970132 0.15120967741935484 0.09707287933094384
0 0.218200146627566 0.17853263821005758 0.050785068426197455 0.04072987943955686
0 0.3783831256109482 0.016631367437819053 0.022146871945258995 0.022401433691756272
0 0.009408602150537635 0.08721624850657109 0.016801075268817203 0.06571087216248507
