10 0.430729166666667 0.505555555555556 0.184375 0.218518518518519
0 0.5955008488964346 0.1352889391938628 0.07250990379173744 0.08017355215996982
10 0.5521717600452745 0.21389046091932343 0.1467883418222977 0.19335974344463303
0 0.8709500565930955 0.1462931522354273 0.17596915676287495 0.1587750738854304
0 0.9151634125636673 0.4347607369678677 0.14590407470288613 0.13205055649877376
0 0.6069963214487832 0.5282965478211659 0.24052065647990942 0.15563101301641205
0 0.17414756649688742 0.6611331195371942 0.1529782116581777 0.11947431302270012
0 0.41289968873797395 0.25004716091303536 0.08223684210526315 0.16820725649248572
3 0.31297750424448223 0.21703452178834182 0.05570882852292016 0.08646167389800664
0 0.4217423599320883 0.10070426963466016 0.06985710243350317 0.08960573476702509
0 0.10605899830220718 0.2854178456894925 0.07162563667232599 0.06602527824938685
0 0.47142847362944296 0.020876564170282337 0.10379356299176658 0.041753128340564674
0 0.23074066213921907 0.02131673269194491 0.03802348613469156 0.04087279129723952
0 0.156745392866668 0.3866627492391011 0.07042343994952151 0.19620168536118035
0 0.20412340872574464 0.4562682816297944 0.025105054999382034 0.07896290803224439
0 0.0950129773822766 0.3498400142819869 0.05252749969101471 0.05287081668245929
10 0.18961213517665135 0.5412613073903396 0.06420410906298002 0.060803891449052704
0 0.036252986857825555 0.50554908828505 0.07250597371565108 0.12559439321685428
0 0.12903225806451613 0.5122461170848268 0.043010752688172046 0.05436081242532855
0 0.6929323476702508 0.6391875746714456 0.13608870967741934 0.1772202309836719
