1 0.055208333333333 0.834722222222222 0.080208333333333 0.09537037037037
10 0.5075162705149971 0.6972898195309062 0.12733446519524622 0.20121989561717915
0 0.20465478211658183 0.27834370873420117 0.16358941709111488 0.17763943909954105
0 0.31297750424448223 0.6336225869332831 0.13617713638936052 0.08646167389800678
1 0.06449844368986989 0.7530968999559832 0.0336021505376344 0.06130918694585921
0 0.16663129598189025 0.5801735521599698 0.0733941709111488 0.05502106520782246
10 0.4575551782682514 0.8843614412375025 0.21841397849462366 0.15405898258190276
0 0.6021328522920205 0.8269823303779161 0.10788058856819466 0.0990379173740803
0 0.8523804470854556 0.7963277369049866 0.09019524617996612 0.09746588693957113
0 0.7542267968307865 0.9118719738414135 0.11849179400113198 0.10218197824309874
0 0.6229131295981891 0.9401685216625794 0.048634691567628736 0.11475822171917252
0 0.9368279569892473 0.8372005282022259 0.12114459535936603 0.10689806954662648
0 0.8377900396151668 0.9126579890586681 0.03625495189586876 0.09432182607055269
0 0.9540711658177702 0.9385964912280702 0.06366723259762322 0.12104634345720941
0 0.6363165863304907 0.6962468586495282 0.02124273884563094 0.024718823384006973
0 0.7263085527128909 0.5414108955080404 0.015063032999629281 0.02265892143533967
0 0.8842772834013101 0.5705928397808264 0.03205722407613388 0.03158516321289774
0 0.890843220862687 0.6567654046334062 0.022787665307131468 0.026778725332674277
0 0.8769388827091831 0.7010532965297519 0.02664998146088241 0.023345555418228723
0 0.9462674576690151 0.6145374146857275 0.03167099246075879 0.04257130693912298
0 0.966762267151295 0.7031736416107156 0.028632818415871494 0.026503104649401803
0 0.931976942298955 0.7181079307385532 0.025793200060578576 0.02608242044861767
2 0.9861663259124641 0.6598431689299477 0.022007042253521042 0.027344473050970076
0 0.3654233870967742 0.7449223416965353 0.03696236559139785 0.09109916367980884
