1 0.175260416666667 0.80787037037037 0.0578125 0.087962962962963
0 0.8830645161290323 0.2341696535244922 0.22737455197132597 0.21903624054161686
0 0.1904121863799283 0.5570227839610975 0.04244482173174873 0.07021735940807809
0 0.4356489341633653 0.6833092288666707 0.06484625542350501 0.16139512460961242
0 0.3074302018487078 0.8981533882495965 0.09019524617996601 0.07545746085644216
10 0.6036596868515374 0.8578046070971933 0.09432182607055273 0.12052233331237289
0 0.6234083191850593 0.7451424259573665 0.08665817770232037 0.06078517680102283
0 0.5650466893039049 0.8929132868012323 0.044213355970571584 0.10060994780858958
1 0.13953620304426756 0.8429067945196977 0.02160138248847926 0.060512963738770124
0 0.06229489596425081 0.7214929634284474 0.02247416561932691 0.017843566230662997
0 0.13408130847646976 0.7971341681019101 0.01723746683424103 0.018619373458083198
0 0.1591738234883396 0.7800664090986671 0.02160138248847926 0.023274216822604
0 0.180112860556409 0.8842047372513322 0.021068015019627948 0.01517134133621597
0 0.25305086192182974 0.8853899982932242 0.025068271036012963 0.01849007225351312
0 0.2654516555726234 0.8711668657905218 0.02000128008192524 0.024179325254594142
0 0.1835797491039427 0.8695075003318732 0.015200972862263167 0.015171341336215834
0 0.17584592080559827 0.9019836528797103 0.02160138248847928 0.017541863419999706
1 0.09540610599078339 0.8641833077316947 0.03528225806451612 0.03456221198156684
1 0.04824308755760368 0.7824714115036695 0.04848310291858679 0.046936337258917965
0 0.02412154377880184 0.752816180235535 0.02280145929339478 0.024321556579621133
0 0.20597472084367247 0.864166896424961 0.0164779776674938 0.013211101920779287
0 0.2492697994210091 0.8302775480194834 0.010662220843672436 0.0155086848635235
0 0.23036858974358976 0.8521045859755537 0.008400537634408602 0.017806267806267848
0 0.2420001033912324 0.8500942009006526 0.012923904052936308 0.017231872070581727
0 0.9358097100032584 0.748904818797292 0.11506190941674815 0.09051084319901523
0 0.9668662430759205 0.6167589877267297 0.065167807103291 0.06516780710329086
10 0.7912186379928315 0.8421309872922776 0.1965216682958619 0.135766264798523
0 0.887952101661779 0.897342601643677 0.1191348973607038 0.10137214438289696
