7 0.0671875 0.538888888888889 0.073958333333333 0.087037037037037
2 0.32474989791751735 0.5376344086021505 0.06933101946372672 0.06503032227817857
0 0.6527217741935484 0.21923536439665475 0.08400537634408602 0.10902031063321387
0 0.6741431451612904 0.4044205495818399 0.2595766129032258 0.1597968936678614
0 0.6455813172043011 0.482078853046595 0.13188844086021506 0.06720430107526881
0 0.4855510752688172 0.6411290322580645 0.17305107526881722 0.2120669056152927
0 0.5406891495601173 0.7294449875095036 0.19550342130987297 0.09775171065493653
0 0.6058569566634082 0.5466130842474929 0.14459107201042684 0.13395604793454255
0 0.6735703812316716 0.582817421527099 0.019346692733789486 0.05068607219144855
0 0.5847283317041381 0.6181166503747149 0.18990306288693382 0.1647297346222078
0 0.6473505213424569 0.7457369392853265 0.0931695992179863 0.1013721443828971
