3 0.115625 0.255555555555556 0.075 0.088888888888889
3 0.275260416666667 0.240277777777778 0.063020833333333 0.075
3 0.188020833333333 0.253240740740741 0.066666666666667 0.078703703703704
1 0.40273061686474254 0.13214487832484437 0.06101443123938879 0.07074136955291449
0 0.25240520656479914 0.10227630006916937 0.1954230333899265 0.18707162170659625
1 0.08970005659309568 0.10935043702446082 0.045097623089983024 0.05030497390429479
0 0.6745736727150538 0.05693697729988052 0.07770497311827956 0.03920250896057348
0 0.6890120967741935 0.18714531063321385 0.2231392809139785 0.3276209677419355
0 0.5441028225806451 0.36308990442054956 0.1380838373655914 0.11014038231780167
10 0.8203405017921147 0.49601752289924333 0.3573028673835125 0.35643170051772205
