10 0.399479166666667 0.291666666666667 0.2 0.237037037037037
0 0.46065011318619137 0.08341193485505881 0.44920769666100735 0.1650631956234673
10 0.6503254102999434 0.5094321826070553 0.368739388794567 0.4260202477519966
0 0.2939657611771364 0.5070741369552916 0.0981536502546689 0.14462679997484754
0 0.4655135823429542 0.5644532478148777 0.03271788341822293 0.08017355215996975
0 0.263458545557442 0.6721373325787587 0.1715478211658178 0.11947431302270012
0 0.18387450481041318 0.6351946173677923 0.14501980758347482 0.11475822171917252
0 0.0790888511601585 0.7947557064704774 0.15297821165817768 0.13833867823681065
0 0.7863183243727597 0.07653823178016726 0.024851590501792167 0.034846674631620875
0 0.8674557752341311 0.6117662928276871 0.0617845993756504 0.22160558060662114
