7 0.908072916666667 0.051388888888889 0.102604166666667 0.102777777777778
0 0.15823075834748165 0.743664717348928 0.18039049235993207 0.18707162170659636
0 0.5197699741391043 0.5724180693555948 0.1548250986797332 0.18450463530087868
0 0.5312542534367769 0.48470275093386567 0.08506873553831494 0.13308531070883048
0 0.6348254389546754 0.4605054217140783 0.07018170681910985 0.11796197994646344
7 0.5793943066691528 0.31629615817570317 0.048169556840077066 0.12568973971174235
0 0.5455979240474859 0.2772770906278272 0.09323140033563303 0.12983335750443714
0 0.603381969047175 0.31232519112437074 0.023113617999875657 0.11636659967817907
0 0.651454409845236 0.38052223396247264 0.06293119522655227 0.06353547282132031
0 0.7501934669273379 0.595036385358966 0.13491772564353202 0.13667137323051298
0 0.9222772075594657 0.4683212048803447 0.035129521016617773 0.04616053003149776
0 0.7177593911464879 0.2560086269763689 0.06371316855187838 0.0915452528355754
9 0.8045360257387183 0.15968635640974987 0.017991702650072 0.055974186022446124
0 0.8303329523325712 0.20507718793215363 0.08651892303784611 0.09031129173369455
0 0.9529569892473119 0.22122660294703309 0.08602150537634409 0.06411788132218238
0 0.9882342320654791 0.1501958546574178 0.021899909056866142 0.1346315019882665
10 0.926669167291823 0.44790364257731097 0.14534883720930228 0.2028284848990026
