10 0.39140625 0.599074074074074 0.1703125 0.327777777777778
0 0.6945387662705149 0.6171162673709364 0.21576117713638937 0.15405898258190276
0 0.9005730050933787 0.6847135760548325 0.1945387662705151 0.1572030434509212
0 0.9726407753254103 0.5628812173803686 0.052171760045274566 0.11475822171917238
0 0.9222375495189586 0.3836697478463183 0.1494411431805319 0.12104634345720927
0 0.5915216468590833 0.14079104571464504 0.05394029428409736 0.14462679997484754
0 0.6613787492925862 0.027604854429981767 0.02741228070175438 0.05344903477331324
10 0.6489990096208262 0.637552663019556 0.13175580079230328 0.37099918254417413
0 0.5968272495755518 0.5479469282525311 0.10169071873231462 0.10060994780858958
0 0.5557088285229201 0.5227944413003837 0.04067628749292584 0.13833867823681065
10 0.4845253254102999 0.4646293152235427 0.1193760611205433 0.2515248695214739
10 0.38150820599886814 0.2013142174432497 0.11495472552348608 0.10532603911211726
10 0.22322439162422192 0.6186882978054455 0.20514997170345217 0.18864365214110537
10 0.17680036785512174 0.39152990001886445 0.11583899264289757 0.11475822171917252
0 0.32093590831918506 0.34122492611456967 0.174200622524052 0.17763943909954105
0 0.3753657955628147 0.47449450266926785 0.07698720566217504 0.10359481572221468
0 0.5061589764529739 0.15614839012144033 0.030624744793793377 0.038564493444036105
