1 0.474479166666667 0.521296296296296 0.061458333333333 0.072222222222222
0 0.5270130391793351 0.6704980842911878 0.12011803238165869 0.07896290803224432
0 0.5366688295637128 0.6162539996429504 0.1239803485354097 0.05836388854557188
0 0.5679535904090965 0.42399648443400767 0.11393832653565696 0.16273225394471222
0 0.54477969348659 0.41541355964789406 0.031284760845383765 0.09200895370713685
0 0.5615807687554073 0.355676403136544 0.017766654307255016 0.046691110836457515
0 0.4092123964899271 0.4109504387591151 0.08844703992089975 0.10642826734780758
0 0.34664287479915956 0.562696548977602 0.07454270176739587 0.08994905175846969
0 0.33698708441478187 0.6323898982408437 0.13324990730441227 0.08239607794668966
0 0.37966567791373124 0.6601985745478516 0.04480286738351252 0.10368173141625128
0 0.3062816709924608 0.4957497356459166 0.0378506983067606 0.06866339828890813
0 0.198252688172043 0.6108124253285544 0.12298387096774194 0.12365591397849462
0 0.14919354838709678 0.5212066905615292 0.06317204301075269 0.04838709677419355
0 0.21303763440860216 0.41935483870967744 0.1256720430107527 0.13142174432497014
0 0.2506720430107527 0.35125448028673834 0.13440860215053763 0.07048984468339307
0 0.2037970430107527 0.266726403823178 0.04536290322580645 0.08900836320191159
0 0.44018817204301075 0.1472520908004779 0.03024193548387097 0.15352449223416964
0 0.15466872232764073 0.016480427296366527 0.04645003162555343 0.02600323283435238
0 0.2936234977862113 0.016831822334668584 0.034590449082858965 0.028111603064164735
0 0.6302948843271423 0.6324897722747185 0.09082763115021178 0.061547373375330415
0 0.6829325965750697 0.4850657108721625 0.1997461170848268 0.18142395681224827
0 0.6788878932696136 0.16204256825523253 0.09333930704898448 0.07301208018053897
0 0.5298561330147351 0.09898668082658527 0.049158701712465155 0.13053674941369087
0 0.6071908602150538 0.2120669056152927 0.08176523297491045 0.06571087216248507
0 0.61211917562724 0.4444444444444444 0.024417562724014363 0.06690561529271206
0 0.5874775985663083 0.5762644364794903 0.07235663082437273 0.06292313819195541
0 0.611671146953405 0.5866188769414575 0.034274193548387094 0.043010752688172046
0 0.7557497013142174 0.6758927386167529 0.13606796760918627 0.10398690207531311
0 0.03276209677419355 0.38724611708482676 0.021841397849462367 0.06571087216248507
0 0.027721774193548387 0.6299283154121864 0.053763440860215055 0.07915173237753884
0 0.8321443341604634 0.061927518916766226 0.03963330576233812 0.07199093220598596
0 0.9157189137027847 0.04507857733664185 0.036186931348221645 0.047483380816714126
0 0.9597025424580444 0.41899753235297404 0.07725354235755195 0.11668285711095477
0 0.9570332127424378 0.26853805870990066 0.08510451210933571 0.11724114829330383
