9 0.135416666666667 0.758796296296296 0.1125 0.134259259259259
0 0.17724250141482745 0.348299063069861 0.1034592529711375 0.11947431302270022
10 0.9560872948500283 0.5508922844746275 0.08715336728919075 0.1347972080739483
0 0.6204952116935484 0.6393742532855436 0.11130712365591398 0.16054360812425328
0 0.5178511424731183 0.6701762246117084 0.14123403897849462 0.06907108721624851
0 0.46429771505376344 0.6258400537634409 0.05512852822580645 0.043869474313022704
0 0.4803112399193548 0.7518481182795699 0.1407090053763441 0.13907556750298686
10 0.40470640120967744 0.8615218040621266 0.06300403225806452 0.04666965352449223
0 0.4146820396505376 0.912858422939068 0.07980510752688172 0.07467144563918758
0 0.7409904233870968 0.7499813321385902 0.0656292002688172 0.15961021505376344
0 0.7582624822872385 0.6256193678049141 0.023964324414436994 0.017596991840552804
0 0.8056701675418855 0.7015642799588786 0.021359506543302525 0.03426782621581316
0 0.6996540801867134 0.9421336815685402 0.10002500625156284 0.07826030581719504
0 0.5807441443694257 0.7469459957581988 0.0705905643077436 0.056495605382827246
0 0.724735150986328 0.9461329575892791 0.05819828183996363 0.10292969223393329
0 0.8276717616904226 0.9355116556917007 0.13177513128282045 0.12778194548637162
10 0.452942444476269 0.9708978607335272 0.16536957144391562 0.05700953540271862
0 0.5937436599715966 0.964935416243998 0.05896226415094341 0.06762696963549061
0 0.07614626090292502 0.5963687824304997 0.09221674380842587 0.06494331360552072
0 0.02645275680622283 0.6890617453417728 0.040036604895904826 0.11375479803757083
9 0.13946545037898816 0.7533247155140335 0.09667503966155472 0.050433828857943196
0 0.8940896541702993 0.5588922255588922 0.022098711614840724 0.02421776615325001
0 0.9432819916690883 0.7475217152636506 0.03632664922987512 0.023679593572066563
0 0.9025446817785526 0.6743302442227171 0.01876876876876871 0.01937421292259993
0 0.908674803836094 0.7184603958797506 0.020131018114889064 0.01775969517905006
