7 0.172135416666667 0.068055555555556 0.050520833333333 0.060185185185185
0 0.5625571951498513 0.33985358041638075 0.08364790665751538 0.08769922977198201
0 0.7956274307938686 0.5127100333002873 0.04361130176161066 0.12328732301278628
0 0.9328957904369709 0.2553318589694706 0.01930336307481123 0.02542006660057447
0 0.5178734843285289 0.5775312031317521 0.07149393731411574 0.17412745621393516
0 0.5988838981897373 0.6196784779879921 0.12420035388593985 0.08544681880737416
0 0.6431196406696611 0.5693934032031214 0.15567578603511634 0.11796197994646337
0 0.567195794201715 0.5179740786110733 0.06848033210834359 0.06956732150688873
0 0.4583078127126718 0.5448179907142748 0.07868858037294138 0.11115648110339826
0 0.3621801415543759 0.5992619814587964 0.09059820334830543 0.12779214494200203
0 0.36664625017013747 0.5969934818444415 0.07911392405063294 0.08544681880737416
9 0.11777553763440864 0.39023297491039427 0.10752688172043011 0.08960573476702509
0 0.08198924731182798 0.24138705661476065 0.16397849462365596 0.1861791311506682
