2 0.677083333333333 0.251851851851852 0.0625 0.074074074074074
2 0.7302104781514527 0.2324537990289535 0.030027453671928613 0.05084013320114901
0 0.3734557309540151 0.17208114085258908 0.1672958133150309 0.1334553496530161
10 0.08878117135666895 0.5216070566104882 0.1775623427133379 0.24021962937542884
10 0.45817604667124223 0.6099417880474847 0.16801075268817203 0.14743638628333194
0 0.509294211850835 0.5254200666005745 0.15442690459849007 0.10549327639238411
0 0.5761410432395332 0.37035766033707007 0.0779283916723862 0.11820330969267138
0 0.5443262411347518 0.44915986679885106 0.10009151223976202 0.08769922977198194
0 0.6683682223747426 0.557830651516307 0.05219057423930451 0.12201631968275739
0 0.6862417067032716 0.6499783929433894 0.15371196522534886 0.11311929637255641
0 0.4288635323724547 0.6709499478888634 0.13941317776252576 0.11439029970258516
0 0.3309168382521162 0.5978672564122117 0.046471059254175294 0.13853936297313096
0 0.24762640128117133 0.557830651516307 0.09151223976206818 0.12455832634281494
0 0.19972546328071378 0.5019065049950432 0.104381148478609 0.09659625308218306
10 0.28587565774422324 0.6766694628739927 0.16944063143445434 0.133455349653016
0 0.2579930221917181 0.7656396959760035 0.17087051018073668 0.14616538295330334
0 0.12251201098146879 0.6982765194844811 0.09294211850835049 0.10803528305244166
0 0.08426275451841685 0.6232873230127862 0.050760695493022194 0.06482116983146495
0 0.0390928849233585 0.6871007687754427 0.078185769846717 0.07446263794925435
0 0.016929764355982615 0.7710318005033172 0.03385952871196523 0.0794570273774117
0 0.10392358727979867 0.8075828058669513 0.1529970258522077 0.15379140293347565
