2 0.34453125 0.450462962962963 0.043229166666667 0.050925925925926
10 0.23693053197509914 0.37030748915298994 0.29357668364459544 0.36471106080613724
0 0.7047078381437465 0.17694774570835692 0.3501697792869269 0.24838080865245551
2 0.38428446681734124 0.335022715339132 0.02803746318745287 0.03842963571749274
2 0.4059450556280689 0.45597060793779054 0.031077133445210983 0.04040027347877436
3 0.49413573427603474 0.5302695536897923 0.0566173221387539 0.1112911408978576
0 0.5203589500316256 0.42445006676505725 0.04941492726122713 0.0463841450558718
10 0.6576920922939069 0.6505874153723615 0.09030577956989255 0.16552170450019915
10 0.316327227993439 0.7612234979648868 0.22951977401129944 0.3624729157807342
10 0.24712957900492066 0.5987181823704514 0.20503007107709126 0.15896158597088067
0 0.16824995443776197 0.5065812121580301 0.11105795516675779 0.08201202843083658
0 0.05133863702412087 0.5461803630684086 0.10267727404824174 0.11657849229006721
0 0.38435623516268674 0.731578457384909 0.06894986733696412 0.08223556610653372
