10 0.544791666666667 0.51712962962963 0.157291666666667 0.497222222222222
0 0.4513653084323713 0.4882097717411809 0.25378466327108096 0.17921146953405018
0 0.3178409734012451 0.24533106960950768 0.14944114318053203 0.12104634345720931
0 0.6892187794755708 0.05860529459850346 0.154717977740049 0.11721058919700687
0 0.5350923174872666 0.03423882286361063 0.051615025466893116 0.06847764572722126
0 0.699250252016129 0.09940636200716846 0.03990255376344086 0.08493876941457587
0 0.5691122852552218 0.1888243452944973 0.036692003460635315 0.06591686235735181
0 0.5528905574094672 0.2674439363352971 0.045961562229637876 0.10917480327936394
0 0.6867198121369423 0.2557711586261827 0.13749845507353853 0.07896290803224432
0 0.7268879001359535 0.2949092956508604 0.07415647015202081 0.15723918208159957
0 0.7272741317513286 0.4724041802276878 0.08265356569027311 0.11123470522803118
0 0.7929335063650971 0.47000096128757607 0.05175503646026444 0.09681539158736045
0 0.6616147571375602 0.5630398659690465 0.11432455815103197 0.11260797319380936
0 0.7743428912783751 0.5769945572812957 0.14486260454002398 0.150670383645294
0 0.8506944444444445 0.49236691889021633 0.07131123058542412 0.08761449621664673
0 0.835760155316607 0.38484003716978626 0.08923237753882919 0.08761449621664673
0 0.9253658900836319 0.4064117881322183 0.07952508960573472 0.09093322713394394
0 0.8919504181600956 0.5268817204301075 0.07989844683393073 0.1592990840302668
0 0.9571012544802866 0.5185848931368644 0.08325866188769417 0.13474047524226734
0 0.7917040023894863 0.8199256604274526 0.12134109916367973 0.1586353378468073
0 0.9904140531660695 0.07839948670295135 0.018499850657108602 0.08770299570777455
0 0.7878584229390682 0.1578056551174831 0.09632616487455192 0.19414575866188769
0 0.7374551971326165 0.16776184786937479 0.03808243727598572 0.04679410593389087
0 0.26116118490406914 0.708494389392555 0.18777672359266284 0.1604704008246071
0 0.3485926628716003 0.5365450839834142 0.03083491461100569 0.12861058401855363
0 0.40848355471220743 0.5484925152856841 0.07787792536369385 0.06676505727739124
0 0.3877292852624921 0.6359898798228968 0.043485135989879777 0.1518026565464895
0 0.3228969006957622 0.6623445076955512 0.1035736875395319 0.1089324618736383
0 0.2900853889943074 0.49648604961697934 0.10515496521189119 0.13985522524421956
0 0.19075682382133993 0.41356492969396197 0.0837468982630273 0.15255950739821705
