1 0.69140625 0.269907407407407 0.0953125 0.112037037037037
0 0.5150325410299944 0.18402188266364838 0.19453876627051503 0.31597811733635167
3 0.46153438030560273 0.37423756523926305 0.06632003395585742 0.10532603911211731
3 0.6218329007539241 0.33164421373542624 0.07338400692127055 0.17577829961960478
0 0.5485364396654719 0.3548055223682464 0.06907108721624854 0.22899243329350866
0 0.8196871266427718 0.07769149077392801 0.030801971326164825 0.026549847338377813
0 0.6661439665471923 0.1490442054958184 0.07280465949820791 0.05973715651135006
0 0.9027591099163681 0.1357692818266295 0.047603046594982025 0.033187309172972246
0 0.758083183990442 0.4950219036240541 0.08307198327359616 0.1510022567370238
0 0.929510155316607 0.6323594484919948 0.1403076463560335 0.22987222235236873
0 0.7940188172043011 0.6153258993760785 0.05973715651135008 0.1393866985264835
0 0.6535431600955794 0.746415770609319 0.20254629629629622 0.1427054294437806
0 0.6862119175627239 0.6327492366918891 0.15027628434886506 0.11781494756405154
0 0.3520571983273596 0.14572547457852114 0.07560483870967742 0.04646223284216112
0 0.28485289725209073 0.23450152661622192 0.09613948626045399 0.07135271472189035
0 0.19384707287933087 0.30834328952608525 0.050403225806451596 0.12611177485729463
0 0.048704450418160045 0.4004380724810832 0.03826911589008363 0.09458383114297088
0 0.07763963560334523 0.4651533253683791 0.07747162485065712 0.09126510022567373
0 0.03237007168458777 0.08349926987919819 0.06347072879330945 0.10785875481215983
0 0.15231108124253284 0.04284481614230715 0.0457362604540024 0.03650604009026947
0 0.2106481481481481 0.043674498871631474 0.05227001194743126 0.044802867383512544
0 0.141851078469022 0.00814748440196467 0.05172197687318648 0.01629496880392934
0 0.229316009557945 0.09511482808973845 0.03733572281959385 0.028209212797026387
0 0.19011350059737153 0.1515332536837913 0.056003584229390724 0.0613965219699987
0 0.4178614097968936 0.21127041019514137 0.06533751493428909 0.05475906013540427
0 0.46966472520908004 0.1390880127439267 0.05507019115890084 0.04314350192486397
0 0.5289351851851851 0.12913181999203502 0.04666965352449224 0.05641842559405277
0 0.7837514934289127 0.08598831806717108 0.039202508960573576 0.039824771007566685
0 0.9657631421744326 0.0602681534581176 0.0373357228195937 0.04148413646621533
0 0.5704711768219832 0.583797955661755 0.12227449223416967 0.18916766228594198
0 0.5163343787335722 0.8849727864064783 0.1353419952210274 0.1543209876543211
0 0.17004554958183987 0.7580313288198594 0.18574522102747912 0.22567370237621137
0 0.11450866188769408 0.6933160759325634 0.12507467144563916 0.0962431966016194
0 0.04372013142174431 0.8397776100945316 0.08744026284348862 0.17344875530123588
0 0.34085648148148145 0.6186446302933758 0.13720878136200715 0.1360679676091862
0 0.4556638291517323 0.5564184255940527 0.13720878136200723 0.15763971857161815
0 0.4323290023894862 0.665106863135537 0.11854091995221022 0.13274923669188907
0 0.4621975806451612 0.6178149475640515 0.11854091995221029 0.19746448957918492
0 0.5308019713261648 0.5680339838045931 0.09147252090800476 0.12113367848134883
0 0.3002538829151732 0.42947696800743396 0.06347072879330937 0.11947431302270012
0 0.6358086917562723 0.05611973981149606 0.02333482676224608 0.05309969467675556
0 0.2960536140979689 0.06607593256338774 0.056936977299880495 0.06969334926324178
0 0.2398633512544803 0.13988450816407808 0.03528225806451613 0.03484667463162089
