7 0.430989583333333 0.380555555555556 0.0640625 0.075925925925926
0 0.8156833616298811 0.6328365717160285 0.3192204301075268 0.27982141734263977
0 0.45799731182795705 0.2932779978620387 0.2688172043010753 0.169779286926995
0 0.7610628618693134 0.30642863707379836 0.15767162944582302 0.11028398125172313
7 0.7852682571684588 0.44678414974113906 0.05565356182795699 0.1070290720828355
7 0.6153323812724015 0.4278051573078455 0.0476030465949821 0.08773894862604541
0 0.3948935658711426 0.47814008606035885 0.10681659235947202 0.08790589698011674
0 0.4290420928402833 0.5531757826538839 0.08605428796223451 0.05633748093753336
10 0.5587251201098147 0.6251938280078294 0.12153969343399679 0.12582932967284383
0 0.4523778883550674 0.6493428912783752 0.09544440631434453 0.0775312031317523
0 0.250602954476937 0.47538494177022966 0.0866747060596925 0.09881753927578468
0 0.31125547590601355 0.2186822425771052 0.03559338908801276 0.024116111332359812
