7 0.205208333333333 0.325 0.05625 0.090740740740741
0 0.38637167515563103 0.348299063069861 0.13264006791171476 0.09746588693957124
0 0.5901952461799661 0.3632333521976986 0.11583899264289756 0.08646167389800664
0 0.6299872665534806 0.43869081305414076 0.10169071873231462 0.11790228258819097
0 0.8068406904357668 0.3435829717663334 0.09284804753820032 0.07545746085644216
0 0.9226796830786643 0.29642205873105704 0.08754244482173178 0.11318619128466333
0 0.48629385964912286 0.49292586304470853 0.13971420486700625 0.1634911651889581
0 0.5446554895302773 0.6029679934603535 0.12026032823995471 0.10375400867760803
0 0.6220288624787776 0.6351946173677923 0.08046830786644027 0.08017355215996975
7 0.17635823429541597 0.3820977174118091 0.02033814374646292 0.06445324781487766
0 0.7732385398981324 0.5047160913035277 0.052171760045274414 0.08017355215996975
10 0.7145637320788532 0.504965651135006 0.06895441308243724 0.07280465949820789
0 0.708963373655914 0.4573626045400239 0.0255516353046596 0.039824771007566685
0 0.708788362455197 0.5528798287534847 0.025201612903225805 0.02426821983273596
0 0.7457157258064516 0.5367010155316607 0.06195396505376344 0.05289227399442451
10 0.8450081270317579 0.648648273179406 0.1320642660665167 0.2264455002639548
