10 0.273177083333333 0.718055555555556 0.2296875 0.273148148148148
10 0.7736806734578381 0.25476325221656293 0.3041878890775324 0.3096899955983148
0 0.8846561969439729 0.2272527196126517 0.05040322580645161 0.11633025215368174
0 0.8517437747594793 0.04838709677419357 0.2958404074702887 0.09677419354838714
10 0.3608660954301075 0.21468040621266427 0.09713121639784943 0.08400537634408602
0 0.27738575268817206 0.25388291517323774 0.10343161962365591 0.11200716845878136
0 0.3879053259408602 0.3355548088410992 0.2404653897849462 0.21188022700119474
0 0.45432207661290325 0.36448999402628435 0.09608114919354839 0.13347520908004779
0 0.36828786671976627 0.46423145566913 0.03318730917297231 0.030237326135374675
0 0.575915969733174 0.5387185273684676 0.08006438337979556 0.05973715651134999
0 0.6124144672531769 0.38161181709568803 0.036045943304007816 0.077115238405561
0 0.7001304554079696 0.5174291938997821 0.07741671937592252 0.055637547731159365
0 0.6910710520767448 0.6046922950781268 0.03096668775036907 0.11654602103684958
10 0.8452456251317733 0.6011783446951062 0.1726228125658865 0.11888865462552994
0 0.8002780413240567 0.5001522711832642 0.047767763019186275 0.062079790100030494
0 0.7548163082437277 0.5347061166163 0.0846642420409024 0.07145032445475204
0 0.8050548176259752 0.65359477124183 0.10080645161290322 0.0702790076604119
10 0.09705895753599415 0.3369884373164854 0.12472662657189722 0.07492456918372722
0 0.5148077273555677 0.7652734746775205 0.16858028066338618 0.11947431302270026
0 0.3590418261344997 0.8133669481400483 0.0996673956624749 0.18326144624668408
0 0.0876617459449608 0.7612234979648868 0.17085839256424276 0.15592410343640523
0 0.6403886458902861 0.8391855496830893 0.20446054310187714 0.21464876576959685
0 0.9201025597664394 0.92697685738307 0.0850736538641741 0.14485154210363294
