1 0.6203125 0.290740740740741 0.067708333333333 0.07962962962963
10 0.7798429099462365 0.19367906212664276 0.11918262768817205 0.14280913978494625
10 0.5763923891129032 0.5432347670250897 0.24256552419354838 0.2072132616487455
0 0.6735236055107527 0.51103270609319 0.1144573252688172 0.150276284348865
0 0.8473097278225806 0.7201127538829152 0.12075772849462366 0.18014486260454002
0 0.6645980342741935 0.7985177718040621 0.12075772849462366 0.2734841696535245
0 0.6210202452956989 0.6389075567502986 0.06615423387096774 0.09987305854241338
0 0.5716670866935484 0.6631757765830346 0.08925571236559139 0.17454450418160095
0 0.5199512768817204 0.6701762246117084 0.04987819220430108 0.09893966547192354
0 0.5467279905913979 0.8498543906810035 0.10133148521505377 0.21188022700119474
0 0.39315566196236557 0.7350470430107527 0.05565356182795699 0.15587664277180407
0 0.07728494623655914 0.5940860215053764 0.14448924731182797 0.18369175627240145
0 0.18469982078853045 0.4291119076065313 0.09968637992831544 0.06770211071286336
