3 0.545052083333333 0.464814814814815 0.153645833333333 0.181481481481482
0 0.4350063667232598 0.09520216311387787 0.06455149971703454 0.06916933911840532
9 0.1843166383701189 0.03546500660252785 0.08665817770232032 0.0628812173803685
9 0.06715124504810417 0.3490850782871157 0.07339417091114885 0.1116141608501541
0 0.36559139784946243 0.26733949569263665 0.05305602716468585 0.10532603911211721
0 0.6529782116581777 0.38445576306357293 0.033602150537634407 0.06602527824938695
0 0.5775299619175628 0.3892249103942652 0.04620295698924731 0.0715601354042214
0 0.33566448252688175 0.5528798287534847 0.05810371863799286 0.11636300278773401
10 0.5507532482078853 0.5815038829151732 0.21946404569892472 0.18107825567502986
9 0.09595280764635603 0.1731050046462233 0.08512544802867383 0.05442718704367448
0 0.05712365591397849 0.09411920881454935 0.07243130227001195 0.05840966414443117
