10 0.460416666666667 0.295833333333333 0.140625 0.165740740740741
10 0.5986616334934797 0.23372480235898221 0.10295126973232668 0.11947431302270012
0 0.6948209791809653 0.3366760720913089 0.2938400823610158 0.1448943796232746
0 0.7706045527339281 0.37544167365718506 0.04790093800045759 0.13091334299295865
0 0.8160032029283916 0.40721675690790315 0.16014641958361933 0.15633340959353312
0 0.4857012125371768 0.5336815882457613 0.04146648364218713 0.07117618648160866
0 0.47033001601464186 0.4917384783548134 0.07220887668725695 0.06355016650143629
0 0.527882635552505 0.5044485116551006 0.06291466483642182 0.07117618648160859
0 0.3562971859986273 0.6099417880474847 0.15442690459849004 0.12201631968275753
0 0.45960592541752454 0.6709499478888635 0.12368451155342025 0.30249879254683637
10 0.6701555708075955 0.6309133429929588 0.08293296728437426 0.33681588245761196
10 0.640843056508808 0.5394011032308905 0.07721345229924508 0.20971554945473947
0 0.7566632349576755 0.6035867713973411 0.19446350949439478 0.16523043290373418
0 0.8181480210478151 0.4898319733597702 0.09008236101578584 0.110577289712499
0 0.9814723461450469 0.44847283797180854 0.036383264699153525 0.14987533861933316
0 0.7831159917638985 0.8355448791275834 0.17301532830016025 0.12582932967284374
0 0.8967913520933425 0.6696789445588347 0.08722260352322132 0.16523043290373418
0 0.9664979409746053 0.19432369912809172 0.06505948295584528 0.1194743130227001
0 0.5782858613589567 0.4307303185134346 0.09222717913520931 0.13981036630315968
