10 0.211458333333333 0.373148148148148 0.178125 0.211111111111111
0 0.34304258630447093 0.2021002326605043 0.15563101301641202 0.10689806954662648
0 0.5676464346349746 0.24454505439225302 0.03890775325410296 0.1131861912846633
10 0.6450198075834749 0.292491982644784 0.07162563667232597 0.07702949129095141
10 0.6706635540464063 0.8183361629881155 0.2590902659875494 0.18549959127208693
0 0.6673645574855251 0.34146677695064787 0.05944995864350702 0.06777869681095487
0 0.5630040322580644 0.35640106607848543 0.17899607113316787 0.10913518978035107
0 0.562478998655914 0.4680966248506571 0.07297967069892473 0.08307198327359618
0 0.5317645329301075 0.5390344982078853 0.044102822580645164 0.08867234169653525
0 0.6386088709677419 0.649174880525687 0.03097698252688172 0.13534199522102747
0 0.8074071740591398 0.5880376344086021 0.1102570564516129 0.08213859020310633
0 0.7528036794354839 0.6767099761051374 0.11340725806451613 0.09707287933094384
0 0.705025621639785 0.66084229390681 0.07875504032258064 0.11387395459976105
0 0.698200184811828 0.6244399641577061 0.0766549059139785 0.10640681003584229
10 0.2965203106332138 0.5871166865790521 0.19881272401433692 0.21903624054161686
0 0.4173947132616487 0.594583831142971 0.05413679808841098 0.2538829151732378
0 0.4855324074074074 0.6128368511881057 0.08960573476702503 0.3202575335191822
0 0.3464568399044205 0.7638391079251294 0.1792114695340502 0.2339705296694543
0 0.24005002986857818 0.7339705296694544 0.09520609318996417 0.12113367848134876
0 0.33945639187574667 0.8028341962033718 0.14467592592592587 0.20908004778972522
10 0.28111932497013137 0.9198194610380991 0.29121863799283154 0.1410460639851322
0 0.06037186379928311 0.6933160759325634 0.1148073476702509 0.09292446568432211
10 0.12337589605734763 0.7065909996017524 0.07280465949820791 0.08960573476702509
0 0.03648633512544801 0.8424122615511828 0.07297267025089602 0.11566217078589151
0 0.12430928912783748 0.19716580379662815 0.11760752688172044 0.10288065843621397
0 0.024818921744324946 0.18083488207442802 0.04963784348864989 0.07353754590911095
0 0.04123730585424129 0.2593920084959512 0.04666965352449224 0.04812159830080976
0 0.2963709677419355 0.4743130227001195 0.04973118279569892 0.04540023894862605
0 0.3521505376344086 0.4465352449223417 0.0396505376344086 0.07945041816009558
0 0.4290994623655914 0.4402628434886499 0.046370967741935484 0.053763440860215055
