1 0.750520833333333 0.383333333333333 0.064583333333333 0.075925925925926
10 0.4646293152235428 0.7719612651700937 0.20957130730050935 0.21851223039678042
10 0.35188525749858524 0.703577941268943 0.1467883418222977 0.125762434760737
0 0.23608407489803487 0.3424175009269559 0.1257183908045977 0.0751864211263544
0 0.30184000741564704 0.5458328183578463 0.06372821653689281 0.1235941169200346
0 0.1972677975528365 0.6086598277921971 0.08284668149796072 0.09475548963869321
0 0.0454994119623656 0.367975220826118 0.0909988239247312 0.09997373914327523
0 0.10577040566959924 0.7212990116215923 0.20543132942326492 0.22944498750950373
0 0.022345430107526883 0.4643115745266283 0.044690860215053765 0.09389594873465831
0 0.10517473118279567 0.6025487853444842 0.15905017921146955 0.17522899243329346
0 0.44736258865248224 0.565755357279036 0.035032029283916744 0.051793385698670515
