9 0.160677083333333 0.762962962962963 0.0734375 0.087037037037037
0 0.7520161290322581 0.13764698484562662 0.03183361629881161 0.07860152172546067
0 0.6109755234861347 0.37423756523926305 0.04686615732880586 0.042444821731748676
0 0.6830432937181664 0.6336225869332831 0.03890775325410296 0.06130918694585921
2 0.5309493491794002 0.8427026347230082 0.12202886247877757 0.2939696912532227
0 0.3549801924165253 0.19031000440168522 0.022990945104697194 0.08331761302898827
0 0.19979131295981897 0.15336728919071874 0.030949349179400096 0.03458466955920263
0 0.18077956989247315 0.5693697729988052 0.10553175403225809 0.07653823178016726
9 0.29307393621909744 0.7573292895873541 0.04451566951566954 0.031145013223866168
0 0.19583053315412188 0.939615690959777 0.0402525761648745 0.06347072879330944
0 0.2870113687275986 0.917836519315014 0.02870183691756275 0.08089406610911992
0 0.2574344758064516 0.8761449621664675 0.035352262544802844 0.03733572281959379
0 0.26023465501792115 0.5068324372759857 0.018551187275985637 0.04915870171246513
0 0.3186883960573477 0.5261225607327759 0.02415154569892473 0.025512743926722443
0 0.1458850289495451 0.45538093925190704 0.010597601323407778 0.02665196213583312
0 0.18401054590570726 0.45469166436908376 0.01240694789081889 0.027111478724381934
0 0.17806555004135652 0.20517415678706 0.012923904052936289 0.025273412370186536
9 0.07274508121711278 0.704949286967132 0.09472946694120339 0.05020463153613461
0 0.22836303481464768 0.7790518919551177 0.04605609444319122 0.03341938825809804
0 0.19699319497706588 0.7424994360478231 0.03125234980073692 0.05973715651135006
9 0.3976937450826121 0.7815659877028875 0.044666273275636006 0.040796106885800015
0 0.06475954618575903 0.5872538782114601 0.03968757937515875 0.061618641755802075
0 0.11450131233595799 0.5917224056670335 0.03333756667513335 0.025400050800101596
0 0.1253492506985014 0.4988240717222175 0.04074591482516298 0.09830760402261551
1 0.907258064516129 0.9017081597726758 0.034510316768381365 0.03175218228981672
