1 0.044270833333333 0.443518518518519 0.075 0.088888888888889
0 0.361612195812111 0.42768660001257625 0.14148273910582915 0.18078349996855947
0 0.31120897000565934 0.7106520782242345 0.14855687606112056 0.10532603911211719
0 0.46167254704301075 0.6515083632019116 0.09293094758064516 0.05973715651135006
0 0.4747983870967742 0.7205794504181601 0.12233282930107527 0.08213859020310633
0 0.2121998821623214 0.46562249390353677 0.06812490793931357 0.0752851835485508
0 0.1401623950508175 0.33919248457472057 0.019793047576962725 0.0679203286361925
1 0.04395897775813817 0.3911556275674703 0.05385550154661953 0.05073566717402332
0 0.020713654441007513 0.7094810232238425 0.041427308882015026 0.13420402284741656
0 0.011610499169507824 0.3149556585171587 0.0226746219075094 0.023797729016716677
0 0.07116553020368914 0.326854523025517 0.019942739749978143 0.019426717564666674
0 0.03483149750852347 0.278044895144292 0.016664481160940648 0.02476906489495001
0 0.09097167584579072 0.3440957348641587 0.018576798671212518 0.01602704199085004
0 0.11979303260774543 0.34579557265106703 0.011747093277384399 0.014570038173500074
0 0.029777515517090656 0.35915144097677537 0.014205787219162515 0.016027041990849974
