2 0.7203125 0.865277777777778 0.070833333333333 0.084259259259259
9 0.6853862236926753 0.6095181202708084 0.08012820512820516 0.05922658252407352
9 0.48032694605275245 0.5890951607797486 0.08874414116349603 0.08067068998968631
9 0.5192422571454829 0.5176148025610391 0.08328738167447843 0.05412084265130863
9 0.13966114883984157 0.38917185436710056 0.1025749858517261 0.11004213041564478
0 0.21204115684093439 0.2286079182630907 0.04403040415276233 0.10093519548469496
9 0.3815002780867631 0.29297985415894207 0.023753244345569205 0.08342602892102338
9 0.3503699108537818 0.6250906268827416 0.037910118555279884 0.11385799916265862
9 0.34074878228104033 0.7864320068621143 0.02843258891645993 0.10568881536623484
1 0.8119153772182882 0.46551271964332547 0.01966955153422501 0.02088372138201671
0 0.9331527217741935 0.4841323178016727 0.08820564516129033 0.09333930704898447
9 0.018073884001303355 0.725824553781543 0.03309302704463995 0.11766409615871982
2 0.8063862753882914 0.8516693216514006 0.03173536439665468 0.06886366653391746
