1 0.483854166666667 0.202777777777778 0.048958333333333 0.057407407407407
0 0.38823677697828807 0.04760108155693896 0.039100888421771327 0.09520216311387791
0 0.5813525749858518 0.39545997610513745 0.06632003395585734 0.12261837389171856
1 0.6332990971799554 0.26064561213678683 0.021556096571312657 0.04113973986159014
1 0.7361660580239399 0.25247401997249835 0.012363055386488147 0.040576181781294365
1 0.8455273769100169 0.31912217820537003 0.04111842105263161 0.06602527824938695
0 0.5711835031126203 0.5061937999119663 0.1308715336728919 0.08017355215996982
0 0.1539693433996797 0.47140242507435376 0.1208247540608556 0.09405424642212565
0 0.03133145975887912 0.08081210351222308 0.06266291951775824 0.08664502451838178
0 0.42719534050179214 0.517067759003243 0.11734084314729475 0.11094043352107866
0 0.4162613073903397 0.6294305057745918 0.134941969619389 0.09292446568432237
0 0.3722584912101041 0.6000360319356736 0.042669397508107186 0.13085281902486204
0 0.3413231780167264 0.7721359352183725 0.12267451783580807 0.1659365458648613
0 0.27705239802014 0.7071836301226982 0.10507339136371396 0.06827103601297146
0 0.23038274449564775 0.7503271320475623 0.18241167434715824 0.10714759818702466
0 0.6232078853046594 0.7522235497145892 0.12534135518006487 0.14317953386053736
0 0.5421360300392559 0.6014583451859438 0.05280337941628263 0.10904401585405163
0 0.963429659498208 0.5721823974512146 0.0616039426523298 0.1261117748572945
0 0.0766405214317278 0.6284676191879021 0.09160038297245544 0.09656143107314116
0 0.23520044413277236 0.3837722715703081 0.03506311360448807 0.0753207625577892
10 0.41124649368863964 0.2837774661056569 0.11541608228143993 0.06752895953456967
