7 0.813802083333333 0.07962962962963 0.0953125 0.112962962962963
0 0.1798953027730617 0.721656291265799 0.16535795132993772 0.26881720430107525
0 0.47833545557442003 0.5628812173803686 0.14325127334465193 0.3096899955983148
0 0.47584845430107525 0.4410282258064516 0.10553175403225806 0.07560483870967742
0 0.5220514112903226 0.5843040621266428 0.036227318548387094 0.16054360812425328
0 0.6934748823924731 0.46622983870967744 0.11340725806451613 0.11107377538829152
10 0.8150201612903226 0.48163082437275984 0.21263860887096775 0.19414575866188769
0 0.8452095934139785 0.4158266129032258 0.10080645161290322 0.1857452210274791
0 0.9237021169354839 0.5931712962962963 0.12233282930107527 0.15587664277180407
0 0.9439159106182796 0.294485513739546 0.06825436827956989 0.15774342891278376
0 0.8780241935483871 0.2818847072879331 0.0866305443548387 0.09520609318996416
0 0.8121324764784946 0.2968189964157706 0.052503360215053765 0.07653823178016726
0 0.7165763608870968 0.342555256869773 0.04200268817204301 0.07467144563918758
0 0.7942008288530467 0.18700219036240542 0.1701108870967742 0.1393866985264835
