7 0.6109375 0.434259259259259 0.066666666666667 0.07962962962963
7 0.780729166666667 0.45787037037037 0.079166666666667 0.093518518518519
0 0.2423835125448029 0.4713635005973716 0.0906558019713262 0.1039177618478694
0 0.30976282482078854 0.21623606133014736 0.040602598566308296 0.035468936678614095
0 0.4607274865591398 0.2803912783751493 0.2629368279569892 0.18593189964157705
7 0.43258568548387094 0.3875448028673835 0.04704301075268817 0.06869772998805257
0 0.7552083333333334 0.30510752688172044 0.15456989247311828 0.10752688172043007
0 0.5603158602150538 0.6278375149342891 0.1273521505376344 0.13022700119474312
0 0.45463709677419356 0.6499402628434886 0.09475806451612903 0.08124253285543608
0 0.4210349462365591 0.544205495818399 0.09274193548387097 0.054958183990442055
0 0.38653865300370677 0.47615194001096034 0.11721310847654935 0.10190205829393399
0 0.5958283552369574 0.8145419413838371 0.05766294968803926 0.1983863592784342
0 0.8223706317204301 0.6176075268817204 0.3307711693548387 0.2893518518518518
