9 0.349479166666667 0.256481481481481 0.082291666666667 0.12037037037037
9 0.3640625 0.102314814814815 0.125 0.149074074074074
0 0.5343120551264577 0.18701095461658843 0.08518855065879148 0.07488178773957967
0 0.5663292450716846 0.2968189964157706 0.07490479390680999 0.11947431302270012
0 0.6597852262544803 0.19103444842692155 0.014000896057347618 0.04853643966547192
0 0.7250644041218639 0.1817005177220231 0.029051859318996467 0.039824771007566685
0 0.716838877688172 0.3634010354440462 0.03010192652329739 0.07964954201513337
0 0.626183075716846 0.5535020908004779 0.04970318100358418 0.09645061728395064
0 0.5252016129032259 0.5830595380326563 0.03675235215053763 0.044802867383512544
0 0.5717545922939068 0.6104390681003584 0.05565356182795699 0.057248108323377164
0 0.4320956541218639 0.5360787534846675 0.0584537410394265 0.060359418558343335
0 0.5948560707885305 0.6938221823974513 0.2579665098566308 0.13440860215053763
0 0.8030913978494624 0.7343075085010567 0.034636062861869245 0.07903685323040152
0 0.9183726220016541 0.7016818307140888 0.11528122415219183 0.12958367797077475
0 0.9181141439205955 0.8868670158992741 0.16232423490488015 0.14888337468982635
0 0.3362799834574028 0.754526238397206 0.03980562448304383 0.1286646447936771
0 0.396505376344086 0.7219005606102381 0.041356492969396204 0.08179395276169468
0 0.22952853598014888 0.5307416597739179 0.09511993382961126 0.13325981067916554
0 0.032088540153056275 0.668948518410884 0.049040976460331294 0.09041299363880002
0 0.11791024895863604 0.5874153723616089 0.04086748038360941 0.07588233394685011
0 0.04722464399883755 0.25939918413036694 0.09202751138235007 0.1926657840636335
