9 0.6484375 0.261574074074074 0.094791666666667 0.112037037037037
0 0.4495967741935484 0.2728416022134189 0.06720430107526881 0.07860152172546063
0 0.422184493491794 0.06926366094447589 0.05482456140350876 0.06759730868389614
0 0.5008842671194114 0.08262591963780419 0.05128749292586309 0.0786015217254606
9 0.627190381670495 0.024806640256555372 0.07633513931888543 0.04961328051311076
0 0.3108128920250896 0.35593389088012745 0.040602598566308296 0.0659597769812824
9 0.35666582661290325 0.3994922341696535 0.06020385304659501 0.04231381919553965
10 0.38221746191756284 0.659286638789327 0.14420922939068104 0.14249800876144966
0 0.8339213709677419 0.3828608667318345 0.06338587487781047 0.0515911806234387
0 0.9750970728793309 0.4502190362405416 0.04480286738351259 0.0713527147218903
9 0.11834594451081903 0.2566263993982035 0.05517390150006637 0.04129976252636547
0 0.031644099296429036 0.32595100078174555 0.03858024691358024 0.026549847338377813
0 0.041392871365989625 0.505899966075195 0.04895128103013407 0.13717421124828527
