1 0.706510416666667 0.37962962962963 0.086979166666667 0.103703703703704
1 0.9246384872080089 0.3269682363119516 0.11007601038190594 0.08342602892102338
0 0.869600482017056 0.27238083467226964 0.16801075268817203 0.12462406789436825
0 0.8023961809417873 0.4582869855394883 0.15294771968854293 0.15243274420137604
0 0.8438195216907677 0.639043381535039 0.11529013718946972 0.19672063609772178
0 0.6520555246570263 0.6009351954846949 0.13382925472747492 0.19878053804638904
0 0.5353170189099 0.5262637498455074 0.11123470522803115 0.09887529353602768
10 0.5228610493140528 0.6550076216372102 0.1500509825732295 0.2142298026613934
3 0.6354166666666666 0.3387096774193548 0.041666666666666664 0.03942652329749104
0 0.17599126344086022 0.8001792114695341 0.1453293010752688 0.2434289127837515
0 0.06636424731182795 0.9032258064516129 0.12432795698924731 0.17771804062126642
