7 0.533854166666667 0.285648148148148 0.061458333333333 0.073148148148148
10 0.8743563531728004 0.5853988927591834 0.07524988641526588 0.07235768253487462
7 0.5208238679388159 0.3220505830683023 0.041174466151749245 0.08918505056624096
0 0.3640232974910394 0.4332935085623258 0.06571087216248506 0.07566706491437679
0 0.34610215053763443 0.25773264303730253 0.0425627240143369 0.04181600955794504
0 0.6368297982029755 0.12233842326639499 0.08055310060391814 0.07937676961097202
0 0.6833204448372368 0.23813030883291603 0.07318824569155989 0.06873864584867677
0 0.7486835321844159 0.20007855845239847 0.019793047576962743 0.04500744668663358
0 0.7334935189276771 0.26390730102616977 0.04096700544999273 0.07937676961097198
0 0.7130100162026809 0.3220078231125514 0.07272794225953756 0.0810134040359405
0 0.645805715127412 0.4189784127919347 0.023015171601119492 0.05237230159899177
0 0.6971295477979085 0.4218425230356295 0.05385550154661957 0.06955696306116102
0 0.6621464869642069 0.47544230045334773 0.060299749594932985 0.0867416245233302
0 0.7765318898217706 0.5507274840018985 0.021173957873029833 0.07855845239848776
0 0.7249779054352629 0.5511366426081407 0.08929886581234348 0.056463887661413095
0 0.7256683605832965 0.6591545146560613 0.05937914273088808 0.05810052208638161
0 0.7652910527014468 0.4432128265262475 0.04563255011283695 0.08407451657152973
0 0.843903491304925 0.44395032228564696 0.0601519978760121 0.0929244656843223
10 0.9227233505907341 0.44542531380444567 0.057662949688039186 0.051624703157956836
0 0.9700152661622196 0.3812631827366993 0.045217708748174774 0.10029942327831617
0 0.9181600955794503 0.3794194433382009 0.057662949688039186 0.07153708866174015
0 0.8719052834196203 0.37868194757880147 0.05392937740607989 0.0759620632181365
0 0.8308359883180673 0.3263197486614452 0.03899508827824241 0.1526616221956724
0 0.798063520509757 0.27506379338318804 0.05309969467675569 0.06489962682714578
0 0.8383031328819859 0.1563269761198873 0.09541351387229523 0.08112453353393219
0 0.8183907473782025 0.08183990442054959 0.051440329218106984 0.07374957593993835
0 0.8399624983406345 0.01915276487160201 0.043973184654188244 0.036874787969969174
0 0.8905731448294172 0.1039647772025311 0.05061064648878263 0.06637461834594452
0 0.9503103013407672 0.08995235777394281 0.07716049382716048 0.09734944024071862
0 0.9225159299084029 0.27838252430048527 0.1269414575866189 0.12463678333849584
0 0.9513474047524226 0.18803929377406084 0.09250962431966028 0.07522456745873711
