9 0.645572916666667 0.426388888888889 0.025520833333333 0.078703703703704
2 0.5592770331667425 0.582226933885271 0.04046456156292594 0.06226126171605508
9 0.5920509616840831 0.5622444343480236 0.015144631228229592 0.03659952546822148
9 0.7110597258319319 0.3630943280843908 0.025480303725220425 0.04218405838953157
10 0.6868534372929725 0.36351899981314445 0.014969678438567 0.038503570073666435
9 0.6651374840532167 0.4517799647652026 0.019221569163477323 0.01569365976145638
0 0.8753360215053764 0.2147550776583035 0.025201612903225805 0.10304659498207885
0 0.9421202956989247 0.32526881720430106 0.05628360215053763 0.10902031063321382
2 0.44816868279569894 0.7411887694145759 0.04284274193548387 0.05973715651135006
0 0.6837901040300726 0.2979572806480753 0.0267724451438063 0.04808112597255002
