4 0.803385416666667 0.369444444444444 0.0984375 0.116666666666667
4 0.8140625 0.336574074074074 0.075 0.087962962962963
10 0.927781224152192 0.31364049464407884 0.04796204392978594 0.053610268664032096
2 0.936397160187483 0.27738974154744767 0.018093465674110822 0.020933533478336347
0 0.9694249149894312 0.3059818848349315 0.01694467420273877 0.041356492969396155
2 0.3644773806064128 0.28684598577071696 0.02482321030708128 0.044130151657033385
2 0.2847101133391456 0.3070274575650919 0.017255158384190644 0.055431775861883394
0 0.2523188511091737 0.2693553768822586 0.03602392715295939 0.046821014562950014
0 0.7458708126550869 0.5758202371105596 0.023586124896608746 0.02355022516312838
0 0.764287375930521 0.6226334895689734 0.018416563275434113 0.020678246484698046
0 0.7310083229942101 0.6886889991728702 0.027463296112489603 0.028719786784302925
0 0.7584716191066996 0.7222911497105047 0.02293992969396201 0.01665747633489574
0 0.9366694562791641 0.6545727102635198 0.032968147697301775 0.035504159058632606
0 0.264959957437276 0.045113998407009165 0.023101478494623656 0.0292463162086818
0 0.2408241220461366 0.04359452131551406 0.01746969945611412 0.0260626499217397
0 0.1282762096774194 0.01711220629231382 0.01995127688172039 0.026757268020708883
0 0.10604978718637996 0.04698078454798885 0.034302195340501745 0.019290123456790126
0 0.19460545474910396 0.06191507367582637 0.034302195340501766 0.019290123456790126
0 0.2574344758064516 0.10391776184786937 0.020651321684587866 0.031113102349661494
0 0.2640849014336918 0.07187126642771804 0.01995127688172043 0.020534647550776584
0 0.33723958333333337 0.03173536439665472 0.01645105286738349 0.022401433691756283
0 0.18012315578894722 0.036351680512720766 0.015889389013920126 0.013429283246737608
0 0.9742756869772998 0.1624850657108722 0.03173536439665468 0.023894862604540008
0 0.9741263440860215 0.1270410195141378 0.014112903225806451 0.02070888092393468
0 0.9428763440860215 0.12007168458781362 0.01254480286738341 0.013938669852648336
0 0.9537410394265233 0.14416567104739147 0.019489247311827957 0.02628434886499401
0 0.9234991039426523 0.17064914376742335 0.015456989247311828 0.02031063321385902
0 0.8761200716845877 0.19972122660294703 0.010304659498207835 0.022700119474313024
0 0.9172267025089607 0.13361210673038632 0.0123207885304659 0.021903624054161682
0 0.907258064516129 0.15272799681401833 0.009856630824372811 0.02031063321385897
0 0.911402329749104 0.09498207885304659 0.0064964157706095225 0.016328156113102323
0 0.891275745873088 0.13335689164857725 0.010648568832348906 0.016827368031366214
0 0.8811004467666212 0.08203341915291029 0.010648568832348906 0.016827368031366214
0 0.8359031879448736 0.0471166304878254 0.010648568832348906 0.016827368031366204
0 0.8195753824019386 0.02944789405489087 0.010648568832348906 0.016827368031366207
0 0.8386244888686961 0.12199841822740505 0.017510979857640434 0.01346189442509297
0 0.8588567696501591 0.09318155047369042 0.013961456913524132 0.013041210224308817
0 0.883466795396032 0.12515354973328624 0.013961456913524132 0.013041210224308817
0 0.8747113054672119 0.1405085230619079 0.009228759654702446 0.014303262826661277
0 0.8369680448281084 0.07319905093644305 0.018457519309404893 0.026082420448617687
0 0.4545407185129615 0.07617645152028747 0.019275652246394905 0.015281598177322105
0 0.5127583979328165 0.07617645152028747 0.017973243310827745 0.021764700434367852
0 0.530340918562974 0.09469960082613245 0.010940235058764649 0.020838542969075603
0 0.5586031924647828 0.04515017643299714 0.012242643994331883 0.021764700434367856
0 0.5091116529132284 0.04075092847285895 0.012242643994331883 0.023153936632306218
0 0.4658716762523964 0.0122715864151223 0.012763607568558807 0.01435544071202986
0 0.5836094440276736 0.020375464236429476 0.0153684254396932 0.03241551128522871
0 0.7639930816037342 0.018754688672168042 0.018754688672168056 0.020838542969075603
0 0.7508387513545053 0.10882350217183925 0.02057806118196206 0.01944930677113722
0 0.7478432108027007 0.1312828207051763 0.011982162207218497 0.025469330295536847
0 0.7193204551137784 0.09168958906393265 0.01901517045928144 0.011113889583506991
0 0.6737361423689255 0.0919211284302557 0.015889389013920126 0.020838542969075603
0 0.7085104609485704 0.03079473572096728 0.01562890722680666 0.013429283246737608
0 0.7826946784466816 0.08656180322504546 0.006848845969454117 0.014078183381655745
0 0.7301511882747758 0.10368391814868083 0.006634819532908776 0.013317200496160843
