3 0.380729166666667 0.441203703703704 0.135416666666667 0.160185185185185
3 0.4656102990591398 0.3299544504181601 0.0808551747311828 0.10734020310633213
0 0.6753612231182796 0.6767099761051374 0.053028393817204304 0.06907108721624851
0 0.3409148185483871 0.15120967741935484 0.023626512096774157 0.05040322580645161
0 0.41756972446236557 0.023334826762246116 0.06352906586021505 0.042936081242532856
0 0.6077788978494624 0.16920549581839908 0.05964381720430108 0.08661887694145759
0 0.7463750407298794 0.2687447956265161 0.047857608341479334 0.09232106006299555
0 0.4599930759204953 0.06192751891676629 0.049384978820462624 0.06607291553528113
0 0.4831828622435164 0.032095144998370836 0.04373528561397715 0.06419028999674167
0 0.472975724991854 0.08908077187647086 0.03971163245356788 0.04072987943955685
0 0.6758614369501466 0.12528510915607696 0.02392880417073959 0.05702183121537959
0 0.723719045291626 0.09858441041236746 0.03207478005865104 0.04706563846348792
0 0.8591458944281526 0.25924115709061957 0.03920250896057342 0.06426269867130081
0 0.8935117302052785 0.6796640237500454 0.05905832518735752 0.04344520473552733
0 0.8978392798957315 0.7507150356612723 0.035129521016617773 0.057021831215379626
0 0.7320468509984639 0.5179211469534051 0.022081413210445492 0.04778972520908005
0 0.899361559139785 0.5050776583034647 0.015120967741935484 0.032855436081242535
