2 0.760677083333333 0.584722222222222 0.011979166666667 0.113888888888889
2 0.678608948214065 0.6807975940345239 0.04325794092201214 0.10505499938202939
0 0.265251642771804 0.38467410062392143 0.12040770609318995 0.11947431302270012
0 0.1621117084826762 0.5862870038497278 0.02240143369175624 0.07135271472189023
0 0.45613052568697726 0.388822514270543 0.033602150537634407 0.07135271472189042
0 0.5014000896057347 0.5595380326563123 0.04424283154121866 0.06371963361210671
3 0.5442428315412186 0.8895858223815214 0.11648745519713265 0.076662684189566
0 0.5834453405017921 0.3116288331342095 0.04704301075268817 0.055754679410593415
0 0.6033266129032258 0.3419952210274791 0.040882616487455226 0.05675029868578255
0 0.6288082437275986 0.38530465949820786 0.06272401433691752 0.07765830346475508
0 0.7066532258064516 0.42313819195539626 0.05264336917562734 0.04380724810832333
0 0.5509632616487454 0.22351652727996815 0.042562724014336945 0.07068896853843093
0 0.5296818996415771 0.13739545997610514 0.024641577060931952 0.04778972520908005
0 0.4003136200716846 0.2349661489446436 0.045922939068100306 0.02986857825567503
0 0.3896729390681003 0.18070489844683393 0.06048387096774194 0.08064516129032258
0 0.31322804659498205 0.12246117084826762 0.07336469534050177 0.08960573476702509
0 0.3423499103942652 0.1821983273596177 0.030801971326164825 0.03982477100756672
0 0.2793458781362007 0.04679410593389088 0.06048387096774194 0.08562325766626842
0 0.2432235663082437 0.2533851055356432 0.07000448028673836 0.05276782158502591
0 0.19814068100358426 0.3114648487830019 0.06832437275985663 0.041488040855529845
0 0.07898481973434535 0.16705320120879902 0.04941492726122705 0.13704406493780305
0 0.07700822264389627 0.09765268114414236 0.12057242251739403 0.07906388361796332
0 0.7428627330883352 0.2510472906552939 0.06677895739757725 0.062005656125705105
0 0.7828450387913434 0.15879497300485457 0.06252552062066145 0.08771531842172918
0 0.7692340411052129 0.07297007092842127 0.09485164012522117 0.13232914417071215
0 0.6777768899160767 0.03009259259259261 0.06523119918699191 0.06018518518518522
0 0.8417338709677419 0.16099163679808845 0.03696236559139785 0.06421744324970131
0 0.8299731182795699 0.20728793309438473 0.028561827956989246 0.052270011947431305
0 0.8879368279569892 0.32004181600955794 0.06888440860215053 0.04181600955794501
0 0.8337533602150538 0.26179808841099167 0.04284274193548387 0.06571087216248507
0 0.8715557795698925 0.397700119474313 0.05964381720430108 0.07168458781362007
0 0.9509408602150538 0.211768219832736 0.043682795698924734 0.05824372759856631
