7 0.930989583333333 0.229166666666667 0.053645833333333 0.063888888888889
2 0.825379406560501 0.13535381032318558 0.025945964339186084 0.051419324592048156
7 0.5584762488090377 0.05973715651135006 0.031475432149176585 0.0438576592108646
0 0.8166291873449131 0.048812149618601246 0.017124172870140494 0.03905891002665196
0 0.7476478494623656 0.2673764846440368 0.02075426944971544 0.018975332068311222
0 0.6753043959519291 0.19692177946447395 0.014824478178368086 0.010893246187363809
0 0.13608870967741934 0.689167662285942 0.07728494623655914 0.20111509358821184
0 0.395518313172043 0.8064516129032258 0.09923135080645161 0.15681003584229392
0 0.28079847110215056 0.522233422939068 0.24571572580645162 0.1670773596176822
0 0.02090800477897252 0.6055356431700518 0.04032258064516128 0.13274923669188898
0 0.02090800477897252 0.3864994026284349 0.03882915173237754 0.1592990840302668
0 0.7965576463560334 0.578985795831674 0.0907258064516129 0.06438337979556613
0 0.2361936427089229 0.32619631516066144 0.10463827579701941 0.10637405940179002
0 0.36470713073005095 0.3062839296568782 0.056887851348802185 0.10008593766375312
0 0.30811403508771934 0.3715231926890104 0.057477362761743075 0.14148273910582906
0 0.35439068100358423 0.4362384455763063 0.12645019807583474 0.12419040432622772
0 0.49000701262272084 0.48413069450937607 0.06428237494156148 0.09765726455768527
0 0.3412809724170172 0.18570463872006646 0.06954184198223468 0.10441016051114226
0 0.40307971014492744 0.15349851955742555 0.053471248246844336 0.1075268817204301
0 0.3836489013557737 0.036621474209131984 0.053763440860215055 0.06804841306945093
0 0.2694015895278167 0.11739649888317488 0.04032258064516129 0.09246272920887225
0 0.040030388031790556 0.07142486104617941 0.026881720430107527 0.05869824944158745
0 0.13601566152407665 0.038699288348657206 0.0394460028050491 0.07532076255778919
0 0.19007129499766243 0.054542621162537004 0.06808087891538103 0.10596852111578618
0 0.1950385694249649 0.03610202067425068 0.07100280504908833 0.06700950599968832
0 0.2761220196353436 0.04259518986026699 0.06837307152875176 0.07791803023219572
0 0.41087962962962965 0.2451214655515731 0.019787933094384716 0.08827824240010619
0 0.5591024492234169 0.14257268020708885 0.07579151732377534 0.1061993893535112
0 0.5088859020310633 0.1903624054161689 0.07691158900836322 0.09557945041816006
0 0.4700567502986857 0.20463294836054696 0.04480286738351252 0.06040090269480949
0 0.45549581839904424 0.3480021239877871 0.13888888888888887 0.1281030134076729
0 0.5669429510155316 0.291915571485464 0.10341995221027481 0.09159697331740341
0 0.5574223416965352 0.4166998539758397 0.13739545997610514 0.18717642373556354
0 0.6277758298270218 0.3750454521843021 0.047627395979429686 0.11947431302270012
0 0.654862085086489 0.4574437691548491 0.054055633473585774 0.10064412238325283
0 0.6799589019851117 0.30930061575222867 0.11663823407775026 0.10856079404466508
0 0.7080683933002481 0.38196167631651506 0.041679590570719564 0.0815641944674202
0 0.7455477150537635 0.42159498207885304 0.06688120347394537 0.09075452623839719
0 0.7998281120760959 0.4836297215329473 0.056542080231596265 0.0953496921238857
0 0.5697826199338296 0.5471004503262568 0.06041925144747728 0.07409704990350152
0 0.6087158808933002 0.5212526422203841 0.056865177832919785 0.09707287933094384
0 0.6851284636062862 0.49770241705725576 0.03651002894954501 0.10856079404466504
0 0.7112993693134821 0.51895505927764 0.038448614557485446 0.10166804521643234
0 0.8235757857733663 0.49712802132156975 0.03747932175351527 0.06720430107526881
0 0.749586435070306 0.5112007168458781 0.059449958643506946 0.08845694329565298
0 0.48496949958643504 0.25071225071225073 0.0639733250620347 0.06950188401801304
0 0.428265870554177 0.5143598933921515 0.04749534739454093 0.07294825843212935
0 0.49740875723738626 0.022389945777042567 0.046849152191894124 0.042505284440768315
