3 0.522395833333333 0.811111111111111 0.153125 0.181481481481482
0 0.5623408319185059 0.5786015217254606 0.10169071873231462 0.1619191347544488
0 0.4756826542161856 0.288561906558511 0.0928480475382004 0.19807583474816076
0 0.42439516129032256 0.3671634282839716 0.04509762308998306 0.1383386782368107
0 0.37531833616298815 0.45519713261648753 0.08665817770232026 0.11004213041564478
0 0.9819521080928127 0.2627717887252443 0.035423740803621886 0.1213431121294801
0 0.031409168081494084 0.4553194016502827 0.0493774759479344 0.11657479022127197
0 0.09633205998868144 0.3192165000314406 0.09284804753820035 0.0833176130289883
0 0.018516553480475432 0.2555492674338175 0.02741228070175439 0.06602527824938688
0 0.17458970005659316 0.3333647739420235 0.09373231465761177 0.12419040432622776
0 0.22587719298245618 0.1879519587499214 0.07958404074702886 0.056593095642331684
0 0.3116511035653651 0.13843300006288123 0.08488964346349742 0.07388543042193299
0 0.3077104877295879 0.01537445764950009 0.09277087513505168 0.03074891529900018
0 0.37929753820033957 0.03153493051625479 0.04686615732880586 0.06130918694585928
0 0.3563065930956424 0.15493931962522794 0.057477362761743 0.07231339998742377
0 0.39388794567062824 0.19109601961893982 0.07958404074702886 0.04401685216625797
0 0.3399476513865309 0.22961076526441554 0.06366723259762302 0.0675973086838961
0 0.3629385964912281 0.2508331761302899 0.06543576683644586 0.028296547821165877
0 0.3434847198641766 0.32471860655222284 0.06013016411997731 0.03144060869018418
0 0.26611134691567634 0.2492611456957807 0.08400537634408602 0.06602527824938688
0 0.2846809564233164 0.26812551090989123 0.06632003395585738 0.028296547821165807
0 0.8267367006225241 0.3310067282902597 0.06808856819468022 0.06916933911840537
0 0.9014572722127902 0.23275482613343396 0.04067628749292576 0.08646167389800671
0 0.8276209677419355 0.24375903917499844 0.06455149971703462 0.09589385650506191
0 0.7758913412563667 0.2021002326605043 0.07604697226938312 0.10375400867760803
0 0.7250459818902094 0.1675155631013016 0.07339417091114876 0.13833867823681065
0 0.6848118279569892 0.13293089354209897 0.04421335597057151 0.11947431302270012
0 0.04409085937368537 0.5668677537146415 0.05756642603530382 0.09923940296498221
0 0.06534067006579501 0.5889863941380928 0.046302606559308075 0.05765710685191721
0 0.11804714187153989 0.4888355087380783 0.054377639793359904 0.05087006841259956
0 0.16161214599424506 0.42385615965806794 0.05915871573527185 0.05216484089723527
0 0.17557360290776922 0.44236626449257077 0.028396183552930474 0.04711663048782536
0 0.1741537937301227 0.4907449475827486 0.03218234135998789 0.06310263011762328
0 0.21864114796304712 0.4722348427482458 0.04827351203998181 0.04290978847998386
0 0.25011358473421175 0.4772830531576557 0.03644176889292748 0.03449610446430073
0 0.21816787823716494 0.5492200514917462 0.01041193396940783 0.045433893684688816
0 0.2782731334242011 0.4634004745317785 0.04448735423292443 0.045433893684688746
0 0.33080607299712256 0.43311121207531933 0.02555656519763742 0.03365473606273246
0 0.3121119188247766 0.3674844767529911 0.012778282598818748 0.04879936729096204
0 0.33435559594123887 0.35233984552476144 0.02319021656822658 0.03533747286586907
0 0.25508291685597456 0.3376158984973161 0.012305012872936519 0.05300620929880354
0 0.2607621535665607 0.30732663604085686 0.041647735877631396 0.04459252528312048
0 0.38688853551416036 0.32162989886751814 0.03076253218234141 0.04290978847998383
0 0.4164678933817962 0.30185774143066285 0.027449644101166112 0.045433893684688816
0 0.3977737392094503 0.26063068975381565 0.026976374375283958 0.02692378885018594
0 0.02034796893667861 0.6334129828753485 0.0384557945041816 0.023231116421080594
0 0.05861708482676225 0.4917031727067569 0.023894862604540025 0.05309969467675556
0 0.08997909199522103 0.4415903358555688 0.05451015531660692 0.09226071950086288
0 0.07112455197132617 0.4293110314615691 0.04368279569892474 0.049117217575998975
0 0.026695041816009558 0.5368379131819992 0.03173536439665471 0.01592990840302666
0 0.014187574671445638 0.5116155582105403 0.025388291517323774 0.049117217575998906
0 0.011947431302270013 0.5939200849595114 0.02240143369175627 0.033187309172972246
0 0.009893966547192353 0.4389353511217311 0.019787933094384706 0.017921146953405017
0 0.013814217443249703 0.34767025089605735 0.026881720430107527 0.019912385503783377
0 0.029984733837780417 0.38863814033069316 0.02364595778574273 0.02802483885717653
0 0.15920781893004113 0.3716757378645073 0.07799017655648482 0.08554950809032852
0 0.08785510420815078 0.27764502854108586 0.03982477100756671 0.033187309172972246
0 0.06752787733970528 0.18103308405976667 0.019912385503783346 0.042037258285764864
0 0.18368345944510817 0.24593271088691238 0.03484667463162087 0.05383719043615498
0 0.150703570954467 0.2971886661651696 0.017008495951148273 0.06489962682714578
0 0.12104241338112304 0.14047081729280056 0.009956192751891673 0.04646223284216117
0 0.09718903491304924 0.1751331179845716 0.009541351387229533 0.025812351578978418
0 0.062310784006681275 0.3801719038173783 0.02022653721682848 0.027258702485761684
0 0.0812323833385531 0.35958288385472853 0.020879006159306816 0.028998619665703915
0 0.059537791001148345 0.26823723190776116 0.017290426975675958 0.027258702485761684
0 0.045346591502244495 0.2876663070837828 0.0189215993318718 0.023198895732563146
0 0.14892603612068067 0.5097957337230747 0.017942895918154313 0.05335746018489521
0 0.11907558200229669 0.5048659683799052 0.04045307443365694 0.01449930983285199
0 0.1985136757490343 0.5350245328322372 0.01468055120576261 0.027258702485761684
0 0.23847739847583255 0.363062718214613 0.015006785677001741 0.02667873009244754
0 0.2004710825764693 0.4207699713493638 0.017290426975675958 0.023778868125877154
0 0.18089701430211924 0.3700223869343819 0.021205240630545977 0.019719061372678683
0 0.4441418796257506 0.5197830842992134 0.012218963831867099 0.05430650591940913
0 0.5015273704789833 0.5329718071653555 0.04407554810780613 0.05585812037424946
0 0.4818897500349113 0.46276125308383376 0.03971163245356788 0.019395180685503263
0 0.4740347018572824 0.42552250616766746 0.04058441558441553 0.03956616859842666
0 0.5200740120094959 0.3227280485345002 0.06982265046781176 0.04499681919036763
0 0.529456430666108 0.4100063616192648 0.04232998184611083 0.03956616859842666
0 0.5384024577572964 0.4348321928967091 0.04538472280407765 0.024050024050023995
0 0.48581727412372566 0.39293860261602204 0.056294511939673234 0.03491132523390586
0 0.4831989247311828 0.36617325327002753 0.012655355397290886 0.026377445732284465
0 0.5375296746264489 0.2649304100917004 0.030547409579667673 0.04111778305326693
0 0.5477848764139087 0.19355614516904837 0.051930596285434984 0.05508231314682929
0 0.49083577712609966 0.21372713308197178 0.04276637341153469 0.04422101196294743
0 0.5656769305962854 0.46043383140157335 0.044948331238653855 0.06594361433071112
0 0.5824780058651027 0.4755620723362659 0.03491132523390592 0.04654843364520786
0 0.6138981985756179 0.4778894940185263 0.048003072196620596 0.038790361371006526
0 0.5654587348135736 0.37548293999906907 0.02356514453288647 0.05120327700972866
0 0.5772413070800168 0.3343651569458021 0.013964530093562322 0.0449968191903676
0 0.6152073732718893 0.28859253052801437 0.04451193967322999 0.06051296373877023
0 0.6010246473956151 0.1900650126456578 0.017019271051529138 0.041893590280687065
0 0.6245897919285016 0.33669257862806246 0.06153121072475913 0.06361619264845073
0 0.6688835358190196 0.40612732548216424 0.04189359028068712 0.03956616859842666
0 0.6278627286691802 0.4146612049837856 0.03403854210305819 0.04422101196294746
0 0.5968789275240888 0.42513460255395735 0.026183493925429423 0.02792906018712473
0 0.69288507191733 0.4410386507160701 0.05585812037424952 0.0333597107790656
0 0.6518642647674906 0.4650886747660941 0.02007401200949587 0.04111778305326686
0 0.7079405809244519 0.38091359059101 0.019637620444072162 0.041893590280687065
0 0.6595011171624074 0.3712160002482583 0.02923823488339616 0.030256481869385062
0 0.6684471442535959 0.3397958075377431 0.027056277056277073 0.02792906018712466
0 0.6597193129451194 0.3141941690328787 0.029674626448820022 0.023274216822604
0 0.44217811758134334 0.6380936864807834 0.024874319229157987 0.041117783053267
0 0.7934733277475214 0.4018603857313535 0.054548945677977856 0.08689040947105459
0 0.7923823488339617 0.24786265108845754 0.019201228878648145 0.05818554205650979
0 0.7533253037285297 0.2571723378174991 0.04320276497695864 0.04577262641778773
0 0.7367424242424244 0.22032149451504288 0.02487431922915791 0.02637744573228443
0 0.8150747102360005 0.2951868919610855 0.03927524088814417 0.08456298778879429
0 0.863514173998045 0.22070939812875295 0.015710096355257545 0.07059845769523189
0 0.45774358130348913 0.05440957745105211 0.055546412113232364 0.0731475385853266
0 0.4536290322580645 0.08366859288518273 0.03497366688610928 0.08533879501621436
0 0.47043010752688175 0.09951722624533683 0.042517006802721045 0.07802404115768172
0 0.7238084859052601 0.4439923794762504 0.019374212922600012 0.054893603280700046
0 0.48117674125738635 0.49996232791931716 0.018466046691853134 0.025832283896800017
0 0.4571103361425941 0.5427470481233921 0.022401433691756296 0.0446683242382167
0 0.5156870580257676 0.057584466186616716 0.06326891407536565 0.11409258721086678
0 0.5125084762181537 0.038210253264016704 0.04661919984500627 0.07534416136566673
0 0.5535273176402208 0.0341739589051417 0.032996706383803184 0.061889846836083395
0 0.5645766734476412 0.04117020246052503 0.056911750460137585 0.026370456477983355
0 0.6037791824082146 0.07265329845975006 0.05176547515257189 0.1399248711076668
0 0.5718420032936161 0.07776593798099174 0.02966676353773132 0.0349812177769167
0 0.6367758887920177 0.09687106461300007 0.04934369853724691 0.04413015165703337
0 0.6752215925603021 0.05570086215247504 0.0547926959217281 0.032828527452183356
0 0.6862709483677225 0.1186670541509251 0.11745616584326253 0.22979969216528356
0 0.7292574832897413 0.11436167350145844 0.038748425845200024 0.029599491965083356
0 0.8156846362491523 0.11732162269796677 0.02209871161484057 0.03444304519573337
0 0.7904073428266977 0.024217766153250025 0.0466191998450062 0.04843553230650005
0 0.8226472440182117 0.022603248409700023 0.018466046691853057 0.04413015165703337
0 0.8343020439794633 0.048704618597091714 0.06599341276760637 0.09525654686945008
0 0.7822338467499759 0.05623903473365838 0.041170202460525086 0.04359197907585003
0 0.8760776905938196 0.05731537989602505 0.022401433691756373 0.04574466940058338
0 0.910436646323743 0.04655192827235838 0.060241693306209446 0.08987482105761675
0 0.8688123607478445 0.14046304368885013 0.04964642061416256 0.09148933880116676
0 0.8565521166327617 0.12620147028749176 0.03118037392230935 0.059737156511350045
0 0.9387411605153541 0.08314766379282507 0.05448997384481252 0.11247806946731677
0 0.9612939552455682 0.11220898317672509 0.0765886854596531 0.06296619199845005
