3 0.847916666666667 0.470833333333333 0.254166666666667 0.300925925925926
3 0.444346438172043 0.4307609020310633 0.13598370295698925 0.20814665471923535
0 0.2540217573924732 0.23381496415770608 0.07980510752688172 0.0942727001194743
0 0.40943170362903225 0.6617756869772998 0.1428091397849462 0.17921146953405018
3 0.6422029154195765 0.28599317641552424 0.06997561245981601 0.04865191097316138
3 0.8449470766129032 0.7034796893667862 0.19216229838709678 0.24828255675029862
3 0.5518171344784248 0.500193951806855 0.02356514453288647 0.14313643345901408
2 0.5542172880882558 0.3289345063538612 0.03447493366848206 0.08223556610653386
0 0.26064068100358423 0.33432895260852247 0.05577956989247312 0.07048984468339303
0 0.11984767025089606 0.38729589804858616 0.03763440860215054 0.06172839506172842
0 0.09274193548387097 0.30904022301871764 0.012992831541218625 0.028673835125448063
0 0.7582885304659498 0.29609717244125844 0.0456989247311828 0.045798486658701724
0 0.7950268817204301 0.18458781362007168 0.021953405017921045 0.04579848665870169
0 0.7683691756272403 0.15531660692951016 0.01164874551971321 0.023894862604540025
0 0.8144041218637992 0.22461170848267623 0.02486559139784946 0.039824771007566685
