9 0.799479166666667 0.78287037037037 0.080208333333333 0.09537037037037
0 0.3071299366897799 0.42569702654116276 0.03894080996884734 0.03405576212329302
0 0.490999648276555 0.22862023917194252 0.032345995377349016 0.03852209158208556
0 0.33241005929052353 0.39527015710313873 0.02418098683549393 0.027914559117453292
0 0.2553135363280072 0.3271586328565526 0.04836197367098782 0.06141203005839725
0 0.4767108833283087 0.5161401980817115 0.028263491106421436 0.030706015029198643
0 0.4632072153552406 0.4460746546969037 0.02889156868656417 0.039080382764434624
0 0.5579434006853362 0.6376908634973152 0.04394127377998344 0.02888389985164172
0 0.9032258064516129 0.8227947972318027 0.02567711503347532 0.04508464642366045
0 0.9192343781700142 0.8520998174071819 0.054524244268614276 0.03155925249656219
0 0.20518867924528303 0.8050427177024864 0.07893335362142422 0.08058880548229305
0 0.04716347129235137 0.7374157480669958 0.030432136335970784 0.05804648227046276
0 0.10311422195171432 0.9287437163274047 0.07005731385676607 0.12510989382565757
0 0.13956938527084597 0.9710105723495862 0.08146936498275507 0.04846599490543505
0 0.027984885372286463 0.9326886228894748 0.05293923716778252 0.07438966659903967
0 0.021204224994927974 0.9543148277682393 0.04240844998985595 0.08608282386000617
0 0.04304245283018867 0.577928811343297 0.01902008520998174 0.06368206307342034
0 0.03575142016636233 0.49959423818218707 0.027896124974639884 0.02986857825567503
9 0.14369040373300873 0.5441153265255517 0.03455315479813349 0.018597416649759883
9 0.14131289308176098 0.5579224994927977 0.021556096571312636 0.016906742408872653
0 0.07505959626699127 0.545806000766439 0.017752079529316293 0.024232997452717526
0 0.14860392574558734 0.2569824846148644 0.02219009941164537 0.02592367169360472
0 0.012927317914384246 0.4883230765762719 0.02028809089064719 0.03437704289804105
