2 0.76953125 0.727777777777778 0.0640625 0.075925925925926
0 0.5035370684776458 0.43318870653335845 0.1467883418222977 0.09746588693957113
0 0.5618986983588002 0.45676916305099674 0.11849179400113191 0.05973715651135006
0 0.7727964063384267 0.336508834811042 0.046866157328806016 0.05502106520782246
0 0.9819521080928127 0.4015060782739544 0.035423740803621886 0.0790855608639001
0 0.8965938030560271 0.55973715651135 0.07339417091114876 0.10532603911211719
0 0.9066200489995916 0.5977496483825597 0.046362460868381666 0.06578648881629683
0 0.9098101265822784 0.6676950531585076 0.0723084252075676 0.07864131996430891
0 0.7641299169729141 0.5516234895573401 0.033602150537634407 0.04461382574898296
0 0.7900758813121 0.5871633168489028 0.0404076493806996 0.08998381803608432
0 0.7524329658363959 0.6283743931763531 0.05104124132298904 0.09073998457420267
0 0.6992643658226384 0.6759997944527947 0.044441553936871235 0.08414588712889089
0 0.6931220372297376 0.7428026361429068 0.04444155393687131 0.07258385683637157
0 0.6504870505260725 0.7180727380172403 0.0364926581107643 0.08093421204763557
0 0.6087553474390103 0.774598219447335 0.040467106023817805 0.10148893256767005
0 0.6033356457393918 0.8539265939543429 0.06214591282229153 0.0879998972263975
0 0.629530870620881 0.9188024305957014 0.058171464909238024 0.0815765470638866
0 0.5131879408024049 0.8937513649619094 0.04949994218984852 0.07772253696638026
0 0.536131344664123 0.9560578615382639 0.06431379350213894 0.0700145167713673
0 0.3468386360288702 0.8674162452333023 0.04649064663426132 0.07037528027364531
