1 0.61015625 0.476851851851852 0.0734375 0.087037037037037
2 0.598904443091905 0.5117107369085457 0.05230523432744975 0.05072022722661795
0 0.6031839622641509 0.559613173733685 0.03994217894096168 0.0777710150808142
2 0.5261526171637249 0.47479768264917377 0.031066139176303485 0.0512837853069137
2 0.6104749949279773 0.3739207862762336 0.04564820450395616 0.047902436825139234
2 0.6366276120917022 0.4474651157548296 0.04152718604179349 0.05522869186898404
2 0.6740337796713329 0.524954351795496 0.03518715763846623 0.044521088343364636
0 0.48938045242442685 0.48916841369671554 0.03550415905863262 0.0687540857960821
0 0.5097621045434769 0.42023190447579784 0.02233668966374542 0.01450266227443186
2 0.7359690532389194 0.4650270517042088 0.05026663169857502 0.060708492389583396
0 0.7403408055403681 0.5525686977299881 0.09738928376161848 0.06125589777858772
0 0.8490423387096774 0.40285244922341695 0.04074260752688172 0.04853643966547192
0 0.0793269230769231 0.7487822810403455 0.0739247311827957 0.06571087216248507
0 0.05490074441687347 0.681692859112214 0.016801075268817203 0.037220843672456615
0 0.17388111514633625 0.3830971539794441 0.04294844406465855 0.04074786172628514
0 0.30784465570034897 0.370042013814712 0.03315708894110942 0.04628640603859578
0 0.2822536139001638 0.3761739735890559 0.03627252011678416 0.11630943055852265
0 0.1733247881506801 0.4507465166512379 0.04183579007334619 0.028088331869575142
0 0.1896808018229723 0.43175722186617294 0.04606387524033327 0.04628640603859572
0 0.11006858285084091 0.1863799283154122 0.027140198511166256 0.05590785160677634
0 0.2412462089881445 0.23730968354624266 0.08012820512820512 0.09037159574793982
0 0.39180969120485254 0.25032932022179333 0.03575613454645719 0.10109364948074626
0 0.37673180314309346 0.10787917777165089 0.036617728149986185 0.07045921024415648
0 0.4299352081610146 0.07992525196826274 0.06461952026468158 0.04518579787396993
0 0.45922939068100355 0.1339184511227522 0.060311552247036104 0.06586404435866801
0 0.4482440722360077 0.19174095518181541 0.04178728977116074 0.06356646141592379
0 0.2356458505652054 0.06728854578316944 0.08615936035290872 0.10262537144257575
0 0.17942686793493243 0.0638421713690531 0.02197063688999172 0.05897129553043532
0 0.11825372208436724 0.025549122323315878 0.060742349048800666 0.04824924179762889
3 0.3708590290955091 0.8004427577482607 0.08499367488931055 0.08126010260735117
0 0.016381048387096774 0.05495818399044209 0.031081989247311828 0.07616487455197132
