6 0.843229166666667 0.314351851851852 0.125 0.147222222222222
10 0.41833895973993507 0.5118085076824762 0.22740060015003752 0.17504376094023513
0 0.10654226056514132 0.236045122391709 0.053919729932483125 0.14586980078352926
0 0.016055984104721845 0.6493428912783752 0.026297335203366065 0.05584125499974029
0 0.03906615240766715 0.7344034076151887 0.03433263207106124 0.12986338372032616
0 0.07412926601215523 0.7558308659290427 0.0854663394109397 0.1908991740688795
0 0.1256282141187471 0.7389486260454002 0.06428237494156147 0.13635655290634258
0 0.07595546984572231 0.8467352345332709 0.13148667601683028 0.06623032569736634
0 0.1398726040205704 0.8655654251727183 0.07085670874240299 0.05194535348813038
0 0.2494448340345956 0.7220663861617578 0.06501285647498828 0.10518934081346416
0 0.29947179777400484 0.7477624766815485 0.0660252782493869 0.09327380578087992
0 0.9027591099163681 0.4460706225939201 0.1521430704898447 0.10288065843621397
0 0.31238799283154123 0.6418757467144564 0.05413679808841098 0.09624319660161959
0 0.37492532855436084 0.5929244656843223 0.04480286738351252 0.04572473708276183
0 0.46370138059206156 0.6286930100151924 0.10122129297756541 0.08038703777453286
0 0.4103942652329749 0.6810552089325486 0.12320788530465945 0.06563712258654507
0 0.353768418956591 0.747429827278493 0.0929244656843223 0.07743705473693523
0 0.3564648878268949 0.7994232783161497 0.055173901500066354 0.03244981341357289
0 0.3083432895260852 0.8484667463162087 0.04936612239479624 0.0420372582857649
0 0.21687076861808044 0.8842352906470786 0.07052303199256602 0.03539979645117046
0 0.2604291119076065 0.9251663052937446 0.1344086021505376 0.11283685118810569
0 0.20898878268949952 0.9273787925719426 0.051440329218106984 0.034662300691771036
0 0.34173801938138854 0.8775978288124844 0.07799017655648478 0.08702449960912723
0 0.37990342493030665 0.8197044116996327 0.05973715651135008 0.037612283729368604
0 0.39400803132881984 0.7396861218047996 0.03152794371432367 0.029499830375975318
0 0.4435815744059472 0.8285543608124253 0.0908502588610115 0.058262164992551206
0 0.3960822381521306 0.881654055489181 0.06388557015797156 0.0700620971429415
0 0.4921010596852111 0.5432618218966979 0.03847202742714667 0.0337644797672848
0 0.5096326164874552 0.5588454279431371 0.06769128876422009 0.16362786348761105
0 0.5663666822502726 0.5722646442609042 0.07402212872058594 0.07964954201513344
0 0.5320340501792113 0.5887140061988121 0.04334190431665886 0.08484407736394646
0 0.5305730871123577 0.6497497965473654 0.04821178120617112 0.05107959759666159
0 0.525946704067321 0.7973611760428029 0.020453482935951364 0.07445500666632034
0 0.5001363565529062 0.8107803923605699 0.041880941249805195 0.040690526899035545
0 0.5050062334424186 0.7142486104617942 0.09934548854604956 0.05540837705400583
0 0.5181549010441016 0.7259363149966235 0.08181393174380545 0.06493169186016308
0 0.5685581268505532 0.7211746575935448 0.04528985507246371 0.041556282790504336
0 0.321655368552283 0.941509531972365 0.04723780582826869 0.03549599155022252
0 0.35696197600124663 0.9505999688327877 0.052594670406732144 0.03809325922462903
0 0.4365844631447717 0.955794504181601 0.12125993454885459 0.048482329922255214
0 0.46215131681471083 0.8791751077866085 0.062334424185756555 0.06146866829428765
0 0.5831677575190899 0.7982269319342719 0.08619682094436652 0.05367686527106824
0 0.5675841514726507 0.7661939639499246 0.033602150537634407 0.046750818139317495
0 0.5225377902446625 0.8722490606548576 0.08863175938912264 0.09783041573597909
0 0.5782978806295777 0.8934600799958444 0.09009272245597631 0.05367686527106824
0 0.5230247779336138 0.8969231035617196 0.04480286738351252 0.039824771007566755
0 0.5882811282530777 0.8532024310425433 0.02142745831385383 0.05281110937959931
0 0.48771817048465005 0.9428081658095683 0.07840501792114693 0.039824771007566616
0 0.522294296400187 0.9622876733676171 0.08424887018856159 0.028569944418471774
0 0.6233442418575659 0.9428081658095683 0.08765778401122018 0.05194535348813052
0 0.331638616175783 0.9860959603830103 0.12369487299361068 0.02424116496112754
0 0.6788608383980053 0.6345990684466607 0.11395511921458627 0.08484407736394646
0 0.7256116565373226 0.8099146364691011 0.07304815334268362 0.05800564472841248
0 0.7945204145239207 0.8112132703063044 0.06476936263051261 0.07618651844925806
0 0.7056451612903226 0.845843505965058 0.08668380863331772 0.09350163627863486
0 0.7236637057815178 0.905580662476408 0.07110020258687869 0.03809325922462903
0 0.7472826086956522 0.9592575277474761 0.09301464858968364 0.0640659359686943
0 0.6900615552438834 0.972243866119509 0.0681782764531712 0.041556282790504336
0 0.8617247155991895 0.837618824996104 0.04626383045036626 0.042422038681973265
0 0.7716319931432132 0.8804737416238116 0.01801854449119523 0.05194535348813052
0 0.888996026180458 0.7003965161982927 0.028732273648122145 0.06579744775163188
0 0.9113974598722144 0.7246376811594203 0.0219144460028051 0.05367686527106811
0 0.9087190275829825 0.7584021609267051 0.036037088982390615 0.02770418852700298
0 0.9362338320087268 0.7441171887174692 0.014122642979585513 0.05107959759666173
0 0.9586352657004831 0.7718213772444721 0.043341904316658936 0.021643897286721028
0 0.9476780426990805 0.7986598098800063 0.03798503973819555 0.05627413294547475
0 0.8234961820165185 0.973542499956712 0.049672744273024705 0.028569944418471774
0 0.866594592488702 0.9410766540266305 0.11152018076983014 0.05540837705400583
0 0.9206502259622876 0.9484355791041158 0.08230091943275672 0.08224680968954001
0 0.9837848083815826 0.8944184051710933 0.029294182519989012 0.07045921024415638
0 0.9859387923904055 0.1722115001684894 0.023263027295285302 0.06280060043500901
0 0.9353005865102639 0.4286819811013359 0.030165566959921716 0.06041598783534267
0 0.6512096774193549 0.20500705984576953 0.044675586510263945 0.03258390355164546
0 0.8944434261974585 0.14153633105246008 0.026347140762463372 0.04276637341153472
0 0.7667170698924731 0.16835016835016833 0.057276392961877 0.06516780710329098
0 0.7766449780058653 0.22808732486151842 0.04811217008797648 0.05023351797545348
0 0.8400308528836755 0.32176604757249916 0.0328384652981428 0.05837949386336484
0 0.7531616568914956 0.32787552948843274 0.04085716031280575 0.05973715651135006
0 0.7346422898338222 0.3618170956880635 0.04429374389051814 0.0515911806234387
