10 0.141927083333333 0.364814814814815 0.1484375 0.175925925925926
3 0.31297750424448223 0.1738036848393385 0.12468166383701186 0.09432182607055269
3 0.4500389077532541 0.31371439351065833 0.07162563667232597 0.05030497390429482
10 0.5906373797396718 0.477991573916871 0.2520161290322581 0.1933597434446331
3 0.8466327108092812 0.7908256303842043 0.221066779852858 0.31912217820537014
3 0.942133559705716 0.5793875369427153 0.07250990379173737 0.09432182607055269
3 0.9213532823995472 0.7420926869144187 0.08223684210526307 0.15877507388543036
3 0.8209889643463497 0.6202603282399547 0.1644736842105263 0.10689806954662648
3 0.7283526427381494 0.5260824204486176 0.06815084052703313 0.09507462937721914
3 0.6405611085870059 0.5980194187827081 0.1377214902317127 0.058895788109781654
3 0.5397296015180266 0.5952280553798579 0.054949399114484494 0.0435729847494553
3 0.6575347881087918 0.7076744676365169 0.10238772928526244 0.08995712980532711
3 0.7234369803791153 0.8482614639914274 0.20265214499501152 0.13610218132998309
10 0.5798051075268817 0.7602264322694431 0.21081349206349212 0.23468168629458955
0 0.39040529363110005 0.42091719511074344 0.059191480562448315 0.06525135557393619
3 0.43693134822167085 0.5560150721441044 0.0984801488833747 0.10476978218913702
3 0.4367334509408602 0.4777416865790522 0.01767613127240146 0.0575592393468738
3 0.3980559755824373 0.49345380326563126 0.06177895385304654 0.047914177618478715
10 0.4855510752688172 0.8636499402628435 0.22009408602150538 0.13739545997610514
10 0.442739446435683 0.7682640824815257 0.09271704500199122 0.057524669233151915
3 0.13037634408602142 0.4239062411105421 0.1008064516129032 0.05973715651135006
3 0.16953941390277147 0.25745873087990306 0.02248031197940329 0.0387029464721423
0 0.39191079657669514 0.6036256796625461 0.14058042571867463 0.18652622339258287
10 0.35509299622202845 0.7241112079821757 0.22280344860990023 0.22441796635345018
0 0.23879578293010756 0.6291069295101553 0.06720430107526881 0.19974611708482676
0 0.26163474462365593 0.5152329749103942 0.08978074596774194 0.3565561529271207
0 0.19858583769874089 0.5403353449948433 0.10252963881996141 0.0975196315698108
10 0.12911626344086025 0.6884707287933094 0.19195228494623656 0.17323775388291518
10 0.07577284946236564 0.5443548387096774 0.08778561827956989 0.14934289127837516
10 0.05431688804554079 0.7771058678712062 0.10863377609108157 0.24579763479194222
10 0.3254622108764601 0.4482134722329663 0.030701245455248688 0.09282896263634255
