10 0.59375 0.304166666666667 0.185416666666667 0.219444444444444
3 0.9231218166383701 0.6902156825756147 0.14236700622524054 0.19650380431365141
3 0.6034592529711376 0.6336225869332831 0.1627051499717034 0.10847009998113563
3 0.7940188172043011 0.6603471043199398 0.14767260894170925 0.1619191347544488
3 0.646346208262592 0.7287304282210905 0.1777376910016978 0.23266050430736349
10 0.7082449066213923 0.14550713701817267 0.10699632144878318 0.1226183738917185
10 0.8178940294284098 0.35851726089417096 0.11053338992642893 0.09903791737408042
10 0.8055609790605546 0.03423882286361063 0.02927419354838706 0.06847764572722126
0 0.8492855121675156 0.24847513047852604 0.03183361629881161 0.09589385650506191
10 0.7144347764572722 0.4591272087027605 0.21841397849462366 0.24995283908696472
0 0.24444680249009626 0.3970320065396466 0.4881154499151103 0.3867194868892661
