3 0.65625 0.55787037037037 0.105208333333333 0.125
3 0.8240838992642897 0.6524869521473936 0.22902518392756074 0.33484248255046223
3 0.42312715560965714 0.5359437343612632 0.03740616757963076 0.13299970694979824
0 0.502619083509195 0.7930526245268483 0.06186564164405584 0.152413492781295
0 0.6301491746175981 0.6838389957426758 0.04969332121762831 0.36515388628064677
0 0.49439443194131866 0.5973715651135006 0.0786654997082604 0.12595741527974583
0 0.4980411769609069 0.580469191371917 0.0625156289072268 0.15976216276291288
0 0.9086748038360942 0.7397558849171751 0.1816332461493753 0.21957441312280018
3 0.9524917287014062 0.6309622277364213 0.09434449958643513 0.06720430107526881
0 0.23978177123020916 0.5124648397444943 0.047889679112691555 0.04374453193350835
0 0.18476333000775966 0.8935262166056979 0.10219210730517682 0.20446119548214664
