10 0.395572916666667 0.560648148148148 0.175520833333333 0.319444444444444
0 0.7637045732952226 0.6438758072077794 0.19353137334966655 0.2079457979825477
10 0.6512096774193549 0.3896521969998673 0.17734468339307044 0.3916102482410726
0 0.6530764635603344 0.5779901765564849 0.15681003584229386 0.10785875481215995
0 0.41416824516431505 0.0637362272666932 0.3975446327299123 0.12747245453338638
10 0.2190486857825567 0.27349661489446436 0.20534647550776583 0.2986857825567504
0 0.18512918160095576 0.8804336297176844 0.3702583632019115 0.23484840904375848
10 0.38387911371782335 0.4402628434886499 0.14968230694037143 0.2489048187972919
0 0.44524093986459573 0.28538873401477943 0.08172374883844412 0.05899966075195073
10 0.3306646407978806 0.4839575433310823 0.0983715131681471 0.31513514449465824
10 0.2661387720118435 0.41296556023063735 0.10567632850241546 0.2631897910065278
10 0.2588339566775752 0.5679358648035598 0.04918575658407355 0.19219780790608273
10 0.084773425499232 0.3958866700802185 0.1084869431643625 0.20993343573988738
0 0.16964885752688175 0.47565710872162487 0.1159274193548387 0.09109916367980884
10 0.06369707661290325 0.2143817204301076 0.12495799731182795 0.162410394265233
0 0.030913978494623656 0.38799283154121866 0.04838709677419355 0.06989247311827956
