10 0.576822916666667 0.48287037037037 0.2296875 0.273148148148148
0 0.4305850311262026 0.12664277180406214 0.06985710243350317 0.14462679997484748
10 0.8147990945104697 0.4056781739294473 0.13087153367289203 0.22165629126579897
0 0.8806769949066213 0.8065459347292964 0.23786785512167521 0.18392756083757777
0 0.7055921052631579 0.6886436521411056 0.12645019807583474 0.11161416085015408
0 0.5627829654782117 0.7326605043073634 0.1715478211658178 0.18078349996855947
3 0.36225880100162033 0.7127542920737795 0.3065620857269112 0.2831377555195496
3 0.48389145685811696 0.9098715651135006 0.19653160241279835 0.1790621266427718
0 0.2163138440860215 0.7352150537634409 0.30325940860215056 0.23297491039426524
0 0.1604502688172043 0.37007168458781364 0.31081989247311825 0.276284348864994
10 0.3040994623655914 0.2939068100358423 0.2654569892473118 0.2792712066905615
0 0.034983060833701576 0.88623754112044 0.06904551480335838 0.12274758187263701
0 0.11645676830166447 0.6456522806500713 0.12980556783031375 0.08837825894829872
0 0.04119715716600383 0.5675029868578255 0.08239431433200765 0.16611839413430227
0 0.13855133303873912 0.479533886515769 0.12704374723817938 0.10965450647288916
3 0.11806783031374282 0.572003731526489 0.07963249373987333 0.08837825894829879
