10 0.531770833333333 0.211111111111111 0.084375 0.1
10 0.9678038341822298 0.18222200731173244 0.06372028862478775 0.09320548547085697
10 0.6464769801605331 0.15924579736483419 0.07193699833409058 0.07656452454271628
10 0.6134431577979964 0.2888776562611688 0.07179946696075727 0.08067068998968638
0 0.5672043010752689 0.41090483922025145 0.048823637533314944 0.061268878473179536
10 0.4383960573476702 0.28275587415372366 0.09408602150537634 0.1015531660692951
10 0.3322225955794504 0.41069295101553166 0.06720430107526881 0.18418956590999605
10 0.8228606630824372 0.6157905217045003 0.15064964157706098 0.10055754679410589
10 0.8082997311827957 0.7113699721226604 0.19321236559139784 0.20808442851453599
10 0.5744847670250895 0.6008562325766628 0.14896953405017918 0.1463560334528077
3 0.5355622759856631 0.6964356829948228 0.22121415770609323 0.16029470330545595
3 0.5887656810035843 0.8686778176025488 0.2279345878136201 0.18618080446037427
3 0.6674507168458781 0.6058343289526086 0.07504480286738356 0.18020708880923933
10 0.7234543010752689 0.569494225408204 0.049283154121863904 0.19115890083632026
0 0.9699915340036308 0.4255193401896437 0.05934488898198574 0.08610827028758704
3 0.9402140198511165 0.8044842844190002 0.11889991728701405 0.17070462250953788
