3 0.291145833333333 0.224074074074074 0.175 0.207407407407407
10 0.6825818063875453 0.037382883732629074 0.07696994693062541 0.07476576746525815
3 0.3503643180531975 0.7927629162714894 0.700728636106395 0.4001372498942972
3 0.47524052065647987 0.6902156825756147 0.4297538200339558 0.4323083694900334
3 0.8935253961516695 0.6368143838484225 0.21227716468590838 0.3850519843625148
3 0.9806257074136956 0.1393133371062063 0.038076542161856235 0.1353832610199332
3 0.8815612620260328 0.536156699993712 0.15297821165817763 0.15877507388543036
10 0.7405206564799094 0.44419291957492296 0.29534521788341817 0.5910834433754637
10 0.6534203452178834 0.34594101741809724 0.08223684210526307 0.1430547695403383
10 0.457997311827957 0.45912720870276047 0.2697014714204866 0.30340187386027806
10 0.0793364459535937 0.5814643638167502 0.1586728919071874 0.18022106241310162
10 0.8811191284663271 0.4536251021819783 0.19277023203169216 0.19178771301012396
