10 0.673697916666667 0.521759259259259 0.152604166666667 0.180555555555556
10 0.5163589417091115 0.2862038609067472 0.1459040747028863 0.18392756083757789
0 0.9174017137096774 0.47323028673835127 0.10710685483870967 0.06782656312226203
0 0.7919341789330828 0.18588115205716207 0.12038051988725347 0.08409599703054134
0 0.8049835577826496 0.02377886812587721 0.1021113894978599 0.04291795710524179
3 0.08782380254154448 0.3017812533941567 0.13288123167155425 0.2864668187248832
10 0.0847690615835777 0.7314814814814815 0.12982649071358748 0.2932551319648093
10 0.10347934995112416 0.6160801564027372 0.16877443792766375 0.2226566742695775
10 0.304597272003186 0.515487410947387 0.238326363998407 0.3993539537147662
10 0.3721127041019514 0.2477764502854109 0.10329549980087614 0.11394309482720476
10 0.2648342086486128 0.10425240054869685 0.1398855452674897 0.2085048010973937
10 0.43029420549581837 0.4800876144962166 0.15120967741935484 0.17368025133855475
10 0.488786837913182 0.6244524093986459 0.0616039426523298 0.14823664763927608
10 0.4455396256471525 0.617261825744502 0.05973715651135008 0.14491791672197893
10 0.4315387295898048 0.6427054294437807 0.0342244125846276 0.09624319660161959
10 0.3195315611310235 0.3290853577591929 0.17236658701712468 0.18584893136864455
10 0.1845006969334926 0.5171467764060357 0.15618777379530066 0.15708659675206865
