3 0.317447916666667 0.524537037037037 0.118229166666667 0.350925925925926
9 0.6262745643307379 0.27392576113377004 0.07647385984427138 0.04531784287067934
0 0.6239571746384873 0.8115601697359206 0.07879124953652203 0.06797676430601901
0 0.5883273081201336 0.37486095661846497 0.058514089729328894 0.07827627404935525
10 0.824990730441231 0.0648457133440448 0.03939562476826097 0.12565401886870184
10 0.7357712272895811 0.252296790672764 0.04171301446051154 0.07621637210068802
10 0.7870434742306267 0.30070448646644427 0.06662495365220618 0.06385696040868456
0 0.7380886169818317 0.34396242738845634 0.039395624768261125 0.07827627404935529
0 0.8359983314794217 0.5514975487166811 0.10196514645902865 0.10608495035636298
0 0.9078374119391917 0.6029950974333622 0.05329996292176497 0.08548593086969054
0 0.9498401001112347 0.7631524739422404 0.07937059695958473 0.1627322539447123
0 0.9463640155728589 0.4526222551806534 0.09675101965146458 0.122564165945701
0 0.928983592880979 0.35477691261895933 0.06662495365220618 0.09166563671569232
0 0.9449156470152023 0.014913690108350832 0.03823692992213569 0.029827380216701664
10 0.8733662402669633 0.3903102212334693 0.039974972191323614 0.16479215589337953
10 0.7855951056729701 0.5478927203065135 0.09617167222840195 0.0803361759980225
10 0.7551793659621803 0.41811889754047704 0.03881627734519833 0.08651588184402427
10 0.7134663515016686 0.36919622625963006 0.05387931034482761 0.06076710748568365
10 0.7208905814416567 0.5259967255188283 0.037957984866587045 0.05973715651135006
10 0.6978668857029071 0.5016593654586485 0.02177917164476303 0.05531218195495377
0 0.7205794504181601 0.6852958095490951 0.057248108323377164 0.17036152042125766
10 0.808629530067702 0.7074206823310766 0.11387395459976099 0.11504933846630383
10 0.8929460374352846 0.7234612150980131 0.04106929510155315 0.16483030222576217
10 0.9324596774193549 0.8689322536395416 0.11014038231780168 0.057524669233151776
10 0.8615218040621265 0.9214788264967477 0.13503086419753096 0.14491791672197885
10 0.7261798088410992 0.8506792335944068 0.13689765033851053 0.06526837470684549
10 0.6306625846276384 0.8495729899553077 0.07778275587415366 0.06305588742864734
10 0.6393742532855435 0.7948139298199036 0.02675726802070886 0.1570865967520686
10 0.6679983074472321 0.6537678658347714 0.052892273994424525 0.16261781494756408
10 0.6378185981680604 0.5105093145714411 0.10951812027080843 0.12611177485729455
10 0.5815038829151732 0.5348466746316208 0.11014038231780168 0.08186202929333151
10 0.5693697729988052 0.492809416345856 0.05849263241736354 0.04424974556396304
0 0.46420748705694936 0.729545555113058 0.1692552767821585 0.14823664763927602
10 0.4122486061330147 0.5304217000752246 0.0790272799681402 0.26549847338377813
10 0.4433617084826762 0.6404929421655826 0.03546893667861413 0.07411832381963801
10 0.4374502190362405 0.8705916190981903 0.11449621664675433 0.09845568387981767
10 0.46638540422142577 0.5077437054736934 0.07529370768618082 0.06084340015044913
10 0.46731879729191556 0.5873932474888269 0.09209478295499796 0.1250055312181955
10 0.43620569494225403 0.36171954511261556 0.08836121067303866 0.10066817115801581
10 0.2905963759458383 0.3102792158945086 0.16925527678215846 0.11947431302270009
10 0.2678838112305854 0.1852736846763131 0.0902279968140183 0.11283685118810567
10 0.23583731581043405 0.506084340015045 0.1568100358422939 0.09956192751891674
10 0.5205222023098367 0.9303287756095403 0.07404918359219437 0.1227930439399974
10 0.5288986611085138 0.9645891411124385 0.14814652485585164 0.06962697464489571
10 0.16521057347670248 0.8484667463162088 0.10018418956590998 0.12500553121819555
3 0.1172963958582238 0.8097482189477412 0.06160394265232974 0.2334174078499048
10 0.17174432497013142 0.6642771804062126 0.12569693349263242 0.12389928757909648
10 0.31206441656710476 0.6698083986017079 0.07653823178016728 0.19691136775963547
10 0.18076712465153325 0.5696933492632418 0.09520609318996415 0.13164299305279006
3 0.03297988849064117 0.7527766715341387 0.06595977698128234 0.1283242621354927
10 0.5175313879047797 0.3767239176525024 0.027775188016657317 0.03245833937610922
