10 0.4453125 0.296759259259259 0.222916666666667 0.263888888888889
0 0.9262432795698925 0.14169385354594588 0.14684139784946237 0.2748717408110196
10 0.493837037149325 0.6769949066213922 0.7409620320963699 0.6448154436269886
10 0.89217246745897 0.7342325347418727 0.10169071873231478 0.2342325347418725
0 0.4549050632911392 0.4797876684360963 0.09825438954675376 0.15803880646673624
0 0.6465223900911936 0.35728868926092283 0.05444399074452156 0.138378476475659
3 0.6989247311827957 0.260752688172043 0.11155913978494623 0.10692951015531661
10 0.688508064516129 0.11051373954599761 0.07123655913978495 0.08960573476702509
10 0.6147513440860215 0.23327359617682197 0.11794354838709678 0.25149342891278376
3 0.829091061827957 0.2531362007168459 0.07686491935483855 0.07616487455197132
10 0.7672898338220917 0.24267071041264582 0.08153808557034366 0.08271298593879238
3 0.7306329423264908 0.3272635369409562 0.029842469358598425 0.038850038850038904
10 0.7032676506390748 0.3420628479971146 0.0497692229661189 0.06199138883253304
0 0.7433202997719126 0.08544223597987037 0.058243727598566206 0.07168458781362007
0 0.6129846855653307 0.050505050505050504 0.0851254480286738 0.09811375402773251
0 0.6255772677143645 0.10517824137895823 0.04523366418527706 0.0546314166385851
0 0.6798576647366971 0.03548489211571649 0.046669653524492316 0.066885192333221
0 0.7195801707779886 0.015601939700611378 0.03063725490196073 0.02916578817907091
0 0.8959173387096774 0.34543010752688175 0.14868951612903225 0.17622461170848264
0 0.5677274737988294 0.11114135777263585 0.03253879134340542 0.05595632382075828
0 0.5225347080440996 0.1461140601606098 0.026371308016877648 0.036674077098740245
0 0.5124327956989247 0.19942380109795382 0.0729464407241051 0.09565506707197192
0 0.11550739247311828 0.23342293906810035 0.18229166666666666 0.2449223416965352
0 0.012918160095579426 0.4188380648954125 0.025836320191158852 0.11810889230244052
0 0.3002538829151732 0.36946325058630913 0.1061993893535112 0.11062436390990754
0 0.29403126244524097 0.2606826260749001 0.1410460639851321 0.2072363083912268
0 0.33863484392630755 0.07078853046594982 0.10410891297043011 0.14157706093189965
0 0.19280996946767553 0.3466008820449283 0.05890747378202578 0.17699898225585206
0 0.4489247311827957 0.03106332138590203 0.0739247311827957 0.05973715651135006
10 0.41249110531309297 0.1009470096282241 0.031378478810879226 0.06852203246890153
3 0.5125563330170778 0.0387940122285474 0.03681412080961415 0.06983976386253425
0 0.4589411369386464 0.08162028252161085 0.015071552814674302 0.03689647902171621
0 0.4397928526249209 0.15102080258626754 0.03211970271979757 0.04743833017077798
0 0.2373726655348048 0.0530560271646859 0.04509762308998298 0.077815506508206
0 0.12832745885920432 0.05030497390429479 0.1614973177088693 0.10060994780858958
0 0.17237903225806456 0.566025278249387 0.14059847198641764 0.30340187386027806
0 0.7533495477043864 0.16593654586486128 0.02880184331797222 0.054996112343782586
