10 0.419270833333333 0.148611111111111 0.273958333333333 0.297222222222222
10 0.7697014714204866 0.529868578255675 0.1627051499717035 0.4826133433943282
3 0.6729272778720996 0.0688234924228133 0.15485285795132994 0.1376469848456266
3 0.15027235427277877 0.3632333521976986 0.29269241652518396 0.36942715210966487
0 0.11534380305602722 0.7240143369175627 0.2228353140916808 0.2515248695214739
0 0.15749768640930734 0.9135854870150286 0.11553660228042334 0.17163428283971574
0 0.9788571731748725 0.39185090863359134 0.04161361063950199 0.21158209142928985
0 0.7518576283221748 0.11440229030003832 0.038674173260296256 0.08340659588377178
0 0.8111368938932845 0.17357588873109261 0.09700243457090696 0.07326255043844816
0 0.7596241631162508 0.2457113230089493 0.0897114019070805 0.09467775748968689
0 0.6903593528099006 0.24458420684835777 0.04881821870561987 0.06311850499312459
0 0.5890773990667478 0.14906111223822727 0.04596520592412255 0.05241090146750522
10 0.5735443294785961 0.22260544171682334 0.12521556096571304 0.1487793331980794
0 0.941269997377393 0.2166127575254247 0.07458038290060322 0.1253023282921001
0 0.9810188827694727 0.2231692747034997 0.0344217151848938 0.10636127866655008
0 0.9056189352216102 0.4533758778448 0.11146079202727505 0.1296733397441501
0 0.8425124573826382 0.6711979485386251 0.08523472331497503 0.17484045808200022
0 0.9011113296616836 0.5684791794154501 0.1188368738526096 0.26080368330565024
0 0.9433189089955415 0.5757641985022001 0.10654340414371884 0.15589940845645017
10 0.668810803891449 0.3947488194800023 0.0874722648916197 0.18490072253513118
0 0.6549432497013142 0.3160474862983824 0.08213859020310638 0.09387267451783582
10 0.44772998805256864 0.3079877112135177 0.08160522273425501 0.3091160797253987
10 0.4429374389051808 0.5687882408312517 0.21485011404366242 0.37561999927591316
10 0.5354564914376743 0.6238992875790964 0.24703803265631225 0.2157175096243197
10 0.5273670848267622 0.4529846453382893 0.2457935085623257 0.2168237532634187
10 0.4788306451612903 0.33461657595468824 0.2146804062126643 0.15929908403026677
