3 0.823958333333333 0.483796296296296 0.090625 0.108333333333333
3 0.6907703239504144 0.6116399942165301 0.03916683788781587 0.04603946457244179
3 0.6914124032600507 0.673469853662991 0.03488630915690707 0.07838123720597524
3 0.7226602629956851 0.6413183267508313 0.03617046777617957 0.0643030538243195
0 0.854805927091529 0.6279686452778507 0.10326514555468126 0.18358248098610022
0 0.974630376344086 0.5398247710075668 0.047603046594982025 0.15432098765432115
0 0.5124327956989247 0.4891386988161182 0.21535923753665684 0.37924043300387383
0 0.43962813620071683 0.6534158792223308 0.16546513522319975 0.29506534882878965
0 0.5300739247311828 0.6821983273596177 0.11928763440860216 0.1911589008363202
3 0.6244959677419355 0.717741935483871 0.060147849462365593 0.044802867383512544
3 0.6064068100358423 0.9094982078853047 0.10528673835125446 0.17821585025886097
10 0.4949206051512879 0.8660637381567614 0.1273755938984746 0.2611764052124143
10 0.3741872968242061 0.891069989719652 0.20473868467116782 0.17226528854435827
10 0.13650873655913978 0.6045400238948626 0.27133736559139787 0.23148148148148148
3 0.3095131421744325 0.5992300544271871 0.07168458781362008 0.04115226337448561
3 0.26735808389034194 0.5531068703111713 0.022250072653298435 0.035250304067508356
10 0.3521414559721011 0.6945493880977751 0.06311755303690787 0.1848622816364752
0 0.16830042639970338 0.7708771062497426 0.27982480533926585 0.3450335764017633
0 0.18133574341861328 0.8676924978371029 0.11818687430478308 0.11638446009969923
10 0.11725050403225806 0.9685633213859021 0.19636256720430106 0.054136798088410994
0 0.04704301075268817 0.7449223416965353 0.09206989247311828 0.08004778972520908
