10 0.428125 0.323148148148148 0.15625 0.185185185185185
10 0.43069556451612906 0.38549133811230585 0.24099042338709672 0.11947431302270012
10 0.6417590725806451 0.3924917861409797 0.034127184139784945 0.10173984468339307
0 0.7016129032258065 0.2758580195856182 0.018380663541953952 0.04339878891850217
10 0.5025201612903226 0.4722222222222222 0.1051747311827957 0.07825567502986858
0 0.4303475422427035 0.517067759003243 0.05184331797235021 0.06400409626216076
10 0.4915514592933947 0.5810718552654037 0.14064900153609827 0.0844854070660521
10 0.3530625960061443 0.529868578255675 0.06528417818740397 0.13568868407578089
0 0.3125460303432023 0.5314970295085187 0.09666372072470168 0.32487193335624615
10 0.25293673589630283 0.4140685095170292 0.09988584474885848 0.10801787204792064
10 0.24050854323169835 0.6517896597437031 0.13026587126233613 0.10719955483543642
10 0.17100272499631758 0.49958265822163306 0.10725069966121667 0.07774013518600353
10 0.14020207638116425 0.40884933877147456 0.08921950315164998 0.15449264615004327
0 0.1450629425649095 0.2734359064020747 0.24750852347233146 0.1369583588309001
10 0.05317905563347358 0.39608332034699495 0.09876110331930808 0.12207158069710664
10 0.09636843173057415 0.3613647122472442 0.029481132075471705 0.045366425463808285
