3 0.068229166666667 0.215277777777778 0.140625 0.167592592592593
3 0.3563065930956424 0.23118279569892478 0.3262945670628183 0.385147456454757
0 0.9306380871533672 0.26812551090989123 0.13617713638936058 0.16349116518895807
0 0.45243639254884144 0.36622242415063855 0.11642435256701497 0.07824726134585294
0 0.5735934423746782 0.5387029464721423 0.043540814781160085 0.16911504871523036
0 0.4487217181899642 0.2541940461967344 0.07980510752688172 0.04666965352449223
0 0.43787102374551984 0.5690586419753086 0.18621191756272404 0.15743229788928711
0 0.3841425851254481 0.4965651135005974 0.11235719086021505 0.12943050577459178
0 0.36419130824372764 0.6315959776981283 0.199862791218638 0.18170051772202309
0 0.254106296701294 0.5305469493550412 0.10279979952615273 0.09314946439057976
0 0.11870102059413158 0.5961059473908025 0.18680517587023876 0.2040175768989328
0 0.05263577546929103 0.535356296701294 0.03815837433934756 0.1017556649049268
0 0.08369783123747038 0.8537496929800817 0.16739566247494073 0.2646951820843356
