10 0.3390625 0.515740740740741 0.094791666666667 0.15
10 0.5968272495755518 0.3585172608941709 0.20072863610639505 0.177639439099541
10 0.5318336162988117 0.5298685782556751 0.28827108092812675 0.1619191347544488
10 0.5552666949632146 0.6045400238948627 0.2803126768534239 0.28610953908067666
10 0.714876910016978 0.5833176130289882 0.10257498585172603 0.1399107086713198
0 0.748921194114318 0.6469848456266114 0.12645019807583474 0.11318619128466337
10 0.8996887379739672 0.7837514934289128 0.19453876627051495 0.1572030434509212
10 0.5782576400679118 0.9055838521033768 0.29622948500282964 0.1839275608375779
10 0.23648839841539335 0.6925737282273785 0.30595642331635536 0.1414827391058291
10 0.1913907753254103 0.7837514934289128 0.3413271080928126 0.370999182544174
0 0.9443442275042445 0.6587750738854304 0.09815365025466903 0.14934289127837516
