10 0.479427083333333 0.419907407407407 0.259895833333333 0.308333333333333
10 0.4133418222976797 0.24218700874048923 0.18569609507640064 0.2876815695151859
10 0.6041012308998303 0.17257750110042136 0.24180461233729492 0.3451550022008426
0 0.7855938859941846 0.041312959818902095 0.13622592354077628 0.08262591963780419
10 0.956750495189587 0.0803150348990756 0.0858269666100735 0.152581273973464
3 0.7177040739058004 0.302278425631447 0.07808950477055872 0.06815084052703319
3 0.7427405353942653 0.3649566905615293 0.13440860215053763 0.13751991238550382
0 0.6205827172939069 0.2759732178414975 0.05950380824372757 0.09147252090800481
10 0.9557291666666666 0.2504887585532747 0.07178641251221908 0.13983925274247858
10 0.7649987781036167 0.6306342999891386 0.17984787390029328 0.43716737265124356
0 0.8511042888563051 0.6523569023569024 0.19321236559139784 0.23894862604540024
10 0.5715725806451613 0.8303464755077659 0.22916666666666666 0.3201911589008363
0 0.4915994623655914 0.6714456391875747 0.15255376344086022 0.21505376344086022
10 0.4002016129032258 0.4187574671445639 0.1485215053763441 0.19952210274790919
0 0.35248655913978494 0.8697729988052568 0.16330645161290322 0.24611708482676226
0 0.1737231182795699 0.8781362007168458 0.1028225806451613 0.23655913978494625
0 0.20026881720430106 0.525089605734767 0.06451612903225806 0.20908004778972522
0 0.2979449632144878 0.5285952336037226 0.042444821731748746 0.19571778909639692
0 0.26014254385964913 0.6221310444570206 0.056150962082625905 0.12497641954348229
10 0.3773079371816639 0.6091617933723197 0.08002617430673464 0.1917877130101239
0 0.35652765987549523 0.6960164748789536 0.04465548953027732 0.17842545431679555
3 0.28247028862478785 0.7270640759605105 0.10699632144878325 0.19964786518266986
3 0.14983022071307306 0.2508331761302899 0.12379739671760046 0.09117776520153424
0 0.12704782917427468 0.4925497621784901 0.09319841752891052 0.09242352516850387
0 0.10832493279569896 0.7347670250896058 0.07140456989247312 0.16726403823178015
10 0.03461021505376348 0.6843637992831542 0.06846438172043011 0.120221027479092
