10 0.646354166666667 0.658796296296296 0.211458333333333 0.250925925925926
10 0.5601301641199774 0.2689115261271458 0.15916808149405773 0.155631013016412
10 0.6879067628749292 0.3954599761051374 0.17243208828522913 0.2106520782242344
0 0.9129527447651387 0.3687354587184808 0.06366723259762307 0.13205055649877387
0 0.9313749764195434 0.4229923424650835 0.13470335785700827 0.15567468052848157
0 0.9862977897252091 0.6958051241205363 0.022401433691756373 0.1078587548121599
10 0.5854054659498208 0.44192220894729856 0.0700044802867384 0.08130890747378201
0 0.5737380525686977 0.5788198592858091 0.10827359617682196 0.13606796760918635
10 0.872423835125448 0.8235762644364794 0.1773446833930705 0.19746448957918497
0 0.8276209677419355 0.5241935483870968 0.17585125448028663 0.22401433691756273
10 0.25819628926839555 0.6405580153208237 0.12254901960784315 0.09956192751891674
