10 0.682291666666667 0.394444444444444 0.251041666666667 0.42962962962963
0 0.2811438879456707 0.11406652832798844 0.05394029428409736 0.13833867823681065
10 0.30457696661007355 0.4213984782745394 0.08488964346349738 0.24366471734892794
10 0.18191143180531974 0.6630455810600572 0.3638228636106395 0.4502815664463417
3 0.34789997260461614 0.4240577129420359 0.03788267926854329 0.0643030538243195
10 0.4990649836372136 0.47374162381175 0.08006077606358107 0.2534933250220768
10 0.6141993087557603 0.5904591227171873 0.12528801843317966 0.31404676565966877
3 0.6631311360448807 0.5243883434626772 0.05054932211313701 0.08051529790660229
0 0.590813464235624 0.4272505324398732 0.0689574567554932 0.08778764739494056
3 0.9622434017595307 0.5814597588791138 0.056512707722385085 0.10725534919083304
3 0.9721713098729228 0.327576843705876 0.038184261974584514 0.055664168567394375
0 0.667477339761866 0.04261703052025634 0.03662401060334532 0.0852340610405127
0 0.432627688172043 0.07573042250461609 0.04811217008797648 0.12490496361464101
3 0.8631321635353894 0.2736880801396931 0.03175587853007205 0.037417779353263216
0 0.8226064929693961 0.3859414181994827 0.06074234904880072 0.09387267451783586
3 0.9753716002530042 0.42708552955232276 0.04348513598987985 0.07379295804343242
3 0.24253089039803816 0.40401182166886745 0.06779381248820979 0.05135299419396756
0 0.12179449988396382 0.4131877293863834 0.04351357623578555 0.09755636351134149
