3 0.3390625 0.059259259259259 0.090625 0.107407407407407
10 0.20664564342250713 0.6652046783625731 0.33292909103290325 0.6683959001446268
10 0.43323783248443687 0.38759982393259135 0.24317345783814368 0.30497390429478716
3 0.2958023159636063 0.1599577244738535 0.08529776674937964 0.15738443157797996
0 0.7171190663519538 0.7695457062097503 0.19505638604773137 0.2841157443832502
0 0.9583543346774194 0.5989396654719236 0.0808551747311828 0.1773446833930704
0 0.9377940188172043 0.3953802421886075 0.1237399193548387 0.11744805904866049
0 0.8069607363962201 0.1302632055320228 0.1201531443466927 0.08326997574309403
10 0.2377457157258065 0.034068847072879334 0.1186575940860215 0.06627090800477897
0 0.05280843237125074 0.03381617861564424 0.10561686474250148 0.06617887335413572
