10 0.32109375 0.584259259259259 0.196354166666667 0.231481481481481
10 0.5592458970005659 0.2539772369993083 0.20161290322580644 0.16663522605797643
10 0.29750282965478214 0.13843300006288123 0.11849179400113183 0.11161416085015408
10 0.616082079407881 0.07511161416085015 0.09775555666522416 0.1502232283217003
10 0.7460528106710221 0.16106347261920967 0.12420035388593985 0.08469065226925578
10 0.6739570573023003 0.19433480029641728 0.13908738260514486 0.11191264764151655
10 0.5100006400409626 0.3996700233259373 0.17041090629800315 0.1436536382772942
10 0.44839669738863275 0.5209222279114752 0.11920762928827447 0.16854412015702344
10 0.5430027521761392 0.5870597940490413 0.13640873015873017 0.13298628890026737
10 0.565004160266257 0.5173664447857996 0.038002432155657954 0.08889457814188993
0 0.6200076804915514 0.4633185412755305 0.10320660522273424 0.22970358991864367
0 0.6840161908293165 0.3841717134264409 0.06720430107526881 0.2231560444389514
10 0.7299777530589544 0.5942817121904997 0.20006797676430607 0.1435065024238179
10 0.7753599678655295 0.5795190815583845 0.23984983314794214 0.19912385503783356
10 0.8161074032876035 0.4222798994767849 0.06256952169076753 0.12908718878314723
10 0.943225883697936 0.7489844254246831 0.11287618959337538 0.2730138253752455
10 0.9651928068223953 0.36700586385421385 0.06797676430601901 0.10917480327936394
10 0.9700207020145841 0.13664016259492714 0.055231120998640595 0.1029950974333622
10 0.9781315659374614 0.18058473749982837 0.042871709306636974 0.09612875760447136
10 0.32638888888888884 0.7061300647521276 0.13191955396256472 0.19248639320323904
10 0.16045234302402758 0.5283935867368763 0.0763308110978362 0.16298656282726368
10 0.16605270144696666 0.5051624703157958 0.1339937607858755 0.11062436390990754
10 0.25005807779105266 0.450956531999941 0.07384176290986325 0.07153708866174022
10 0.12656810035842295 0.3340634541351387 0.09856630824372761 0.11084561263772733
10 0.04218936678614098 0.20131421744324973 0.04853643966547193 0.10686313553697063
10 0.6377677927484919 0.9629816308243727 0.11592537044322049 0.07284199522102748
