10 0.450260416666667 0.326388888888889 0.240104166666667 0.284259259259259
10 0.7436155913978495 0.3679494435012262 0.18481182795698925 0.46060491731119924
10 0.7555656519763744 0.7498864152657884 0.08566182038467371 0.14555673347131778
10 0.8230065879145843 0.6119019974085854 0.13914129940935946 0.219597152809329
10 0.8696236559139785 0.4541303976787848 0.2256144393241168 0.49069807134323273
3 0.9161341042807871 0.8065755956808909 0.16230472712517757 0.22204188363652752
10 0.425595238095238 0.48603546990643764 0.126117162407485 0.20869214417601512
3 0.5080732439603407 0.5818476624928238 0.10255201787459853 0.16912597557758852
3 0.505858960832079 0.6908485779453521 0.08815109621561235 0.076804915514593
3 0.3599183074989526 0.5488758553274683 0.027056277056277073 0.06904684324039166
0 0.2618447580645162 0.3050328554360812 0.11214717741935484 0.09931302270011948
0 0.26982526881720437 0.37074372759856633 0.10122647849462366 0.04256272401433692
0 0.20976142473118284 0.49992532855436084 0.04242271505376344 0.07243130227001195
0 0.11515036962365591 0.15651135005973724 0.2257644489247312 0.31175328554360815
3 0.5363527780397829 0.898214522766494 0.14319448374520527 0.20237621133678485
