10 0.765625 0.237037037037037 0.15625 0.185185185185185
10 0.8280631013016412 0.7082940325724706 0.09903791737408042 0.19493177387914226
10 0.22720359366157336 0.6296925108470101 0.0733941709111488 0.1729233477960133
0 0.1989070458404075 0.5133622586933283 0.09992218449349179 0.0786015217254606
0 0.07732031692133566 0.6799974847513047 0.13971420486700623 0.16349116518895795
0 0.6211616004962779 0.540207701498024 0.1557330438378825 0.34119106699751856
0 0.5939440405876117 0.31658168845810825 0.10601241859760714 0.08666094536153597
0 0.48438209904588836 0.26904437376949875 0.05442601847645014 0.0925505241725142
10 0.4392711133512545 0.5195888092393469 0.08820564516129033 0.26632815611310245
10 0.38029233870967744 0.5030988649940262 0.08155521953405015 0.1947680207088809
0 0.4998249887992833 0.513055057745918 0.028001792114695313 0.08773894862604541
3 0.5631790434587814 0.5622137594583833 0.08330533154121858 0.16241039426523304
