3 0.659635416666667 0.543518518518519 0.3390625 0.401851851851852
3 0.8727185908319185 0.7648871282148022 0.25201612903225806 0.34899075646104516
3 0.2877429802074081 0.8955071370181726 0.3730949021239275 0.20779098283342767
10 0.8893936300530828 0.3618256884896329 0.11569348033210847 0.09149615111232093
10 0.7885871784401796 0.36295993829681045 0.09867973322444525 0.08469065226925576
0 0.8468592622839253 0.4858370007410432 0.13951272628283656 0.09300848418855767
10 0.7283995232298641 0.4542278127183787 0.11602251978088861 0.06311850499312459
10 0.9832307105492589 0.12162103094439838 0.03286653589072945 0.06412982612825259
10 0.3865433270082227 0.619122917984398 0.1233396584440228 0.08574038934570236
10 0.5094876660341556 0.5667650572773912 0.03636938646426313 0.07238737789022423
10 0.35040322580645167 0.7126642771804063 0.12607526881720432 0.09032258064516131
10 0.1568100358422939 0.7930323965854587 0.25810347514414833 0.22509653178189876
0 0.6789314516129032 0.1586768219832736 0.0726646505376344 0.05451015531660693
