10 0.54296875 0.230555555555556 0.238020833333333 0.281481481481481
10 0.7807548104131297 0.6391246934540654 0.16889501980758345 0.10689806954662648
10 0.5247594793435201 0.7798214173426398 0.040676287492925914 0.23737659561089108
10 0.4730298528579513 0.6241904043262279 0.15120967741935484 0.1304785260642646
10 0.20465478211658183 0.5770294912909515 0.12379739671760046 0.12104634345720927
10 0.13789261460101876 0.5683833239011508 0.1052277872099604 0.1886436521411055
0 0.8212249721913237 0.4613768384624892 0.03649888765294761 0.13183372471470362
0 0.7499652391546163 0.4078193877971409 0.11992491657397099 0.10917480327936387
0 0.6204810901001113 0.5478927203065135 0.05098257322951425 0.1256540188687019
0 0.6410479236188358 0.661187327483212 0.13730533926585092 0.10093519548469493
0 0.480198732718894 0.5096006144393241 0.11640745007680481 0.379757637822154
