10 0.813541666666667 0.498148148148148 0.282291666666667 0.335185185185185
10 0.5871003112620261 0.16358548701502862 0.19719156762874923 0.16191913475444886
3 0.1549412846632711 0.09367249016607627 0.3098825693265422 0.17598269369161657
10 0.88907753254103 0.3585172608941709 0.13617713638936058 0.11161416085015403
10 0.46109224674589705 0.36637741306671695 0.27589134125636666 0.4920455260013834
10 0.22852999434069046 0.40410614349493806 0.30418788907753247 0.38514745645475695
0 0.4235108941709112 0.7318744890901088 0.1193760611205433 0.3238382695088977
10 0.6016907187323146 0.6367666478023014 0.28650254668930386 0.26567314343205684
0 0.13037634408602156 0.5259385021694021 0.14325127334465199 0.2358045651763818
10 0.7542267968307867 0.5880337043325159 0.27147000565930957 0.2939696912532227
10 0.5999221844934918 0.3176444695969314 0.17685342388228634 0.1713513173615041
10 0.6295451329937748 0.43004464566434003 0.13175580079230342 0.14777086084386598
