3 0.369010416666667 0.144907407407407 0.2890625 0.289814814814815
0 0.9280118138087152 0.5415517948041932 0.1433043293718166 0.13812465481620884
4 0.7005628360215054 0.11667413381123058 0.041652665770609214 0.04666965352449223
4 0.702137936827957 0.17703355236957388 0.046903001792114596 0.0566258462763839
10 0.6010670397191133 0.3433423548630922 0.1488095238095238 0.3145344159169044
3 0.4207652993495287 0.3702007463457086 0.09167994159033578 0.08112453353393215
3 0.3734733837780433 0.4472690532029441 0.1281859816806053 0.0833370208121303
0 0.5037335722819593 0.45353776715783883 0.06015199787601218 0.10619938935351118
0 0.5180455993628036 0.3296384795787425 0.021571750962431944 0.045724737082761764
0 0.2367271505376344 0.4229390681003584 0.09778225806451613 0.0908004778972521
3 0.10719086021505377 0.25868841126194075 0.21438172043010753 0.3500813614665607
10 0.6911122311827957 0.4215949820788531 0.27511760752688175 0.3378882915173238
10 0.7367901545698925 0.5457362604540024 0.32867103494623656 0.28001792114695334
10 0.4122983870967742 0.3076463560334528 0.05577956989247312 0.07287933094384708
