10 0.46015625 0.427777777777778 0.183854166666667 0.218518518518519
3 0.6585551959535937 0.845202163113878 0.24460048811544985 0.30840093064201723
10 0.32270444255800795 0.5565930956423317 0.11937606112054323 0.36942715210966487
10 0.22234012450481047 0.5652392630321323 0.10964912280701752 0.38043136515122933
10 0.17414756649688742 0.3349368043765328 0.07339417091114885 0.22165629126579897
10 0.08572085455574424 0.22646670439539707 0.1087648556876061 0.2122241086587436
10 0.7675046202956989 0.42096027479091996 0.05670362903225806 0.13067502986857826
0 0.5658917170698925 0.43169429510155316 0.06825436827956989 0.08307198327359618
3 0.40339381720430106 0.49609841696535245 0.08978074596774194 0.0942727001194743
10 0.45248445900537637 0.5754368279569892 0.06615423387096774 0.15961021505376344
3 0.3485278057795699 0.3920250896057348 0.0367523521505376 0.06160394265232975
3 0.5839711321142387 0.3795402141405839 0.025897198821998545 0.04147356725947235
0 0.4271164622141452 0.17647702222895315 0.03738830834469186 0.0736197351372272
10 0.5383348477964562 0.06289228801723122 0.05821217628350752 0.1140054184125061
3 0.8320409429280395 0.6538921055050086 0.1566377171215881 0.23802959286830255
0 0.9292287014061207 0.6626229206874369 0.07599255583126552 0.28673835125448033
10 0.9574028122415219 0.7935851484238582 0.06410256410256401 0.2086205312011764
3 0.8858043837882548 0.3938057163863616 0.08322994210090982 0.06341328921974078
3 0.8459987593052108 0.389210550500873 0.034636062861869245 0.12039334619979782
3 0.8935973771480252 0.2685380587099007 0.04616370214048848 0.04019696512913275
3 0.7867182744978697 0.2270969996167805 0.036613664029214774 0.020288090890647217
10 0.03797043010752688 0.4155714854639586 0.05085125448028673 0.11509358821186776
