3 0.4984375 0.47037037037037 0.189583333333333 0.224074074074074
10 0.90764714204867 0.613972206501918 0.18392756083757786 0.1572030434509212
0 0.8420593918010753 0.39762544802867383 0.05880376344086022 0.2296146953405018
0 0.8242957549283155 0.4134931302270012 0.028001792114695393 0.06533751493428913
0 0.6709859431003585 0.5454126841895659 0.06160394265232973 0.11138490641178808
0 0.5819052419354839 0.5818150139386699 0.0752548163082437 0.18792313819195536
0 0.6428284021642353 0.4282431188122579 0.01819224710636253 0.05973715651135006
0 0.5022791023842916 0.4869876889512233 0.10928003740065456 0.18752272609215107
0 0.303921568627451 0.2139644388221238 0.04348513598987985 0.13844964509101132
0 0.474106578115117 0.3144634197765127 0.04941492726122705 0.07519853819664063
0 0.4507223565283005 0.3890978094553301 0.01709583097528767 0.037466725355802886
0 0.9314389328464191 0.41477874709767587 0.028847129235138956 0.0721354342778567
0 0.2583229942100909 0.14717295183245005 0.04796204392978586 0.038548336039375464
