10 0.734114583333333 0.530555555555556 0.2453125 0.290740740740741
10 0.381770833333333 0.577777777777778 0.15 0.177777777777778
10 0.8218732314657611 0.34594101741809724 0.29003961516694965 0.2751053260391122
10 0.6286608658743634 0.34436898698358803 0.110533389926429 0.12419040432622776
10 0.4789272030651341 0.541754212499485 0.10814485230503032 0.09063568574135875
3 0.5519249783710296 0.6729013032312995 0.14599555061179093 0.18676444334583006
0 0.5976118809631986 0.5197553300688239 0.05892208087233075 0.07866794554663707
10 0.8672793198299575 0.8869022811258369 0.17348087021755437 0.21672084687838616
10 0.9231526631657915 0.8556444666722236 0.11956114028507128 0.19310383151343374
10 0.8649904688723715 0.7136841598295945 0.23449159930843902 0.2329694374527618
10 0.9228297928140571 0.6267593321094501 0.14424337791765007 0.09761925576245015
