3 0.704427083333333 0.665740740740741 0.1890625 0.224074074074074
10 0.7206246462931521 0.4874237565239263 0.25732173174872663 0.33169842168144376
10 0.5282965478211659 0.3388668804628058 0.15032541029994337 0.2169401999622713
3 0.551715809811828 0.733180256869773 0.07350470430107527 0.1689441457586619
10 0.6491095430107527 0.4074260752688172 0.0698294690860215 0.1689441457586619
3 0.8872647849462365 0.6456590999601753 0.07224462365591398 0.214058144165671
3 0.8497423835125447 0.7910195141377937 0.1842517921146954 0.14237355635205107
3 0.704133064516129 0.851752289924333 0.19433243727598565 0.14237355635205093
0 0.825165005682315 0.5337490650892172 0.0756731357636158 0.10199026721450011
0 0.9307795698924731 0.48440196468870306 0.058243727598566206 0.06770211071286336
10 0.18228015908086612 0.45089278407882033 0.09206068640447783 0.06546537699873983
