3 0.595572916666667 0.2625 0.130729166666667 0.15462962962963
0 0.7994078413471293 0.42914947814521764 0.12743457090687774 0.10763959333648923
0 0.680804861833738 0.6271823332177131 0.09990316799630013 0.08543055716139308
0 0.16913082437275986 0.4707951679277844 0.23969534050179211 0.2933758130890748
10 0.5100059737156512 0.5345148015398912 0.2479091995221027 0.3650604009026947
10 0.48200418160095576 0.4429178282224877 0.27852449223416964 0.3650604009026948
10 0.3166069295101553 0.4946900305323244 0.15083632019115895 0.18717642373556354
10 0.2228942652329749 0.5703570954467012 0.19787933094384708 0.09690694278507896
0 0.9148932198327357 0.6800411522633745 0.1670773596176822 0.16925527678215851
0 0.8437594869459624 0.8496780831010221 0.3037444669682904 0.2994490906677287
0 0.06705495818399043 0.8980498464981927 0.13410991636798086 0.1871125696723448
0 0.31716315558481456 0.901701899397752 0.14195194206714945 0.18530709774949403
0 0.08782380254154448 0.8271966981644401 0.05651270772238514 0.15386843343832587
0 0.16597425871619417 0.796423011476775 0.08349625285109155 0.18464212012599104
0 0.28434547083740636 0.7050070598457696 0.052439719778429476 0.1502479997103653
0 0.4826490713587488 0.7140581441656711 0.21179537308569565 0.35118207161217907
0 0.03866223908918405 0.6293133740951576 0.07590132827324479 0.14969428631667708
