3 0.7921875 0.409722222222222 0.191666666666667 0.226851851851852
10 0.6494411431805319 0.5416588065144942 0.1644736842105263 0.24838080865245557
0 0.9611453027730618 0.45834119348550595 0.07693123938879452 0.18235553040306862
10 0.8660865874363327 0.6163302521536816 0.22637238256932657 0.26881720430107525
3 0.5954684884827031 0.11048229893730742 0.2618077881732471 0.22096459787461484
0 0.47170345217883414 0.3514431239388795 0.13971420486700625 0.1163302521536817
0 0.4756826542161856 0.4606992391372698 0.08931097906055464 0.11790228258819097
0 0.24002546689303908 0.4033201282776835 0.24759479343520083 0.17292334779601343
3 0.048829230333899284 0.5652392630321323 0.09765846066779857 0.09432182607055269
0 0.14522308738104064 0.23345555418228758 0.06488691138301815 0.0727832021862426
0 0.7568324372759857 0.41238550378335326 0.0396505376344086 0.17323775388291518
0 0.7251344086021505 0.33432895260852247 0.02956989247311828 0.09119872560732777
