3 0.750260416666667 0.147222222222222 0.271354166666667 0.294444444444444
3 0.1538094227504245 0.2775576935169465 0.30153508771929827 0.44331258253159783
3 0.690117430673458 0.6910016977928692 0.2122241086587437 0.3206942086398793
10 0.9123900293255132 0.4972846747040296 0.16902899967416096 0.36204337279606086
10 0.863514173998045 0.5923210600629957 0.1445910720104269 0.20817493935773512
10 0.8634562335309617 0.8334238441765324 0.26689659126326365 0.3319575685167082
10 0.2561298468556533 0.6746859273740995 0.5081052460084717 0.6444372035769886
10 0.49490876507005543 0.3841461207052606 0.27492668621700883 0.3493718547481989
10 0.514255457803845 0.6611093008942471 0.3014011078527208 0.3167879511965534
10 0.6573191593352884 0.6592990840302668 0.18226621049201697 0.3240288186524745
10 0.3767921146953406 0.19226313312334822 0.31158357771260997 0.32764925238043513
10 0.3401148582600196 0.09024836175373813 0.6802297165200392 0.18049672350747625
3 0.6109889214727924 0.09179609717244133 0.12422613229064836 0.1339560479345425
