10 0.847395833333333 0.678240740740741 0.183333333333333 0.217592592592593
10 0.7033814374646292 0.41982644784003026 0.284734012450481 0.4920455260013834
10 0.790923882286361 0.5055021065207822 0.4120684776457271 0.3615669999371188
0 0.32626973232669865 0.592783243092097 0.1108156028368794 0.10040926307226922
10 0.20330016014641958 0.8520679224179567 0.053620452985586806 0.16395942957370557
10 0.43529798673072523 0.6938280078293805 0.13583848089681988 0.10676427972241286
10 0.46425303134294205 0.7446681410305296 0.04790093800045751 0.1855664861841938
10 0.5232355296270875 0.6963700144894379 0.054335392358727974 0.1296423396629299
10 0.590797300388927 0.7268740944101274 0.09079730038892697 0.17031444622384906
10 0.6651509951956074 0.7980502808917358 0.09794669412033864 0.18302447952413634
10 0.6243994509265614 0.6766694628739927 0.09937657286662097 0.10549327639238418
