10 0.61953125 0.373611111111111 0.091145833333333 0.165740740740741
0 0.5526138936049801 0.16279947179777401 0.16005234861346915 0.1572030434509212
0 0.1847587719298246 0.3600892913286801 0.11583899264289756 0.18707162170659633
10 0.11357526881720435 0.6289064956297553 0.11849179400113187 0.18392756083757777
0 0.34304258630447093 0.573885430421933 0.2148769100169779 0.2342325347418725
3 0.41075732295142753 0.6828162979442178 0.16337597330367076 0.10299509743336223
0 0.33022803114571747 0.4844202749282468 0.0625695216907675 0.12153421497136735
0 0.5523112099864046 0.48510690891113584 0.04171301446051169 0.15037284225270872
0 0.4592293906810036 0.28048998201018965 0.033215918922259315 0.0954421236215823
0 0.6779545001991238 0.5525465728572061 0.11885205097570689 0.1504491349174743
3 0.7790720828355236 0.6797645913535997 0.20783552369573882 0.1393866985264835
0 0.7595952807646357 0.6118412319129165 0.16465053763440868 0.09425195805124116
