1 0.309114583333333 0.623611111111111 0.052604166666667 0.062037037037037
0 0.4312683284457478 0.45058107961333765 0.10874877810361677 0.0955794504181601
0 0.5577346041055719 0.36097534484631255 0.026881720430107527 0.03367003367003361
1 0.45081264148273914 0.5722190781613532 0.025864813242784432 0.04087279129723952
0 0.377086870401811 0.4773077406778595 0.01812747594793438 0.040479783688612166
0 0.5245295698924731 0.5232974910394266 0.10147849462365591 0.07885304659498207
0 0.6925403225806451 0.5919952210274791 0.16196236559139784 0.14934289127837516
0 0.6502016129032258 0.7156511350059738 0.1256720430107527 0.06690561529271206
0 0.11323924731182795 0.6517323775388292 0.12163978494623656 0.15173237753882915
0 0.1129709135917073 0.49118984382386566 0.02296549856888684 0.030942987545447543
0 0.8177923387096774 0.4305555555555556 0.17221102150537634 0.0985663082437276
0 0.8047715053763441 0.6553166069295101 0.0823252688172043 0.12096774193548387
0 0.9026377688172043 0.7023596176821983 0.05628360215053763 0.13440860215053763
