1 0.223697916666667 0.589814814814815 0.100520833333333 0.118518518518519
1 0.17622927867383514 0.7196460573476703 0.08015512992831542 0.07529370768618085
0 0.06477214541730672 0.8512544802867383 0.02986857825567503 0.08012364643189014
10 0.8358534946236559 0.6948046243587042 0.10871283997469955 0.06940052006465673
0 0.8941532258064516 0.48984468339307047 0.04099462365591398 0.0955794504181601
0 0.4420805036785513 0.5688130122199165 0.08371062063761556 0.05502106520782239
0 0.5045687134502924 0.49387956150831075 0.038907753254103034 0.13676664780230144
0 0.47670743235259366 0.49409192957580056 0.03027886092402221 0.04890569406698438
0 0.5897915928157864 0.4967177386532225 0.028617216117216075 0.15853322304935208
0 0.5321879061798416 0.5375818924206022 0.06221936665485056 0.07549201097588196
0 0.5536969750679428 0.4860503892761957 0.08012820512820516 0.08008717686137037
0 0.568928719130332 0.44912494912494916 0.026032435306628837 0.06991216668636022
0 0.6836542250745932 0.5412311483921008 0.024277993582165095 0.04472467738807886
0 0.6399362438777233 0.6804093402640945 0.018120531441760998 0.03972051768032179
