1 0.615364583333333 0.417592592592593 0.0796875 0.094444444444445
0 0.5340442840973401 0.8843614412375024 0.110533389926429 0.11947431302270012
0 0.5544260184764502 0.6644875225066047 0.051586400121157075 0.04711663048782543
0 0.97151284348865 0.30130543886469424 0.056302270011947465 0.09040651242061817
0 0.0924662255307417 0.5375271880648225 0.11803832368348496 0.05207854670220269
0 0.039909015715467365 0.4502190362405416 0.07840501792114694 0.06739576632049743
0 0.49389051808406653 0.46160530031497776 0.0721682551319648 0.10046703595090696
0 0.448069403714565 0.491813294232649 0.025583455522971612 0.044124036059519936
0 0.5971848864994026 0.3377140581441657 0.05264336917562719 0.049117217575998906
0 0.6681227598566308 0.3118279569892473 0.03173536439665468 0.02522235497145895
0 0.8083183990442055 0.2895924598433559 0.020161290322580645 0.020576131687242805
0 0.5508885902031063 0.4737820257533519 0.0265083632019116 0.030532324439134527
0 0.5913978494623656 0.5063055887428647 0.033602150537634407 0.05442718704367448
0 0.7101527668502492 0.3754213169371837 0.0439833027362532 0.029140076347000013
0 0.6548321531602412 0.42010276733591706 0.01966955153422501 0.03302541985993335
0 0.62774926686217 0.45798486658701715 0.061434234821331625 0.0929244656843223
0 0.6102693602693603 0.570218312153796 0.016970783099815305 0.03499752603695254
0 0.6362346584120777 0.6015954044627879 0.02206201802976002 0.03499752603695247
0 0.6145120560443141 0.5258679989862786 0.009164222873900287 0.025946441717051093
0 0.6562601824698598 0.6830551633419016 0.01120071684587811 0.03861795976491318
0 0.7056451612903226 0.8139941831698104 0.07942326490713585 0.16533314024353446
0 0.8644916911045945 0.7925732836127101 0.023080265015748933 0.06456440148196421
0 0.7331378299120235 0.5822864245803314 0.029868578255675116 0.04344520473552733
0 0.6613771595988884 0.5540319224625133 0.022841911320526723 0.045641872390694414
0 0.6895048024646611 0.5706442216047145 0.027372538359308862 0.039265434336112126
0 0.650333756191857 0.4815418898419986 0.019255164914824187 0.036916220316002786
0 0.6772343542346261 0.45939215765239694 0.02472967258668593 0.028190568241311224
0 0.6956400265796787 0.44227645550588646 0.011704119850187288 0.02886177224705676
0 0.7231069530022957 0.3964667821137557 0.022464359067294975 0.028526170244184027
0 0.7335840280294794 0.4694602177385795 0.007551045064636975 0.018793712160874193
0 0.7830433732028512 0.42885237539097637 0.027183762232692987 0.038258628327493854
0 0.7673749546937296 0.4476460875518506 0.01245922435665094 0.026176956224074753
0 0.7875740002416335 0.3825392989945364 0.021142926180983467 0.038258628327493854
0 0.8026760903709074 0.3548521337575343 0.022275582940679023 0.030539782261420567
0 0.8423190769602513 0.3568657457747708 0.022275582940679023 0.03456700629589358
0 0.8584594357859127 0.3734780449169721 0.013780657242962445 0.026848160229820287
0 0.9413321553703033 0.3931107620850282 0.03303582215778671 0.04262145436483967
0 0.9382173492811404 0.44345106251594113 0.02189803068744712 0.043963862376330674
0 0.9277402742539567 0.4167707032875572 0.014158209496194347 0.053696320459640505
0 0.8625780437044746 0.3134016777790625 0.02420800092496241 0.0513868013000861
0 0.36874516831822335 0.7074753437814791 0.04304589219200227 0.033577748104419054
0 0.41662274228687884 0.5321682635618963 0.04568135497926768 0.028892480927058182
