3 0.456510416666667 0.791203703703704 0.133854166666667 0.158333333333333
9 0.8475852799406749 0.06660349634024088 0.07068038561364481 0.061797058460017304
9 0.7577864293659621 0.11432455815103201 0.04094055122976135 0.029525261264230503
0 0.6959691493554017 0.23050410653856013 0.04292630749310357 0.03628015788123879
0 0.1206494057724958 0.5506036596868515 0.045981890209394465 0.08253159781173362
0 0.22123479060554618 0.3949726466704396 0.056150962082625905 0.06209520216311386
0 0.3116511035653651 0.4102999434069044 0.01856960950764008 0.07545746085644216
0 0.395877546689304 0.33837955102810796 0.06145656479909449 0.054235049990567816
0 0.41842635823429547 0.44606363579198893 0.02254881154499153 0.0416588065144941
0 0.3910140775325411 0.45431679557316235 0.04200268817204301 0.05030497390429479
0 0.3388423174872666 0.46807206187511785 0.038465619694397296 0.04008677607998488
0 0.3262415110356537 0.4275922781865057 0.035370684776457245 0.03772873042822108
9 0.45910264572722137 0.27314028799597556 0.045539756649688685 0.03222662390743886
0 0.2484260045274477 0.21340313148462553 0.03183361629881157 0.06052317172860467
0 0.15071448783248448 0.11829529019681823 0.024759479343520106 0.03537068477645726
0 0.3427093120367471 0.2261892333924905 0.03360215053763445 0.03131850923896022
0 0.35559557365069416 0.19110090359698878 0.03001357135400356 0.029578592059017993
0 0.222981261091972 0.2751969006275301 0.04730399832967951 0.03653826077878691
9 0.45183474266624907 0.22879910916240387 0.054807391168180425 0.03653826077878691
0 0.5296416640567909 0.2705571214810175 0.042084246789852786 0.024938812912505375
0 0.5108831819605386 0.1884910278270754 0.01892159933187176 0.03247845402558841
