1 0.46484375 0.531018518518519 0.084895833333333 0.100925925925926
0 0.490235272493337 0.6700211377630731 0.042505284440768336 0.05258912068947909
0 0.5561471831633122 0.6858489313686447 0.06461952026468158 0.06688519233322103
3 0.6720430107526881 0.7783208428369719 0.09164222873900302 0.08326997574309408
0 0.8329260345389379 0.6855472285579812 0.04989410231345716 0.03710944571159632
0 0.6712793255131964 0.9733717099308498 0.0911331052460084 0.04797074689547805
0 0.6860439068100358 0.4357373013286992 0.11047979797979797 0.07331378299120236
0 0.8125610948191593 0.48913869881611827 0.08247800586510265 0.08236486731110387
0 0.6974991854024113 0.19588356685130884 0.04174812642554586 0.031678795119655316
9 0.7638888888888888 0.2624814452771442 0.028918214402085352 0.023894862604540025
0 0.9425403225806451 0.5205097570688968 0.05264336917562734 0.04460374352847469
0 0.9437724014336917 0.5619275189167663 0.07526881720430108 0.08442851453604144
0 0.9121863799283155 0.2007168458781362 0.021953405017921198 0.023098367184388666
0 0.9027777777777777 0.2254082039028276 0.03225806451612903 0.03663878932696136
0 0.8204525089605734 0.15193150139386696 0.02217741935483871 0.03544404619673437
3 0.34055779569892475 0.6158900836320191 0.03797043010752688 0.0884109916367981
3 0.2743055555555556 0.6308243727598566 0.02217741935483871 0.07646356033452807
0 0.4233612489660877 0.34923260729712347 0.09615384615384616 0.061575222865545454
