1 0.331510416666667 0.751851851851852 0.0765625 0.090740740740741
0 0.08527872099603853 0.41039426523297495 0.08665817770232032 0.21851223039678058
0 0.2074063774564331 0.5077246323075022 0.09964775676677788 0.08651588184402427
0 0.15787217278457547 0.5751864211263544 0.09559232480533926 0.09990524451036134
0 0.3470291064145347 0.5803361759980226 0.1205042639970337 0.1349235776377045
0 0.4345105672969968 0.5988752935360278 0.13672599184278827 0.114324558151032
0 0.5579115684093437 0.4387179170271496 0.08342602892102338 0.24306842994273478
0 0.5950940860215054 0.7732974910394266 0.07997311827956989 0.12126642771804062
0 0.024799216779503502 0.9070976591884596 0.04729191557148545 0.14602416036107788
0 0.34546180766889834 0.828993936115056 0.04438019882329074 0.08791506052613793
