1 0.476822916666667 0.298611111111111 0.1203125 0.143518518518519
0 0.6184917940011319 0.1738036848393385 0.05659309564233164 0.056593095642331614
0 0.7400785229202038 0.07004967616173048 0.05394029428409736 0.0786015217254606
0 0.8946502576164875 0.2395708880923935 0.040602598566308296 0.032357626443647924
0 0.8402217741935484 0.3372660294703306 0.02765176971326175 0.024890481879729236
0 0.7940188172043011 0.3858024691358025 0.03885248655913978 0.03609119872560737
2 0.6564600134408602 0.35095579450418163 0.032552083333333336 0.06347072879330944
2 0.6097320228494624 0.2828181003584229 0.02870183691756275 0.04915870171246516
0 0.8165952620967742 0.4838087415372362 0.07280465949820798 0.06284846674631617
0 0.6804365479390682 0.4610961768219833 0.037102374551971275 0.03111310234966151
0 0.8178203405017922 0.2940188172043011 0.02415154569892473 0.04418060533651934
3 0.6310083845366103 0.7883171189622804 0.15881016385048646 0.1329862889002673
0 0.21700006982265047 0.30566028953125723 0.12088046362239911 0.1411969153904638
3 0.302314620863008 0.23157069931263477 0.21732299958106407 0.14197272261788388
0 0.5479579608757611 0.2511839472585683 0.02874400829122944 0.024470642426336193
0 0.2929303372851759 0.17144563918757466 0.1349829978862237 0.1787008955467737
0 0.28776077566400143 0.08669035729967628 0.05916276077566397 0.026549847338377803
3 0.18574522102747906 0.05473693526262225 0.34037733970529666 0.10841187663170936
