9 0.652864583333333 0.474537037037037 0.049479166666667 0.058333333333333
3 0.5888688455008488 0.8427026347230082 0.11760752688172044 0.14934289127837516
0 0.783407611771364 0.5251524869521474 0.08577391058290898 0.13676664780230136
0 0.8873089983022071 0.42061246305728484 0.08488964346349742 0.08803370433251594
0 0.7745925739247311 0.7126456093189965 0.048828125 0.04946983273596177
0 0.8706487176268776 0.349125327159719 0.03216392619555674 0.03486604465642999
0 0.3704548670062253 0.2621360749544111 0.029180814940577258 0.04008677607998491
0 0.5444344227504245 0.2491668238697101 0.03227574985851731 0.03458466955920266
9 0.4951365308432372 0.372178205370056 0.04156055461233731 0.029082563038420384
0 0.4696401622335409 0.473443165859691 0.04273957743821918 0.033012639124693474
2 0.4164367572156197 0.44540862311094337 0.018864365214110546 0.020960405793456146
0 0.37469198028673834 0.3704533386433028 0.09333930704898448 0.10205097570688965
0 0.2894120707596254 0.3617373877519558 0.03251821019771071 0.051065633791960545
0 0.21163935137010056 0.35884688017882593 0.05799080818591746 0.04721162369445413
3 0.16372111644932508 0.6385393629731311 0.05648021047815143 0.05846615318132139
