9 0.909635416666667 0.242592592592593 0.083854166666667 0.1
9 0.5493531586021505 0.35375597371565115 0.031852038530465976 0.029246316208681823
9 0.3927181339605736 0.40353693747510955 0.05600358422939071 0.035468936678614095
9 0.32411374327956993 0.35593389088012745 0.050403225806451686 0.034846674631620826
9 0.3652413754480287 0.37055704898446834 0.03745239695340507 0.025512743926722443
9 0.8185085201385092 0.33589494360407435 0.049833697831237415 0.03695603750278432
9 0.8804446874430473 0.31513881295182555 0.04214507016584648 0.038981025859101306
9 0.8827227993439037 0.3381730555049309 0.03986695826498999 0.02733734281027886
9 0.7797806178239476 0.3315918433469008 0.039582194277382896 0.02733734281027886
9 0.7746548660470202 0.40094769455075635 0.043568890103881985 0.04353724966081446
9 0.9815359030435575 0.3141263187736671 0.03531073446327686 0.037968531680942864
9 0.9553376161837068 0.3505761091873722 0.04100601421541824 0.03088107243383347
9 0.8914081009659194 0.35437296235546645 0.037873610351740444 0.02733734281027886
0 0.9526323583014398 0.2759046635481846 0.05154228175688001 0.03847477877002208
0 0.7688172043010753 0.3040013769920823 0.04043648624020419 0.04505599092805215
9 0.7024004536290323 0.3685346973317404 0.0358772961469533 0.02831292313819191
9 0.6666981686827957 0.3685346973317404 0.03832745295698925 0.02644613699721222
9 0.6378213205645161 0.3970031859816806 0.04007756496415768 0.02986857825567503
9 0.676498795922939 0.3923362206292314 0.035527273745519665 0.02800179211469534
9 0.6968000952060932 0.39622535842293904 0.043577788978494625 0.0245793508562326
9 0.5883223983962093 0.3972318409169147 0.038727902314561746 0.031134195978373115
9 0.5618759600614438 0.37881891107697563 0.029761904761904795 0.02048131080389141
0 0.6289602534562212 0.3370029015190306 0.011760752688171967 0.023894862604540025
0 0.17032814238042268 0.37880910202007717 0.020470275614880733 0.040854721981900335
0 0.06280611383212295 0.3421594200178898 0.009500084445195064 0.028148398356133548
0 0.021023335022237234 0.24551658566183138 0.01671311152395429 0.023769758611846124
