2 0.12578125 0.148611111111111 0.127604166666667 0.150925925925926
0 0.22101372382569334 0.045683204426837695 0.06985710243350313 0.08646167389800664
0 0.41423340748980353 0.21779343303258766 0.0903781979977753 0.0999052445103613
0 0.16040271860417935 0.24301751538513564 0.04438019882329074 0.11609296454092562
0 0.34535373900293254 0.3221054632344955 0.05002138318670577 0.08756924079504723
0 0.4051121089931574 0.44497393287715875 0.05040322580645161 0.07399261431519497
0 0.3020146016617791 0.11098892147279245 0.030547409579667673 0.06584663842728358
2 0.3464992668621701 0.09809112631693276 0.024819770283479963 0.05498533724340175
0 0.3755193059628543 0.10963125882480722 0.030165566959921793 0.04548169870750515
0 0.28120417888563054 0.16291951775822744 0.014891862170087995 0.03801455414358641
0 0.5500213831867058 0.0902845660910177 0.03780241935483871 0.02579559031171935
0 0.3583363880742913 0.0468393613554904 0.04391190127077222 0.06516780710329098
0 0.2791040444770284 0.21077712609970675 0.020619501466275662 0.016970783099815374
0 0.8620631720430108 0.1264436479490243 0.049843189964157604 0.08164078056551174
0 0.8875448028673835 0.27678215850258864 0.03920250896057342 0.04978096375945837
0 0.9319644878324844 0.2028862478777589 0.11760752688172044 0.1021819782430988
