1 0.71796875 0.722222222222222 0.0421875 0.05
1 0.8085758867877888 0.7065463683928644 0.025877518230132374 0.03158516321289767
0 0.9111203806698801 0.5297381177989261 0.033988382153009505 0.02403218940111785
0 0.6930926337906316 0.5496505033027095 0.028194907922382863 0.03364506516156497
0 0.6525383141762452 0.4397890660404565 0.033602150537634407 0.02403218940111785
0 0.5913206031392906 0.5211551930128125 0.034760845383759766 0.028838627281341445
0 0.8097345816339142 0.2760268611214106 0.015063032999629281 0.024718823384006904
0 0.6562075145223087 0.22555926337906318 0.016221727845754486 0.02265892143533967
0 0.34050179211469533 0.5464622328421612 0.0433094384707288 0.03385105535643168
0 0.46154492349048803 0.7231527433140337 0.025524710504549172 0.03561253561253556
0 0.5431270678246485 0.7372254388383421 0.041356492969396204 0.018955059277639952
