9 0.181770833333333 0.137037037037037 0.176041666666667 0.209259259259259
3 0.37752900396151673 0.7389486260454002 0.12645019807583474 0.31597811733635167
3 0.5946675971877584 0.43451888613178935 0.1906275847808106 0.10913518978035103
0 0.8214821133167907 0.2558818123334253 0.16348738626964446 0.17461630364856168
0 0.8727738575268817 0.10050776583034654 0.11340725806451613 0.09893966547192354
3 0.7313558976865427 0.11442380797219513 0.10538856304985333 0.11856920459070994
0 0.5605449657869012 0.10854060316425915 0.1435728250244379 0.08145975887911372
0 0.42638404533565816 0.24594486960078357 0.039656592075946906 0.061351674254900034
0 0.4934369853724693 0.19481847438836686 0.04843553230650003 0.0667334000667334
0 0.46452702702702703 0.008610761298933341 0.02936404146081567 0.017221522597866683
0 0.31952315218444244 0.06081350167371672 0.06084713746004071 0.04843553230650005
0 0.27850431076237525 0.02529411131561669 0.025428654460912546 0.04520649681940004
0 0.16816211372662984 0.021257816956741688 0.12199699699699698 0.030675837127450027
0 0.043253434886499374 0.10838975175892736 0.08650686977299875 0.12777114031594314
