9 0.64453125 0.421759259259259 0.115104166666667 0.136111111111111
0 0.2546158743633277 0.8662830912406464 0.1582838143746463 0.09903791737408042
0 0.02097481607243919 0.8068917814248885 0.041949632144878374 0.07457712381311717
0 0.12330220713073012 0.7200842608312898 0.02475947934352009 0.08646167389800664
0 0.22956730769230768 0.677488282326992 0.08723635235732011 0.0666299053395827
0 0.22439774607113316 0.7309070857457953 0.091113523573201 0.10454002389486261
0 0.4156715260545905 0.6838066354195386 0.30694272125723737 0.1688723462917011
0 0.36720688585607936 0.5637579266611524 0.19321236559139782 0.1700211377630732
0 0.43182640612076095 0.48908648102196484 0.091113523573201 0.07352265416781546
0 0.5029078784119106 0.5367613270839077 0.10016025641025642 0.09994485800937411
0 0.6573485318444995 0.6820834482124805 0.1479787014061207 0.1723187207058174
0 0.595959987593052 0.8032809484422387 0.11696133167907362 0.18495542689091085
0 0.4909532671629445 0.6602564102564102 0.07754342431761785 0.1148791471372117
0 0.39370088916459883 0.7653708298869588 0.04846464019851118 0.11832552155132801
0 0.408886476426799 0.7797307232791102 0.05298800661703893 0.07582023711055969
0 0.34555934656741105 0.7883466593144012 0.037479321753515225 0.06318353092546651
0 0.3371588089330025 0.6349829978862238 0.025847808105872616 0.0367613270839078
0 0.35719086021505375 0.40235272493337004 0.06332712985938788 0.08156419446742028
0 0.23990643093465674 0.3696121679992647 0.06655810587262201 0.05743957356860585
0 0.23175719143461077 0.4550694891196684 0.038484514290965874 0.05973715651135006
0 0.03942652329749102 0.42577105181645214 0.07885304659498205 0.1265542723129342
0 0.7430791360120731 0.5177220230983671 0.064256744010564 0.03144060869018425
0 0.7869977362761741 0.7949233897168247 0.03065459347292959 0.05764111593200438
0 0.8550863044708544 0.6455804984384497 0.02888605923410664 0.07964954201513337
0 0.9667987172231655 0.6576327317696871 0.0624882097717412 0.05973715651135006
0 0.9886106395019806 0.7566706491437674 0.02004338803999249 0.09222578549120701
0 0.8774877381626107 0.7949233897168247 0.1019854744387851 0.05764111593200438
0 0.9103415559772295 0.9290533417668141 0.07352941176470594 0.12228547332911661
0 0.954617330803289 0.9030501089324617 0.07748260594560402 0.05762878628153772
0 0.9368279569892473 0.9613816852906035 0.11385199240986707 0.06887342750720357
