2 0.261197916666667 0.931944444444444 0.068229166666667 0.080555555555556
2 0.367708333333333 0.87962962962963 0.054166666666667 0.064814814814815
2 0.46015625 0.87962962962963 0.0453125 0.053703703703704
2 0.6517347110215054 0.7789165173237754 0.02467657930107527 0.05880376344086022
2 0.666960685483871 0.7896505376344086 0.02047631048387097 0.04106929510155317
2 0.7497493172896399 0.8365572433672791 0.04026924389827617 0.05262559025999885
2 0.7146804062126642 0.8941609300032238 0.02933521078682359 0.0578407388443231
2 0.6933457074586107 0.8898939902524132 0.02133469875405363 0.07111566251351197
2 0.5882723160948967 0.8839676850429539 0.016001024065540225 0.05262559025999885
0 0.7418769563156805 0.9728575221406762 0.05812667248799149 0.05309021258842049
