3 0.862760416666667 0.747685185185185 0.152604166666667 0.180555555555556
3 0.16049147900182592 0.534253060120376 0.10112345303306956 0.06086427267194162
3 0.15621195982958003 0.8664705484547236 0.17435078109149924 0.10200401253353172
3 0.38286797524852906 0.764184756881044 0.13821261919253403 0.13187259078920677
3 0.36479889429904644 0.6509095827415973 0.13884662203286674 0.08453371204436326
3 0.5769735116706005 0.842148206428301 0.0956158755135939 0.09421958018863344
0 0.7166924436588599 0.538861884420877 0.04971277065841799 0.06628369421122406
0 0.587157996959973 0.279451043680059 0.011787141811630951 0.016576279031945276
3 0.6106995498874719 0.43702129236012704 0.034904559473201646 0.028016263325090544
0 0.4485887096774194 0.3628178870114354 0.04464285714285715 0.0371223758320533
0 0.4147465437788018 0.35172384365932763 0.04416282642089091 0.03541559993172899
0 0.37682411674347155 0.3489503328213006 0.032162058371735816 0.04608294930875574
