9 0.452864583333333 0.568055555555556 0.080729166666667 0.09537037037037
0 0.09493657594086023 0.44989545997610514 0.07245463709677419 0.07280465949820789
9 0.044690860215053765 0.5821385902031063 0.08669354838709678 0.044802867383512544
9 0.013272849462365592 0.5352449223416965 0.025873655913978496 0.04540023894862605
0 0.11256720430107527 0.3963560334528076 0.034274193548387094 0.05675029868578255
0 0.1663306451612903 0.3064516129032258 0.053763440860215055 0.06451612903225806
0 0.33520591919824616 0.31811485773277187 0.05774350140933294 0.057417266938093715
0 0.3813680968785885 0.3732122350976093 0.048935170685875315 0.051617543004952984
0 0.5094151268399624 0.429759543445732 0.04599906044472288 0.05219751539826706
0 0.6451286668754567 0.40656064771316885 0.0499138740995929 0.05567734975815145
0 0.6617666249086543 0.49500643769356584 0.021205240630546015 0.019139088979364605
0 0.721956884852281 0.37176230411432415 0.05024010857083207 0.056837294544779676
0 0.723588057208477 0.4393290879354143 0.01696419250443675 0.05509737736483738
0 0.7686084142394821 0.43352936400227343 0.07372899050005219 0.05973715651135006
0 0.8278199707693912 0.4549883425548944 0.04077930890489611 0.03769820556541514
0 0.7532753940912413 0.5796824071174211 0.07438145944253052 0.051617543004952984
0 0.9338461739221213 0.4544083701615803 0.08318979016598799 0.05973715651135006
0 0.9803345860737028 0.4413589913120135 0.03066604029648197 0.034798343598844685
