1 0.235416666666667 0.502777777777778 0.046875 0.055555555555556
0 0.25518282384732305 0.3918882571137257 0.030787310702021058 0.029399438283072832
0 0.6275201612903226 0.28270609318996415 0.13608870967741934 0.07765830346475504
0 0.49017137096774194 0.4873058542413381 0.10332661290322581 0.08064516129032258
0 0.8568548387096774 0.4910394265232975 0.11424731182795698 0.09408602150537634
0 0.5322207287933094 0.6772202309836719 0.09520609318996413 0.05641842559405277
0 0.5374477299880526 0.7160493827160495 0.025761648745519738 0.04646223284216119
0 0.6533751493428912 0.6931501393866987 0.09259259259259263 0.06172839506172835
0 0.6459080047789725 0.5972388158768087 0.08139187574671444 0.07964954201513351
0 0.8697356630824372 0.6722421346077261 0.11312724014336913 0.06239214124518792
0 0.9455271804062126 0.7309836718438868 0.10416666666666667 0.08562325766626837
0 0.04986042183622831 0.48272217627056335 0.026881720430107527 0.04365407591214044
