1 0.3765625 0.63287037037037 0.051041666666667 0.060185185185185
0 0.40051994906621396 0.462271269571779 0.1176075268817204 0.09274979563604353
0 0.688348896434635 0.42454253914355783 0.14148273910582915 0.08646167389800678
0 0.49425226372382575 0.5251524869521474 0.06808856819468029 0.0675973086838961
0 0.5588037634408602 0.5880337043325159 0.1547467458970006 0.1304785260642646
0 0.8218732314657611 0.6021819782430988 0.1803904923599321 0.14619883040935672
0 0.8331015943641082 0.7296790672763978 0.09037819799777523 0.10608495035636298
0 0.7334538375973303 0.6550076216372102 0.07994994438264738 0.13389362666337085
0 0.7240213373655914 0.35625746714456397 0.021526377688172043 0.03220206093189964
0 0.680611559139785 0.6340850258861013 0.05075324820788533 0.06844882516925523
0 0.6552349350358424 0.6888440860215054 0.05810371863799286 0.10578454798884902
0 0.6095570116487457 0.7165347471127042 0.12355790770609316 0.07156013540422133
