10 0.733072916666667 0.748148148148148 0.141145833333333 0.166666666666667
0 0.7259494502384995 0.08139973589888701 0.12994886409572312 0.16279947179777401
10 0.31914136622390893 0.056539461662801264 0.19884566729917777 0.10893246187363834
0 0.32625711574952565 0.44307400379506645 0.08973750790638838 0.18483379014688311
0 0.5751106894370651 0.27756694075479654 0.03162555344718529 0.10541851149061778
0 0.4596774193548387 0.40020380912221515 0.13282732447817844 0.21435097336425607
0 0.5537892886683209 0.4198717948717948 0.1240694789081886 0.26077566400147045
0 0.6316558105872623 0.5017231872070582 0.04717224979321757 0.11775112581564195
0 0.668812034739454 0.5407820972337101 0.05944995864350702 0.1602564102564103
0 0.6812512923904053 0.6220590938332874 0.09789857320099254 0.08041540299604817
0 0.5768907671629445 0.5493980332690009 0.0371562241521919 0.09018013050271115
0 0.5323032981803143 0.43739086481021966 0.05783447063688996 0.09477529638819963
0 0.5389267990074441 0.4994256042643139 0.05169561621174523 0.07294825843212935
10 0.5470168272587627 0.5545004577262642 0.05934925289763997 0.10124284317832702
0 0.5343614718614719 0.5795202408105634 0.06982265046781176 0.13654207202594298
0 0.49834157127991674 0.586875810947958 0.06991415192507802 0.09988309502704226
0 0.44275297387148715 0.4755885697135503 0.07450911640953721 0.10966241291938655
0 0.6244959677419355 0.7637395459976105 0.0198252688172043 0.07108721624850657
0 0.7149033060503931 0.7951193851530876 0.02490905686620662 0.050821163002193366
0 0.8060648711706229 0.6740154640337234 0.11475451410022304 0.09129640900791239
0 0.9253102836879432 0.8590584407331149 0.07685598261267443 0.0673631764915225
0 0.19226273959794296 0.23349436392914652 0.037400654511453926 0.09194327567399097
0 0.4122983870967742 0.6102150537634409 0.033602150537634407 0.05555555555555555
0 0.4106182795698925 0.6663679808841099 0.038306451612903226 0.06391875746714457
0 0.47356630824372764 0.6443647949024293 0.0515232974910394 0.08442851453604137
0 0.49899193548387094 0.7441258462763838 0.07549283154121858 0.1676622859418559
0 0.40333781362007176 0.7435284747112704 0.09386200716845876 0.14496216646754287
0 0.4915994623655914 0.836121067303863 0.0396505376344086 0.04898446833930705
0 0.5629595588235293 0.7749666174713613 0.07535776407337128 0.11288565605453653
0 0.26563862249346115 0.7362200910588006 0.07537779715199068 0.10763451623666684
0 0.349406977431171 0.7890031115837568 0.05335726101855137 0.07220974962910444
0 0.20747374343585898 0.8428032934159466 0.08361465366341586 0.07038796736221095
0 0.16110798532966575 0.724718216591185 0.04245853129949153 0.12966204514091484
10 0.13604507052087697 0.553530698691989 0.03774787040916073 0.035687132461326064
10 0.07691401340594889 0.5614827227730453 0.08880568356374807 0.06788313239926143
