1 0.48046875 0.641666666666667 0.063020833333333 0.074074074074074
2 0.44075410299943407 0.14393510658366343 0.07604697226938312 0.1289064956297554
0 0.2616900113186192 0.39624599132239197 0.0981536502546689 0.08960573476702509
0 0.2395833333333334 0.362447336980444 0.06808856819468026 0.056593095642331614
0 0.07643604980192421 0.27519964786518264 0.05305602716468592 0.15248695214739355
0 0.7674908036219582 0.48663774130667176 0.06985710243350317 0.10375400867760803
0 0.33225303989548793 0.5250728569992965 0.044593508190131644 0.14459741622840805
0 0.2970806954074967 0.5189316539934568 0.04208119786956086 0.07648589198182203
0 0.018877515853322323 0.4388470450298406 0.03775503170664465 0.05644186558165062
0 0.868331265508685 0.8890573783046901 0.06031155224703603 0.04135649296939636
