1 0.824739583333333 0.571296296296296 0.1109375 0.131481481481481
1 0.2720023095562623 0.7216837464452186 0.054189383613508994 0.06688878792468064
1 0.25957897925185525 0.6625776162350447 0.04590716341057097 0.06983357733016987
0 0.359202256550053 0.5157588301613745 0.09844010298349239 0.07235768253487476
0 0.2136718158412843 0.6680465108452387 0.06720430107526881 0.07067494573173815
0 0.2192327351203998 0.7521833510020698 0.04046456156292594 0.06562673532232824
0 0.3529591747530379 0.6061135880176006 0.09233761692455633 0.06799351147633337
0 0.3644330798146691 0.6503093704772173 0.13987236646560017 0.12238832065740005
1 0.08708126550868489 0.7726771436448855 0.10184036393713813 0.0822534693502435
1 0.12998862696443345 0.7246576601415311 0.041873449131513654 0.07995588640749929
0 0.5520353302611366 0.6352619901006998 0.023041474654377836 0.028161802355350724
