9 0.3875 0.230092592592593 0.110416666666667 0.130555555555556
0 0.8709500565930955 0.33650883481104193 0.09815365025466888 0.11161416085015403
9 0.7918912856306746 0.19085752782225146 0.08118630253604779 0.09698890334619442
9 0.7069293199095953 0.3411105784230913 0.08047394014108614 0.05441027631288573
9 0.9596945414697623 0.41093075816724883 0.07148482980617778 0.0517468362136536
3 0.8684404815992731 0.5807545391825265 0.06152506436468267 0.10643310279839122
9 0.2918240821466628 0.4803190287061254 0.12411605153540632 0.1157071049544168
0 0.28497208436724564 0.37133535520632294 0.04449515538225214 0.032494387333096966
9 0.27324825711922485 0.41548177032048 0.060926976249556904 0.03150970892906379
9 0.1774193548387097 0.24372759856630824 0.06048387096774194 0.04540023894862605
9 0.22227822580645162 0.2616487455197133 0.04603494623655914 0.04778972520908005
0 0.058131720430107524 0.23178016726403824 0.07594086021505377 0.052568697729988054
9 0.2885197986004438 0.10122129297756538 0.04853643966547193 0.04029887542432344
0 0.4414629202935654 0.15906203182188844 0.028535159583546688 0.11141453793783543
0 0.6217488828375926 0.161554097037968 0.04953044267560396 0.08029604803798353
9 0.24154273146208627 0.08203385622740461 0.06764069264069264 0.06865893962668156
9 0.3467298133495638 0.06227316787268096 0.05325623858794893 0.045648204503956166
0 0.43105219111381615 0.016061405288429025 0.04564820450395616 0.03099569441626654
9 0.49033145668492595 0.13046369558846735 0.06593629539460331 0.06706341155519488
