9 0.26015625 0.27037037037037 0.0796875 0.094444444444445
9 0.33203125 0.2875 0.071354166666667 0.084259259259259
0 0.635292869269949 0.3302207130730051 0.3873089983022071 0.31597811733635167
0 0.362719419171032 0.32742599230054426 0.027570995312930776 0.03829304904573721
0 0.41427143644885583 0.32563898334507657 0.026709401709401694 0.05207854670220262
0 0.2758420641485157 0.3442749338806687 0.020965444352541114 0.039314197020290216
9 0.3005410807830162 0.2738157236365122 0.030730171859204118 0.059737156511350094
0 0.3500827129859388 0.34299849891247747 0.028145391048616842 0.03471903113480172
3 0.6129188547136785 0.6882415048206496 0.158633408352088 0.27506876719179807
0 0.05847343721523599 0.4525848976368386 0.07318434481501732 0.05264969726424077
