3 0.875520833333333 0.68287037037037 0.158333333333333 0.187962962962963
3 0.2227822580645162 0.741306671697164 0.17950622524052065 0.12261837389171856
0 0.35386234530330696 0.48888663465656773 0.03582116047879898 0.037758391379815646
0 0.42471216271048895 0.5103018417078063 0.03423615337796712 0.021978765131534482
0 0.5611812740921079 0.46127228872207565 0.01489906674781907 0.03437704289804112
0 0.6316489361702128 0.580708711456824 0.06791924044840994 0.05846615318132132
0 0.61473554820329 0.7192915275352552 0.024411818766657434 0.03778247505846074
0 0.293492295317924 0.4031035099107236 0.019843789687579372 0.02822227866677959
0 0.3199506815680298 0.4473184131553449 0.01931462196257726 0.024459308177875554
0 0.3161142155617645 0.4666036369109775 0.010054186775040223 0.013170396711163787
0 0.0362521383186706 0.42562724014336917 0.07102272727272727 0.11404366243075925
0 0.11420477746018784 0.49697533384752657 0.017013747107662985 0.029112411717556692
0 0.03147543214917654 0.5134219560516008 0.02849802640533551 0.03856449344403612
