1 0.82421875 0.862962962962963 0.081770833333333 0.096296296296296
0 0.7135629094055124 0.6766777901371894 0.11007601038190579 0.08994905175846962
0 0.7898436534420962 0.668094865351076 0.04712025707576331 0.07415647015202079
0 0.891615684093437 0.8243040964583418 0.04364417253738731 0.0775896400664662
0 0.8209352984797924 0.405800683887447 0.02124273884563094 0.0343316991444541
0 0.6762915585218143 0.5685329378321592 0.06256952169076746 0.04531784287067941
0 0.7093143616363862 0.8665320864060204 0.043644172537387234 0.07827627404935525
0 0.744075207020146 0.9787967426083851 0.045961562229637876 0.032271797195786864
0 0.6473029658513529 0.8485761550277681 0.03618693134822172 0.031181482794386067
0 0.6274555417700579 0.877131828744732 0.02898647051872859 0.019365341945987144
0 0.6548055439184471 0.701709879129234 0.06502234324814973 0.05430650591940919
3 0.5956830675365471 0.7721732243298027 0.08966866014256371 0.07249003262051477
0 0.6288132777576416 0.7560643281919107 0.021142926180983467 0.02416334420683821
0 0.6567225302419355 0.5026321684587813 0.02835181451612903 0.034535543608124254
0 0.5958186323924731 0.4050925925925926 0.033602150537634407 0.03173536439665472
0 0.6002814180107527 0.4433617084826762 0.02047631048387097 0.02800179211469534
0 0.5225764448924731 0.5973715651135006 0.04252772177419355 0.05040322580645161
0 0.4041813676075269 0.5301672640382318 0.03675235215053763 0.04106929510155317
10 0.3233261928763441 0.42936081242532853 0.03780241935483871 0.06907108721624851
0 0.4814377085650723 0.6838874469575248 0.045961562229637876 0.04257130693912311
3 0.5204471017179583 0.8548593086969061 0.10698615745890495 0.26366744942940706
3 0.4275583982202448 0.8188110245952293 0.17071437399579778 0.10368173141625128
3 0.4466768631813126 0.9156264161825898 0.09153689284390067 0.1366401625949272
0 0.49171146953405015 0.37986194079384045 0.012694145758661905 0.04978096375945834
0 0.4347744922341696 0.430638523828488 0.06608422939068102 0.0955794504181601
0 0.40266577060931896 0.337382185052436 0.029495221027479108 0.04181600955794504
0 0.42637395459976096 0.26337448559670784 0.023148148148148157 0.019912385503783343
0 0.43738799283154123 0.2876012212929776 0.023521505376344086 0.037833532457188394
0 0.32108721624850656 0.35729457055621927 0.03808243727598564 0.02721359352183724
0 0.3291143966547192 0.27864064781627507 0.04368279569892469 0.04911721757599894
0 0.3154868578255675 0.23483339970795172 0.034348864994026305 0.04911721757599894
0 0.22420101553166066 0.2683525819726537 0.02949522102747907 0.04181600955794504
0 0.2161015155363644 0.3941664549995767 0.011641689950046556 0.03668896226681343
0 0.20869316738633475 0.5254000508001015 0.042862585725171445 0.015051881955615737
0 0.13593260519854372 0.406160923432958 0.05132926932520532 0.1190039417115871
0 0.041348100823907274 0.2358376390634455 0.0818234185169669 0.07758072274201305
0 0.04342096075967043 0.3122546509643284 0.057167295070520874 0.040341975825846865
0 0.019201228878648235 0.4546152771959224 0.03752967462644882 0.06749522878555139
