3 0.748177083333333 0.547685185185185 0.105729166666667 0.125
0 0.820546830786644 0.4418348739231592 0.18481182795698925 0.1304785260642646
0 0.691443831352575 0.4347607369678677 0.09107951329937737 0.0786015217254606
3 0.5202489481065918 0.49114331723027366 0.09320944366526411 0.07220404134850135
10 0.3668773263027295 0.41010706736513186 0.09337520678246483 0.13096222773642124
0 0.10688343628460306 0.6518848979384326 0.117964996568291 0.17921146953405026
0 0.7762294433902593 0.8171340220676084 0.3330566097406704 0.26706022910956495
0 0.8938369702719796 0.5931196851500458 0.08400537634408602 0.20556609740670456
0 0.9707167141049967 0.25346989085129534 0.0578945287792537 0.21851473426426027
0 0.9292081752055662 0.9011518729355541 0.14091160657811516 0.19038723733220903
0 0.5399517982944012 0.884171713426441 0.18539117538005195 0.18642112635438554
0 0.38961114200964037 0.7549128661475715 0.15584445680385617 0.13389362666337085
0 0.4131944444444444 0.965452011150936 0.1885454002389487 0.05973715651135006
0 0.23242731979291115 0.7112925350679233 0.2393634674100624 0.16003657978966615
0 0.16812690827027743 0.7876233461657595 0.1240375680339838 0.1902739059250409
