1 0.3640625 0.212962962962963 0.101041666666667 0.187037037037037
0 0.6777376910016978 0.11878261963151604 0.10964912280701745 0.08174558259447905
0 0.5846508913412565 0.016946488084009313 0.06672679683078664 0.033892976168018625
0 0.6109755234861347 0.02524680877821795 0.04156055461233731 0.039300760862730336
0 0.4005936379928315 0.3440196468870304 0.15027628434886497 0.14436479490242934
0 0.415994623655914 0.23994424532058942 0.054883512544802844 0.12544802867383512
0 0.19678689357378717 0.6016002032004064 0.04392092117517567 0.07055569666694887
0 0.24798387096774194 0.5950150048448245 0.054768859537719074 0.058326042578011134
0 0.11159088984844635 0.6921466805896576 0.047095927525188375 0.07196681060028794
0 0.07282935399204132 0.623237283511604 0.02619380238760477 0.041392675377943375
0 0.021399542799085597 0.7835683970407722 0.042799085598171194 0.08829879936851778
