9 0.390885416666667 0.366203703703704 0.069270833333333 0.082407407407407
0 0.7733674955197134 0.304597272003186 0.04235271057347665 0.03920250896057348
0 0.8216705869175628 0.2946410792512943 0.033252128136200765 0.041691557148546374
0 0.7791428651433692 0.35157805655117486 0.018901209677419355 0.0547590601354042
0 0.8277959789426523 0.39389187574671447 0.033602150537634407 0.03484667463162089
0 0.8706737231182796 0.40633711668657907 0.0255516353046596 0.02986857825567503
0 0.7584915434587812 0.46825219036240545 0.03920250896057342 0.04666965352449223
0 0.6911122311827957 0.4399392672242135 0.013650873655913902 0.04106929510155317
0 0.8964003696236559 0.4318498606133015 0.04970318100358433 0.044802867383512544
0 0.9343778001792113 0.30055256869773 0.016451052867383565 0.03484667463162089
0 0.9907314068100358 0.3497112704101952 0.01785114247311828 0.03111310234966151
0 0.49232994389901824 0.34283933302166114 0.04017648433847597 0.04934808581372394
0 0.5662095005659311 0.43918600264101115 0.035591751556310135 0.03183361629881154
0 0.5972693831352576 0.47141262654844995 0.03802348613469156 0.024759479343520074
9 0.5260858800226372 0.5291847450166635 0.04200268817204301 0.022401433691756272
9 0.3395147289426524 0.4610961768219833 0.04200268817204301 0.03484667463162089
9 0.30223734318996415 0.4788306451612903 0.05075324820788533 0.02675726802070886
9 0.2660100246415771 0.4340277777777778 0.03710237455197135 0.02675726802070886
0 0.2795185261283474 0.5555175064112807 0.014981850558180966 0.03804914427474526
0 0.3960235341854331 0.2544464732535335 0.026311117873808108 0.03437704289804105
0 0.44801176709271656 0.33616239489641797 0.014899066747818993 0.015216068167985352
0 0.3603608744167174 0.273889227023737 0.02282410225197808 0.022542323211830192
0 0.419481639277744 0.5703207772593043 0.022507100831811764 0.03606771713892835
0 0.3130096060745044 0.4924776481113433 0.027869082199459785 0.03482308175780123
0 0.22459084440227703 0.4650801180687329 0.03755534471853257 0.04568135497926771
0 0.1547922596457938 0.48594419846791764 0.03582582226438961 0.05314849954318646
9 0.13354384092346613 0.5136165577342048 0.045214658444022775 0.052270011947431305
0 0.10197164848766152 0.3901953705852522 0.05560068074572599 0.053290700772715194
0 0.021955016631855846 0.4265104045795622 0.04061267115339986 0.04856329989771627
9 0.07102866094221401 0.5296536963977205 0.06285294345169025 0.05629904678407812
9 0.10704823238183651 0.46927189431250693 0.04254660787499033 0.04383589902271734
9 0.13641989634099175 0.5874569161874801 0.07083043242825093 0.047274008749989216
0 0.2515763103079435 0.5662519469308863 0.02216686370545517 0.051605396986244785
