2 0.494010416666667 0.465277777777778 0.090104166666667 0.106481481481481
0 0.9178162139219016 0.2539772369993083 0.07339417091114876 0.09117776520153431
2 0.534127184139785 0.3640232974910394 0.06037886424731183 0.08027180406212664
2 0.6197076612903226 0.3952919653524492 0.0572286626344086 0.08867234169653525
2 0.48214885752688175 0.5198999402628435 0.056178595430107524 0.08587216248506571
2 0.39301755818701506 0.3092721140904072 0.030624744793793377 0.05293165766828485
3 0.8690356182795699 0.6209677419354839 0.1856518817204301 0.07915173237753884
0 0.8203125 0.4977598566308244 0.12012768817204302 0.10454002389486261
0 0.044522849462365593 0.2841995221027479 0.08736559139784947 0.12246117084826759
0 0.9670698924731183 0.3660180918245435 0.06432411674347163 0.0785116914149173
