4 0.432552083333333 0.683333333333333 0.028645833333333 0.251851851851852
0 0.32070913297944736 0.4650424209427884 0.030624744793793415 0.060493323049468396
3 0.43193650469579414 0.4881055003553983 0.08209132979447391 0.06276182266382348
0 0.33155539676058254 0.532341242835322 0.04466108615761533 0.08015365304054566
0 0.45469239145229345 0.32061461216218257 0.03913161834762491 0.08922765149796592
0 0.2998672927725602 0.5346097424496771 0.020416496529195586 0.04839465843957472
0 0.537209064924459 0.26428020507236516 0.02466993330611131 0.0506631580539298
0 0.5350823465360011 0.23441162681669012 0.01190962297536413 0.03327132767720762
0 0.5308289097590854 0.19887179952512737 0.01361099768613039 0.025709662296024068
0 0.5990063364055299 0.17209990328269897 0.02360151049667177 0.04551402400864767
0 0.5794050819252432 0.05511463844797178 0.03720238095238097 0.026312795129999435
0 0.5196012544802866 0.0992063492063492 0.026401689708141354 0.04906980713432326
0 0.608606950844854 0.10454002389486261 0.02040130568356377 0.01137850600216191
0 0.5575346174673165 0.009424718289884249 0.030701245455248764 0.01719054863635973
10 0.42784517382562043 0.05886258734947526 0.04060229565347014 0.11772517469895052
0 0.3600470430107527 0.8626045400238949 0.009744623655913979 0.038231780167264036
0 0.3795362903225806 0.7918160095579451 0.013776881720430107 0.04241338112305854
0 0.1380492760985522 0.7413004826009653 0.008995851325036 0.03386673440013537
0 0.10616692066717467 0.8389025296569113 0.02672297011260691 0.01834448113340675
