2 0.251041666666667 0.575925925925926 0.152083333333333 0.17962962962963
0 0.7444998585172609 0.23668490221970698 0.14236700622524046 0.19493177387914237
0 0.8957095359366157 0.5157203043450922 0.19365449915110355 0.23108847387285406
0 0.9708722410865874 0.8073319499465509 0.05570882852292016 0.17292334779601343
0 0.09235285795133 0.4418348739231592 0.1750848896434635 0.3096899955983148
2 0.22145585738539902 0.42218449349179404 0.10788058856819466 0.2578129912595108
0 0.19404357668364464 0.7397346412626549 0.09196378041878893 0.18549959127208693
3 0.3907930107526882 0.6870716217065962 0.18658036219581212 0.297113752122241
0 0.4694927843803056 0.8049739042947872 0.19011743067345788 0.22794441300383575
0 0.6335243350311263 0.7114380934414891 0.20514997170345212 0.21065207822423437
0 0.6613787492925863 0.544016852166258 0.06985710243350317 0.20908004778972522
0 0.6047856536502547 0.36794944350122616 0.11760752688172044 0.19650380431365153
0 0.8108198924731183 0.7326605043073634 0.24317345783814376 0.21851223039678055
3 0.7374257215619695 0.9323083694900334 0.27147000565930957 0.11475822171917252
3 0.9116263440860215 0.8584229390681004 0.16889501980758345 0.18078349996855933
0 0.4795080473667061 0.911227441363265 0.2585136166418 0.17635037414324334
9 0.3439268534238823 0.755454945607747 0.22902518392756074 0.15405898258190276
