10 0.3828125 0.636111111111111 0.096875 0.135185185185185
0 0.4893514311676511 0.4318491594729668 0.04922005149174615 0.2044525215810995
0 0.41211745244003306 0.4777900315534725 0.06260913518978029 0.0847552818878984
0 0.4243971036111629 0.5271027133790512 0.07147740692398535 0.032803640858833846
0 0.4494530424513643 0.5046581170019544 0.014761638386475292 0.0258976112043425
0 0.30998783922171025 0.6777322637537692 0.07173792456050512 0.054522007927025815
1 0.27531895374637316 0.7071267375926874 0.030135261990100724 0.047884546092431375
0 0.16202080411407196 0.36699392239364187 0.09613136979897148 0.06285387772063791
0 0.13397031323048153 0.4508856682769725 0.06924964936886395 0.03947846865097917
0 0.19211664329125758 0.4220559970910602 0.045289855072463775 0.08674874032517794
0 0.17955236091631602 0.4830917874396135 0.062237026647966334 0.08415147265077143
0 0.21257012622720892 0.5503610202067425 0.05756194483403457 0.07428185548802659
0 0.27407667134174846 0.5399719495091163 0.07713884992987374 0.08570983325541533
0 0.3034420289855072 0.5537374681834709 0.0464586255259467 0.018700327255726932
0 0.1649427302477793 0.5737364292764011 0.037108461898083187 0.03168666562775956
