3 0.313802083333333 0.492592592592593 0.161979166666667 0.192592592592593
0 0.6711056876061121 0.2759856630824373 0.1352928692699491 0.18235553040306865
0 0.5393498868138087 0.2539772369993083 0.0857739105829089 0.10689806954662637
0 0.412899688737974 0.26262340438910897 0.10522778720996037 0.13362258693328297
0 0.30325056593095645 0.270483556561655 0.02387521222410863 0.07074136955291452
3 0.4668399830220713 0.6469848456266114 0.13352433503112615 0.2515248695214739
3 0.6728742218449348 0.7043639564861977 0.11407045840407476 0.2342325347418725
0 0.6383878041878891 0.4276866000125763 0.14059847198641767 0.2310884738728542
3 0.6662422184493492 0.506288121738037 0.1467883418222977 0.11790228258819097
0 0.538907753254103 0.37187951958749926 0.05305602716468589 0.11633025215368181
0 0.37178126768534236 0.3569452304596617 0.04244482173174871 0.048732943469785565
0 0.263458545557442 0.4772055586996165 0.12291312959818902 0.12261837389171856
