1 0.091145833333333 0.85787037037037 0.083333333333333 0.099074074074074
3 0.1038483305036786 0.36559139784946243 0.12379739671760046 0.10060994780858958
3 0.15715305779569896 0.2576164874551971 0.04252772177419357 0.11387395459976105
0 0.2873613911290323 0.20908004778972522 0.03710237455197135 0.03733572281959379
0 0.20965641801075272 0.31517572680207095 0.023801523297491013 0.05164774990043809
0 0.5220514112903226 0.412870868180008 0.03605230734767027 0.03422441258462768
0 0.6262413533319635 0.3932379060794922 0.03895281145127045 0.03995160148848251
9 0.40171219606703473 0.9735541993606509 0.05509541799864383 0.05058822263123341
0 0.45135861668119726 0.6463452700011839 0.11866705415092513 0.1506883227313334
0 0.5371803254867771 0.6404253716081673 0.17830330330330327 0.2443303518572335
0 0.2515620459168846 0.776313948356959 0.046619199845006315 0.0995619275189168
3 0.17753136200716843 0.7996814018319394 0.04940760653126246 0.054648435771494336
0 0.13028697666437886 0.9127392663768779 0.03324468085106382 0.12932458883042267
