10 0.341145833333333 0.0875 0.191666666666667 0.175
10 0.591814326821142 0.5265031046494018 0.11405800393760412 0.17163915391993526
0 0.7013762683628654 0.8104649401787066 0.07004391943056174 0.04459252528312048
3 0.558611473677668 0.3699905387393733 0.05516191186524951 0.0631901713385957
0 0.5985004216740459 0.06368449410827652 0.0731340923466161 0.11010377866797855
0 0.29509616450504383 0.8227038145561592 0.07066844030595278 0.1034622916897609
0 0.3124168606584636 0.8707398785549768 0.07621106307504709 0.06897486112650732
0 0.09117383512544798 0.7566706491437675 0.04060259856630825 0.19746448957918497
0 0.05523820191158897 0.6085722819593787 0.09660618279569895 0.06388557015797153
0 0.04147065412186376 0.760819062790389 0.08027180406212665 0.07964954201513337
