2 0.714322916666667 0.877314814814815 0.061979166666667 0.073148148148148
2 0.35941664369083726 0.7192915275352552 0.023837423030971482 0.039824771007566755
2 0.31159819869497285 0.8563806431189943 0.04595165885488469 0.05769486056224418
2 0.3273940814263394 0.9212235395031094 0.028145391048616842 0.06382174840956208
2 0.38540805073063134 0.8716978627372892 0.033889348405477464 0.05156797271492615
2 0.41197385350611154 0.8571465040999092 0.03015577612351809 0.05309969467675563
2 0.42331816928591115 0.89926885805022 0.021252642220384168 0.055652564613138035
3 0.2518610421836228 0.9539002746888051 0.08271298593879241 0.09037159574793982
2 0.29594591489752775 0.966154050383441 0.018093465674110822 0.040335344994843154
2 0.5808729724804083 0.8593544337120061 0.01822489520685255 0.05518093270963687
2 0.6399614999088755 0.7798736407265657 0.02591352287224348 0.04201850839357673
