10 0.720572916666667 0.823611111111111 0.131770833333333 0.156481481481481
10 0.14717741935483875 0.8513488021128089 0.18215902659875496 0.1572030434509212
0 0.6879067628749292 0.42690058479532167 0.13352433503112623 0.21379613909325282
0 0.8417692416525185 0.48349368043765334 0.07693123938879468 0.06602527824938695
0 0.46507144878324846 0.2917059674275294 0.06455149971703454 0.1226183738917186
0 0.6326400679117148 0.2869898761240018 0.06720430107526881 0.07545746085644219
0 0.6817168930390491 0.30349619568634845 0.05040322580645153 0.06759730868389607
0 0.31695670628183364 0.34594101741809724 0.13087153367289184 0.09589385650506202
0 0.2904286926994907 0.8340564673332076 0.2511318619128466 0.28925359994969496
10 0.5312813580440665 0.9088693957115009 0.1266704474659133 0.18106646544677107
10 0.5848896434634974 0.7593850216940201 0.13087153367289195 0.14619883040935672
10 0.6016907187323146 0.691787713010124 0.05836162988115444 0.17135131736150414
0 0.5313914827391059 0.45205307174746906 0.09284804753820032 0.09432182607055269
10 0.32700142809139787 0.5759035244922341 0.09030577956989244 0.1437425328554361
0 0.46587281586021506 0.588504330943847 0.18323672715053763 0.18014486260454002
0 0.4293829805107527 0.4410282258064516 0.11550739247311828 0.0793384109916368
0 0.5501407090053764 0.37662410394265233 0.08400537634408602 0.0942727001194743
0 0.6089444724462365 0.432627688172043 0.04200268817204301 0.1838784348864994
10 0.6666981686827957 0.6314404121863799 0.07560483870967742 0.15774342891278376
10 0.7921811995967742 0.7005114994026285 0.1648605510752688 0.10360663082437276
10 0.6714234711021505 0.7443809737156512 0.06195396505376344 0.0812051971326165
10 0.7155262936827957 0.6963112305854241 0.09975638440860216 0.12880824372759855
0 0.13425158275550195 0.34641967864759543 0.061865641644055884 0.09323462745229398
10 0.23128956888754898 0.4109023102089125 0.06374987438448397 0.043546712223227195
