2 0.2171875 0.886574074074074 0.076041666666667 0.089814814814815
0 0.5079584040747029 0.36559139784946243 0.08312110922467462 0.10689806954662648
0 0.5247594793435201 0.584103628246243 0.08488964346349742 0.06916933911840525
0 0.7950688844086021 0.6362629430505775 0.02415154569892473 0.04418060533651941
0 0.6802615367383513 0.6459080047789725 0.03185203853046582 0.05351453604141772
0 0.511375728046595 0.6720430107526881 0.03710237455197135 0.04106929510155317
0 0.46202256944444453 0.6135503783353247 0.011900761648745544 0.03609119872560737
0 0.2112315188172043 0.6739097968936678 0.08505544354838708 0.06471525288729585
0 0.2961119511648746 0.41816009557945044 0.08540546594982074 0.07716049382716048
0 0.3675165210573477 0.4418060533651932 0.06300403225806452 0.04853643966547192
2 0.15499370338080015 0.9087044033280591 0.0514627530756563 0.06404253716081669
9 0.28062336530078463 0.6961262337606423 0.02785043107623753 0.01775969517905006
0 0.3007534454036045 0.7605970350177529 0.02934272300469484 0.07235768253487469
0 0.3350278933980807 0.7049048701840932 0.057990808185917425 0.02569340065004303
0 0.3240483252997157 0.6430327249756245 0.14367816091954028 0.08720251582691332
0 0.3186410826844642 0.5039893434405855 0.14754047707329132 0.1620456199618231
0 0.14985786676554194 0.5139455361924773 0.14213323445803977 0.06660349634024082
0 0.26939932606391037 0.7479765089942282 0.022007042253521118 0.03281336766116412
0 0.32276048765712556 0.7309387988624699 0.028396183552930495 0.038282262271358024
0 0.16921867313233535 0.6315349716150896 0.06259224119755426 0.043338721390587275
0 0.07880637694145755 0.2596906942785079 0.019601254480286743 0.051440329218106984
0 0.20621453106332135 0.20908004778972522 0.02986857825567504 0.05641842559405284
0 0.4181856679923405 0.5237230159899184 0.03636397112976874 0.08674162452333027
0 0.04395897775813817 0.7184825125611694 0.042808219178082196 0.0376425917742754
0 0.18466751872119824 0.03825311486601809 0.06777973790322583 0.07650622973203618
3 0.48645407645711986 0.945447175285885 0.1649204417007221 0.10791090629800319
