1 0.784375 0.630555555555556 0.075 0.088888888888889
0 0.3324647494420775 0.326863686571538 0.03677216473929804 0.04621176258425191
0 0.33707689686506137 0.4339357531088563 0.04851014690292292 0.03575815706665321
0 0.28986824170831443 0.4434011476264998 0.05063986066939273 0.0605785249129184
0 0.21124551971326166 0.4074074074074074 0.03405017921146955 0.026284348864994027
0 0.19556451612903225 0.4398645957785743 0.012992831541218663 0.022700119474313024
0 0.022483791903858318 0.30936819172113295 0.04397928526249209 0.07335371424555487
0 0.737315188172043 0.5104811556424459 0.021383186705767464 0.025795590311719314
0 0.5925968352883676 0.4599082220049962 0.01527370478983376 0.021043771043771056
0 0.7653806207233628 0.4368279569892473 0.020237658846529897 0.031905072227652924
0 0.958869210766744 0.4244071184825981 0.02855084686204237 0.028111603064164704
0 0.8710204511912292 0.5007379295804343 0.029868578255674964 0.030844675584291877
