9 0.304166666666667 0.629166666666667 0.048958333333333 0.087962962962963
9 0.3354388091242464 0.6666045123997763 0.03146559761327618 0.02935062603158827
9 0.3614659083846106 0.6602164349693718 0.032242525949406416 0.03176773641066012
0 0.5073152267952046 0.6821296639613288 0.019697812384130486 0.03158516321289767
0 0.5230541651217403 0.6946607341490545 0.014869917191941657 0.04291462393056764
0 0.5104050797182054 0.7465015998571801 0.010042021999752753 0.03261511418723125
0 0.41568177604746015 0.6932874661832764 0.043064825114324516 0.02986857825567503
0 0.43595893585465334 0.7034153174308903 0.01873223334569275 0.024032189401117916
0 0.3554296440489432 0.601621829467584 0.0453822148065752 0.054587401639681864
0 0.2745141206278581 0.5810228099809116 0.029546718576195806 0.033988382153009505
0 0.3510845383759733 0.6316620662189814 0.03707823507601037 0.0274653593155632
0 0.39463215300951676 0.642304892953762 0.024911939191694484 0.017165849572226947
0 0.4385659992584353 0.6277139208173691 0.012359411692003469 0.04016808799901128
0 0.41684047089358545 0.6574108405773218 0.04036120380669878 0.02403218940111778
0 0.1985230503028056 0.7150880951400047 0.06643183784451862 0.030211895247119556
2 0.1768940798417995 0.6678820088163804 0.025105054999382013 0.03536165011878775
0 0.2483469286861945 0.6328636756890372 0.026263749845507355 0.02712204232411867
0 0.2581958348782598 0.6661654238591576 0.026649981460882485 0.02986857825567503
0 0.22275908416759363 0.6196459715184224 0.028388023730070447 0.028151993298452388
0 0.20132322951427514 0.6469396723382634 0.029546718576195768 0.024375506392562446
0 0.08912294524780622 0.5448028673835126 0.03765758249907305 0.04463120888779028
0 0.13305679149672478 0.6258256773644242 0.027422444691632693 0.030211895247119626
