1 0.45625 0.756481481481482 0.071875 0.085185185185185
1 0.241158434139785 0.8347645360414179 0.09800627240143371 0.11138490641178808
1 0.8467130987292278 0.5579269396473697 0.08044151189312483 0.0742188914231925
0 0.576241134751773 0.5435318640534839 0.1036662091054679 0.09087673809705377
0 0.5971531114161519 0.6004092630722693 0.08972489132921528 0.08769922977198208
0 0.5556866277739647 0.6601464195836193 0.13905570807595513 0.0953252497521544
10 0.5612274079158087 0.6871552403467297 0.06863417982155115 0.09596075141716873
0 0.6927762525737816 0.6318665954904803 0.037176847403340124 0.03749459823584734
0 0.5179735758407686 0.6299600904954371 0.046471059254175176 0.0540176415262209
0 0.4384365705788149 0.6862019878492083 0.0761410432395333 0.04575611988103398
1 0.3865927419354839 0.6937656131204519 0.06834982893450638 0.07331378299120236
2 0.351845063538612 0.7714917997176062 0.050785068426197455 0.10793418051482558
0 0.39040529363110005 0.7949636981895046 0.05040322580645161 0.06708942192813165
0 0.8214310979060555 0.8128340564673332 0.35282258064516137 0.3505627868955542
