3 0.6453125 0.794444444444444 0.16875 0.2
3 0.43492541269120105 0.7706934558365726 0.0690973799787975 0.06394399851919155
3 0.4687641980917765 0.7315698251636462 0.05063986066939269 0.04879936729096197
0 0.5002366348629411 0.7202113517424741 0.025556565197637496 0.06394399851919155
0 0.36973250795093143 0.7048563784138523 0.06886074511585646 0.06520605112154411
0 0.42498674844767537 0.6438571693001498 0.02082386793881566 0.052585525098019475
0 0.5836065815904525 0.5198576811480037 0.03840245775729644 0.03610487481455222
0 0.5087614496216646 0.6320854905084295 0.03459776981282353 0.031417319350413746
0 0.6068153067678684 0.731569330241057 0.016603415559772322 0.03724787406001835
0 0.681427438694206 0.4484283540909208 0.014504525411928598 0.036529915852264436
