3 0.431770833333333 0.803240740740741 0.2625 0.310185185185185
0 0.7661644029428409 0.6202603282399547 0.21576117713638937 0.20121989561717904
3 0.763069468024901 0.8379865434194806 0.3262945670628184 0.2405206564799094
0 0.4451754385964912 0.10935043702446078 0.3961516694963214 0.21694019996227126
0 0.5871686132740082 0.377435834054299 0.05967278457545418 0.16582210686771312
0 0.5796370967741936 0.5149342891278376 0.03765758249907305 0.07827627404935525
0 0.36238181312569523 0.45674205907798787 0.16047923618835744 0.1761216166110493
0 0.43943502039302934 0.4505623532319862 0.08400537634408602 0.23173896922506487
0 0.4038051538746755 0.6086598277921972 0.3209584723767149 0.32340460594075726
0 0.04058105872622001 0.572098152743314 0.07909429280397022 0.14612627515853324
3 0.04678453267162944 0.7692307692307692 0.09356906534325889 0.23711055969120484
3 0.22849462365591397 0.8671078025916735 0.20161290322580644 0.25273412370186565
3 0.319995864350703 0.8445914897527801 0.1095947063688999 0.13601691021045856
0 0.7454614081602593 0.955794504181601 0.18089924878479904 0.07692181797351924
3 0.6319966121667403 0.9517029181191797 0.04971277065841799 0.08346835567339317
