10 0.547916666666667 0.185648148148148 0.255208333333333 0.302777777777778
3 0.9407811511701454 0.1424555485276549 0.11661922833649586 0.249490477194462
0 0.7558933002481389 0.3759305210918114 0.10856079404466494 0.11373035566583958
3 0.5733204134366925 0.2926657590323507 0.047928648828873835 0.0453817157993202
0 0.3780241935483871 0.3941324837382185 0.030988649940262826 0.05044470994291784
0 0.4144265232974911 0.48805256869773 0.0851254480286738 0.12544802867383512
3 0.5294205495818399 0.6297623788663215 0.09931302270011944 0.2256737023762113
0 0.3377016129032258 0.6656046727731315 0.09744623655913978 0.11947431302270005
0 0.1825207722385142 0.5244379276637342 0.14713668947539915 0.08598530103906452
0 0.1860846366894754 0.7131530357336809 0.09826083414793092 0.08689040947105452
0 0.04429374389051807 0.3705694942254083 0.08655099380905833 0.09322616849498573
