1 0.703125 0.644444444444444 0.059375 0.07037037037037
2 0.5669171032074257 0.6633836759284788 0.05341880341880339 0.09854077954436387
0 0.5537060012866464 0.6319833757109743 0.07926661152467601 0.030634439236589768
0 0.5762510339123241 0.6166661560926794 0.07151226909291429 0.04288821493122556
0 0.5479620439297859 0.5612688784731795 0.024699016634500484 0.04237764094394923
0 0.5720866648286003 0.6876359403241122 0.13096222773642124 0.08781872581155742
0 0.5998012590754526 0.4714078567125162 0.019242257145482954 0.08016011600240991
0 0.6066940079036853 0.5663746183459445 0.03130456759489014 0.05054682474037314
0 0.40852747909199516 0.7504365407591213 0.02441181876665751 0.10211479745529936
0 0.3739201360169102 0.7425226439563357 0.045377263119198624 0.08322355992606885
0 0.6910472785722204 0.7266316865585241 0.05750471122935356 0.15149835568857842
1 0.8742736005692597 0.5568820718251458 0.02693113535736871 0.05622320612832947
