1 0.035677083333333 0.64537037037037 0.071354166666667 0.085185185185185
0 0.07550828080583365 0.7700600118101044 0.0374644666913855 0.06660349634024089
0 0.1652799863698319 0.6556363269221062 0.01822088444646374 0.024820367846265123
0 0.2527165682265637 0.6926565365911119 0.031235801908223528 0.027344473050970076
0 0.20724258289703315 0.655701301707044 0.028148398356133544 0.026584598447459442
0 0.2183260147497607 0.6799402002914923 0.024629848561616846 0.015012479123271135
0 0.20002955581827392 0.6971419992869072 0.01090750436300173 0.04941607711410104
0 0.19193689129088554 0.729199897414726 0.032018803130101914 0.023456998630111234
0 0.22034918088160782 0.6320879230860652 0.015305691606147611 0.027522878392663975
0 0.47873613911290325 0.6039053166069295 0.0766549059139785 0.04853643966547192
