10 0.36953125 0.849074074074074 0.084895833333333 0.116666666666667
10 0.2847492584352985 0.8589379145552671 0.04692714126807565 0.07621637210068809
10 0.4658375059080703 0.8649423306681371 0.0964215555949427 0.09667080231596362
10 0.5033122119815667 0.8042328042328042 0.06576420890937022 0.06741764806280938
10 0.5359543010752688 0.7611367127496158 0.05712365591397849 0.05291005291005297
0 0.38666474654377875 0.8857313534732889 0.07344470046082945 0.06315070831199868
0 0.5258736559139785 0.6583034647550776 0.11184715821812598 0.08619218296637647
10 0.5191532258064516 0.5989930022188087 0.09360599078341017 0.05461682881037714
10 0.3811443932411674 0.4539170506912443 0.12480798771121349 0.08363201911589008
10 0.32570084485407064 0.25721112817887015 0.06576420890937022 0.048643113159242204
10 0.4089861751152073 0.339136371394436 0.03648233486943168 0.05034988905956644
10 0.42794738863287246 0.47823860727086537 0.06864439324116742 0.053763440860215055
10 0.5438748079877112 0.3267622461170848 0.05088325652841786 0.06315070831199861
0 0.6305203533026112 0.4112476531831371 0.03120199692780339 0.08192524321556585
10 0.6175595238095237 0.4709848096944872 0.05136328725038396 0.04096262160778289
10 0.06514702655255651 0.6194743130227002 0.12617950405968842 0.08168141808694815
0 0.7016129032258065 0.8406288924476981 0.05505033173186918 0.0673631764915225
10 0.8717684740334021 0.4942804850148707 0.06076984671699836 0.07880220646178089
0 0.6671997220895449 0.4985581678246628 0.046526054590570756 0.047483380816714195
10 0.5104827221762706 0.5492703897721819 0.0778306221854609 0.08679757783700434
10 0.7712583861777411 0.46170695095426284 0.05485479275801858 0.033187309172972246
0 0.30029237335106973 0.49753661210262473 0.0616616783061745 0.08006010666469596
10 0.421594982078853 0.6194743130227002 0.07904505888376855 0.10354440461967346
10 0.198292555130308 0.5239657371970111 0.051542281756879894 0.04556223801713141
10 0.25965919445963187 0.5113095599700302 0.014807727355567697 0.03341230787922971
0 0.14233827415602654 0.5579192083248462 0.044426867247719215 0.03657918121382565
0 0.9658668525155979 0.5973494402407187 0.06513009425195808 0.12389928757909648
