0 0.8621688741721855 0.19317698523604104 0.0269039735099339 0.08354091986147397
0 0.5300082781456954 0.5637948842578528 0.17384105960264895 0.08354091986147394
0 0.6077090992647058 0.35580814894765245 0.04250919117647065 0.053966540744738264
0 0.6200597426470589 0.39839112250404746 0.036190257352941214 0.04975040474905558
0 0.5637637867647058 0.34906233135456016 0.04078584558823532 0.04890717754991903
0 0.5427964154411764 0.40007757690232054 0.04710477941176476 0.05143685914732868
0 0.4965533088235293 0.4468766864543982 0.044232536764705885 0.053966540744738264
0 0.3908547794117648 0.39712628170534264 0.045381433823529396 0.06071235833783054
0 0.3532284007352941 0.3777320561252024 0.045955882352941166 0.06408526713437668
0 0.3980353860294118 0.4460334592552617 0.03791360294117645 0.05059363194819213
0 0.36012178308823534 0.45404411764705876 0.04021139705882355 0.054809767943874814
0 0.4302045036764707 0.564506880733945 0.0390625 0.06830140313005936
0 0.39918428308823534 0.5982359686994064 0.028722426470588223 0.05143685914732868
0 0.22943474264705888 0.4713302752293578 0.03963694852941173 0.04384781435509985
0 0.2641888786764707 0.46627091203453863 0.02642463235294117 0.026983270372369167
0 0.05146329365079365 0.39743216348720933 0.04174933862433862 0.03761953303237708
