0 0.6872930463576159 0.6164232362635702 0.26903973509933765 0.1859747800054432
0 0.283216059602649 0.338217061296078 0.2535182119205298 0.21016662130696429
0 0.5377690397350994 0.4614442529257008 0.17280629139072853 0.11491124618222502
0 0.3566846026490066 0.6111312709788623 0.29490894039735094 0.3598536393601257
0 0.22526903973509932 0.43725241162417977 0.15831953642384106 0.10583930569415462
0 0.5056933198380567 0.3853825818497772 0.03226214574898787 0.036973360693620214
0 0.31219951923076916 0.08310753173766872 0.025326236263736267 0.015680666365597874
0 0.2943853021978021 0.08937979828390788 0.02060439560439562 0.028225199458076177
0 0.5182434752747251 0.060840985498519747 0.027043269230769253 0.01756234632946961
0 0.548076923076923 0.08718450499272416 0.022321428571428558 0.02508906618495659
0 0.4688787774725275 0.04923729238797732 0.019316620879120804 0.018189572984093533
0 0.4115728021978022 0.2697074614882834 0.029189560439560447 0.043905865823674034
0 0.4332503434065934 0.0758944252094937 0.02017513736263732 0.01505343971097396
0 0.4115728021978022 0.07965778513723719 0.01717032967032974 0.013798986401726127
0 0.4113581730769231 0.04076973255055446 0.015882554945054927 0.021325706257213105
0 0.46780563186813184 0.12011390436047968 0.021462912087912046 0.0169351196748457
0 0.5197458791208791 0.13579457072607756 0.0248969780219781 0.015680666365597874
0 0.37079326923076916 0.19851723618846906 0.022321428571428603 0.014426213056350033
0 0.308336195054945 0.10443323799488183 0.024467719780219756 0.00815394651011089
0 0.2679859203296703 0.008781173164734807 0.018458104395604424 0.012544533092478298
0 0.5826322115384615 0.0316749460585077 0.019316620879120894 0.021952932911837024
0 0.5255408653846153 0.010349239801294596 0.023609203296703372 0.019444026293341358
0 0.48798076923076916 0.014739826383662 0.024038461538461585 0.014426213056350043
0 0.5504378434065934 0.04986451904260124 0.013307005494505563 0.01442621305635004
0 0.47896634615384615 0.07840333182798936 0.01631181318681323 0.02634351949420443
0 0.4881953983516484 0.08498921170154046 0.013307005494505475 0.021952932911837017
0 0.4922733516483516 0.17342817000351246 0.02060439560439562 0.009408399819358699
0 0.37422733516483514 0.03857443925937076 0.018887362637362636 0.013171759747102215
0 0.379378434065934 0.03230217271313162 0.015453296703296671 0.016935119674845702
0 0.3986950549450549 0.03292939936775553 0.018887362637362636 0.020698479602589193
0 0.34696943681318676 0.030106879421947914 0.015024038461538458 0.015053439710973953
0 0.19898504273504272 0.07935578711834419 0.021367521367521358 0.014310059972160429
0 0.14423076923076922 0.03577514993040107 0.015135327635327633 0.023416461772626154
0 0.6140936609686609 0.011383002250582157 0.01736111111111116 0.016261431786545943
