0 0.2863203642384106 0.23615773080528588 0.3818294701986755 0.22982249236445004
0 0.8761382450331124 0.27093350267622246 0.24317052980132442 0.2630862741540416
0 0.7198882450331124 0.5786234842299435 0.3569950331125827 0.20411866098158388
0 0.40531870860927155 0.5408237321963169 0.3383692052980133 0.21923856179503462
0 0.5812293046357616 0.7744261997641295 0.43149834437086093 0.25703831382866127
0 0.18998344370860926 0.6254951767516405 0.3799668874172185 0.24947836342193586
0 0.2775248344370861 0.8122259517977561 0.2835264900662252 0.1905107502494784
0 0.568294701986755 0.9218452326952735 0.1262417218543046 0.10130333545011942
0 0.27865763332171484 0.972254982007318 0.14674102474729883 0.050923825939701815
0 0.4494803164091243 0.9783029423326983 0.12794334069168523 0.03882790528894137
