0 0.48861754966887416 0.1174665094196982 0.3373344370860927 0.19202274033082342
0 0.568294701986755 0.3261211406453174 0.32491721854304634 0.20109468081889387
0 0.3654801324503311 0.29814932414043366 0.22971854304635766 0.11188726601953491
0 0.4099751655629139 0.6164232362635702 0.44495033112582777 0.249478363421936
0 0.8614911009933774 0.16192144376547812 0.273892798013245 0.2180241178214886
0 0.8637210264900663 0.4183525356073664 0.26593543046357604 0.24645438325924582
0 0.9014900662251655 0.5650155734978378 0.14693708609271514 0.09525537512473907
0 0.7338576158940396 0.5408237321963167 0.21937086092715213 0.10735129577549965
0 0.7147144039735099 0.6202032114669327 0.17280629139072845 0.08467144455532365
0 0.9541028559602648 0.6268752587327856 0.0886692880794703 0.11615942006317016
0 0.8456125827814569 0.6852187849647705 0.1903973509933774 0.1270071668329856
0 0.816639072847682 0.7683782394387493 0.06208609271523171 0.07862348422994342
0 0.6252069536423841 0.7865221204148901 0.3663079470198675 0.2147025915509994
0 0.6606421475875118 0.9193353291602406 0.2023084200567645 0.15676313163385658
0 0.5481167218543046 0.9165532674105658 0.2493791390728477 0.15724696845988684
0 0.41566639072847683 0.7373824427711754 0.15831953642384106 0.0861834346366688
0 0.4399834437086093 0.8674135897668511 0.11796357615894042 0.10130333545011942
0 0.41307947019867547 0.8243218724485167 0.06829470198675498 0.06955154374187303
0 0.30649834437086093 0.8674135897668511 0.13865894039735097 0.08920741479935898
0 0.23872102649006618 0.7290664973237775 0.22454470198675494 0.21167861138830923
0 0.13834850993377484 0.6020593304907921 0.12313741721854306 0.12398318667029543
0 0.05298013245033112 0.4765641537391514 0.103476821192053 0.18143880976140786
0 0.04470198675496688 0.7698902295200943 0.08485099337748345 0.10583930569415462
0 0.18232615894039733 0.6058393056941547 0.2876655629139073 0.15271099821585177
