0 0.6003725165562914 0.5075946290783158 0.2524834437086092 0.21720639163983227
0 0.9416856374172184 0.09883488980663675 0.11350372516556302 0.16218767255938196
0 0.8456125827814569 0.10659821374324079 0.1345198675496687 0.12910869433136885
0 0.9670374586092715 0.32948538793365334 0.06280008278145707 0.14047025943252944
0 0.9708622685185185 0.49905456764953876 0.05515046296296298 0.12892802758585978
0 0.8136574074074072 0.21627590893645937 0.17129629629629636 0.10703363914373086
0 0.6950231481481481 0.14322120285423037 0.05208333333333339 0.05266734624532788
0 0.5792824074074073 0.1967380224260958 0.23495370370370364 0.1563030920829086
0 0.7563657407407407 0.3292558613659531 0.20486111111111108 0.14950730547060817
0 0.7216435185185184 0.3352021746517159 0.23495370370370364 0.13421678559293235
0 0.7291666666666666 0.47706422018348627 0.12962962962962968 0.15970098538905883
0 0.7696759259259258 0.5339789330615019 0.19444444444444448 0.22595990485898745
0 0.5040509259259259 0.6698946653075093 0.29050925925925924 0.17838939857288486
0 0.6730324074074073 0.7743798844716276 0.2627314814814815 0.15970098538905875
0 0.4837962962962963 0.77013251783894 0.28009259259259256 0.20557254502208627
0 0.5734953703703703 0.8805640502888209 0.25115740740740744 0.17159361196058437
0 0.7899305555555555 0.917940876656473 0.04976851851851851 0.045871559633027525
0 0.39988425925925924 0.12708120965001699 0.21875 0.19707781175671077
0 0.19523148148148145 0.06523955147808361 0.09333333333333335 0.13047910295616716
0 0.07781986531986533 0.05079850492694529 0.15101010101010104 0.10159700985389059
0 0.17071759259259256 0.3207611281005776 0.2997685185185185 0.34998301053346914
0 0.31423611111111105 0.40400951410125724 0.32291666666666663 0.19707781175671082
0 0.28298611111111105 0.5093442065919129 0.3483796296296296 0.12572205232755684
0 0.203125 0.5934420659191302 0.39467592592592593 0.29391777098199123
0 0.21817129629629628 0.6928304451240231 0.38541666666666663 0.22086306489976223
0 0.09259259259259259 0.8329935440027184 0.18287037037037038 0.1953788651036357
0 0.14641203703703703 0.8984029901461094 0.2581018518518518 0.1902820251444104
0 0.26192728288633454 0.9514525993883793 0.11734913793103452 0.09250764525993879
0 0.02719907407407407 0.4957526333673123 0.05439814814814814 0.11552837240910638
0 0.05960648148148149 0.3178386281239576 0.11921296296296294 0.1878349184973206
