0 0.9537037037037036 0.038203190596137686 0.07201646090534988 0.0761886991945766
0 0.8729423868312756 0.15093136797586837 0.10802469135802463 0.1057312560251267
0 0.9362139917695473 0.06619087601455358 0.05349794238683122 0.06996921354603973
0 0.7001028806584362 0.29086979506794786 0.1697530864197531 0.19280405510464285
0 0.6574074074074074 0.2014646888702304 0.11728395061728397 0.1072861274372609
0 0.7463991769547325 0.3312964517834375 0.06893004115226338 0.062194856485368724
0 0.6337448559670782 0.4082625866840812 0.1460905349794238 0.12594458438287154
0 0.559670781893004 0.4098174580962154 0.10905349794238683 0.09795689896445563
0 0.5216049382716049 0.3398482445501757 0.10288065843621401 0.12594458438287157
0 0.37397119341563784 0.5054420499424698 0.1306584362139918 0.07463382778244236
0 0.36625514403292175 0.5761886991945765 0.16460905349794241 0.11039587026152939
0 0.36213991769547327 0.6912491836925084 0.06790123456790122 0.11661535591006619
0 0.3113358024691358 0.9100584631650962 0.0851473251028807 0.17484529029449275
0 0.19907407407407404 0.5870727990795161 0.08539094650205761 0.1010666417887241
0 0.13528806584362138 0.69358149081071 0.15123456790123455 0.13371894144354257
0 0.17541152263374485 0.766660447181018 0.1718106995884774 0.14926765556488472
