1 0.779166666666667 0.34537037037037 0.063541666666667 0.075925925925926
0 0.140545415959253 0.14393510658366343 0.0813525749858517 0.2861095390806766
0 0.32712577815506516 0.3333647739420235 0.18923316355404649 0.14305476954033836
0 0.45313384267119416 0.29642205873105704 0.10169071873231471 0.08488964346349745
0 0.6016486320947325 0.49793566535093686 0.05912277119912885 0.09905781649350452
0 0.6831019463726691 0.5175959953420141 0.07145773785218462 0.0657864888162969
0 0.5563495304205799 0.5557824055169911 0.05614536545528789 0.1950909668345356
10 0.6684275894923097 0.6548402220104956 0.11696951136518308 0.1224989791751736
10 0.9121423771121352 0.7111142967031169 0.175043202764977 0.2067481359902924
0 0.39624689826302734 0.6874368164690745 0.08529776674937964 0.4282694605275251
0 0.46422663358147226 0.5670434702692767 0.07857733664185276 0.09190331770976937
0 0.41640818858560796 0.6313757926661152 0.27346980976013235 0.3841558680268357
0 0.27476220016542596 0.5440676408418343 0.15250206782464845 0.14704530833563093
0 0.27166046319272125 0.40483411451153384 0.11734904880066171 0.15347854057531476
