1 0.490364583333333 0.510648148148148 0.106770833333333 0.126851851851852
10 0.7247143817204301 0.10874029271206691 0.15698504704301075 0.13534199522102747
0 0.7018754200268817 0.6025052270011948 0.1701108870967742 0.15774342891278376
0 0.6338835685483871 0.5843040621266428 0.051978326612903226 0.07280465949820789
10 0.7654044858870968 0.5072991338112306 0.05565356182795699 0.3276209677419355
0 0.8302461357526881 0.5147662783751493 0.10238155241935484 0.07373805256869773
0 0.8958753360215054 0.7359804360812425 0.09398101478494623 0.09053912783751493
3 0.8000567036290323 0.6365740740740741 0.12495799731182795 0.12880824372759855
10 0.9108387936827957 0.5964381720430108 0.0850554435483871 0.06160394265232975
3 0.38680631492618917 0.5624405159670333 0.0931178239475123 0.0769495575400441
0 0.29422635989879825 0.3962351258179183 0.5884527197975965 0.5918939637730211
