1 0.44140625 0.327777777777778 0.0859375 0.101851851851852
10 0.5088426711941143 0.6729233477960133 0.21929824561403513 0.27510532603911203
10 0.5804558533999697 0.5239789994446968 0.058212176283507444 0.12283978662897341
0 0.6855217325458125 0.6358809968532823 0.17368998939875804 0.10096420818819718
0 0.6100352112676056 0.7629276254900971 0.1713236407693472 0.14303262826661284
0 0.40463615023474186 0.41207700203611153 0.029342723004694878 0.06226126171605501
10 0.3495002271694685 0.5685715247278174 0.057265636831743176 0.09255052417251411
0 0.33743184915947305 0.49326905278745353 0.025556565197637496 0.06478536692075997
0 0.5101752991064669 0.46550389553569926 0.02082386793881566 0.07992999814898955
0 0.3712706345600485 0.6577565752940583 0.07808950477055884 0.0959159977787874
0 0.4519631228229593 0.5950746293772191 0.08897470846584886 0.07992999814898948
0 0.24310646790485502 0.19995655479526453 0.03105653307266209 0.030773686687665173
0 0.11124348321928965 0.4253285543608125 0.02698354512870642 0.04344520473552733
0 0.2089951938742261 0.5787444335831433 0.13389947865754315 0.0968466022229463
10 0.2927460084718149 0.5936787227109808 0.11098892147279242 0.11404366243075911
0 0.17132005539263603 0.6810216863980305 0.19092130987292275 0.1728757105101191
10 0.17437479635060282 0.761123782629159 0.17972059302704466 0.17921146953405018
0 0.3266027207559466 0.8348901198363563 0.28460003258390354 0.21994134897360706
