7 0.226822916666667 0.342592592592593 0.108854166666667 0.12962962962963
0 0.5203551488833746 0.25530741659773915 0.12988523573200988 0.09764727506662986
10 0.3830386683209263 0.5155086848635235 0.0801282051282051 0.3928866832092638
0 0.6411936517783292 0.6194743130227002 0.06268093465674116 0.1826578439481665
0 0.7054900744416873 0.8302775480194834 0.1873966087675765 0.1952945501332598
0 0.7898185483870968 0.4523251539380571 0.12988523573200988 0.12636706185093283
0 0.8360215053763441 0.2937919308887051 0.09305210918114136 0.15853322304935208
0 0.6775313620071685 0.27628434886499403 0.040322580645161366 0.13839107925129432
0 0.7832127424379458 0.3332998358623924 0.08667470605969244 0.09937583045813378
0 0.1577380952380953 0.8541559993172897 0.020161290322580645 0.05120327700972866
0 0.6272081413210445 0.5170677590032429 0.03360215053763433 0.09387267451783579
