7 0.235416666666667 0.514814814814815 0.078125 0.092592592592593
0 0.3779711375212224 0.37973967176004525 0.17066355404640635 0.1823555304030686
0 0.817451895868704 0.16122744136326483 0.08046830786644027 0.1289064956297554
2 0.5038040170419964 0.5108653997881021 0.05674325420977888 0.06142783075223736
0 0.5697403124365996 0.5074840513063276 0.11063349563806045 0.18428349225671195
0 0.47844390342868737 0.6201956673654787 0.1410656319740312 0.1268005680665449
10 0.5488182187056198 0.7255810283807849 0.16071972002434573 0.1076395933364893
0 0.37525994116453637 0.6125876332814859 0.12299655102454864 0.18484705033700768
0 0.7763334748160725 0.44733698044394143 0.1308715336728919 0.09117776520153424
0 0.9049759184587812 0.5544354838709677 0.031151993727598616 0.05600358422939068
0 0.14276713709677424 0.7497013142174432 0.025201612903225805 0.052270011947431305
