9 0.163802083333333 0.098148148148148 0.119270833333333 0.140740740740741
0 0.49602079796264864 0.4496950260957052 0.15209394453876623 0.1619191347544488
0 0.15867289190718736 0.46777337609256125 0.08046830786644027 0.20121989561717915
0 0.12772354272778727 0.2775576935169465 0.029180814940577258 0.17606740866503176
0 0.07466751556310136 0.2241086587436333 0.07869977362761744 0.07545746085644216
0 0.07732031692133566 0.09048607181035026 0.07339417091114886 0.10375400867760799
0 0.3545380588568195 0.037823052254291646 0.08312110922467458 0.07074136955291455
0 0.27230121675155633 0.1400050304973904 0.07250990379173741 0.1179022825881909
0 0.05656656762874931 0.7330741901624755 0.11313313525749866 0.1438821412505626
0 0.263458545557442 0.6642771804062126 0.1768534238822864 0.11004213041564478
0 0.2846809564233164 0.5023580456517639 0.1397142048670063 0.11318619128466323
0 0.34657965478211666 0.41353832610199337 0.1291029994340691 0.15563101301641205
0 0.3704548670062253 0.2390429478714708 0.09726938313525751 0.09903791737408035
0 0.5751627051499717 0.37030748915299005 0.07339417091114885 0.1446267999748476
0 0.6308715336728921 0.3152864239451676 0.05747736276174304 0.06602527824938685
0 0.6392720713073007 0.26498145004087276 0.044213355970571584 0.05344903477331324
0 0.5024501568100359 0.32419852648347275 0.027651769713261675 0.06347072879330944
0 0.5460279457885305 0.28904072082835525 0.04830309139784946 0.1039177618478694
0 0.5241515456989247 0.2461046395858224 0.04025257616487458 0.047914177618478715
0 0.5071754592293907 0.2756620868180008 0.018901209677419355 0.0435583432895261
0 0.7767510454002389 0.10205097570688969 0.11620743727598556 0.0929244656843223
0 0.6194743130227002 0.13274923669188904 0.09940636200716843 0.11449621664675426
0 0.6948458034647551 0.1700849595114828 0.047603046594982025 0.06803398380459312
0 0.5819268928056757 0.041194004113857784 0.08036803015186784 0.04310928820406705
0 0.5247685954993903 0.07691312862579905 0.02979159738388205 0.09484043404894751
0 0.6602164394191331 0.0913855325228787 0.015242212615009425 0.035103277537597455
0 0.6865438975723313 0.1114005591890527 0.024248974614787738 0.04803606399881759
0 0.7045574215718877 0.06983088842084519 0.07551823522891025 0.08560272943379028
0 0.4671230757329621 0.05755825447169148 0.05439197029473194 0.060166920227259044
0 0.4908138005724453 0.042301642556922224 0.05197454939274387 0.06833243082952992
0 0.786510149733695 0.14738887214015342 0.08887297759019196 0.08151051262296362
0 0.8636066726962115 0.17195368416351234 0.11116973168525776 0.07146127134068044
0 0.8703585066827454 0.18256121662814456 0.04239523665963223 0.0870934244464543
0 0.7913777509798009 0.21633783316026306 0.034544266907848474 0.04633816813497248
0 0.7361069239272434 0.32436717694480727 0.034544266907848474 0.08821000681115237
0 0.8987790171842025 0.24397324668654183 0.047733896090845204 0.06252861242309538
0 0.8353431815897899 0.22108330821023012 0.03014772384684956 0.035730635670340245
0 0.923731055795445 0.3859349570550993 0.04312716958767263 0.04374453193350828
0 0.9299487765642198 0.05173614050931806 0.06561679790026252 0.0903112917336946
0 0.9861811155913979 0.3357228195937874 0.026251680107526883 0.09147252090800478
