1 0.530208333333333 0.850925925925926 0.05625 0.066666666666667
1 0.9107512880824372 0.943660394265233 0.040602598566308296 0.04666965352449223
0 0.8497678396871946 0.27951558596719883 0.04032258064516129 0.0749429781687846
0 0.4428763440860215 0.2197784294558488 0.031769305962854336 0.06408167698490282
0 0.46334310850439886 0.6135005973715651 0.03848973607038122 0.04778972520908005
0 0.5977517106549365 0.6042684913652655 0.028714565004887598 0.040186814380362826
0 0.3679915514592933 0.505810149627354 0.02200140809011781 0.020267963816350924
0 0.3972934267793139 0.5212778062240429 0.022201420890937053 0.019912385503783377
0 0.36271182115149037 0.6816690107829348 0.018502449979583464 0.05671249035887671
0 0.4355519259561726 0.6773210531887542 0.03147543214917651 0.03894257671309522
1 0.28056164526568533 0.9795733723074781 0.04893517068587536 0.034798343598844615
2 0.3802262762292515 0.911426616093074 0.10994101680759998 0.17457169038753756
0 0.3272131746528865 0.882138010230713 0.06850923896022552 0.0811961350639709
0 0.28790192086856664 0.7934022340536592 0.05448115669694126 0.0487176810383826
0 0.2810509969725441 0.6281101019591468 0.02577252322789433 0.04407790189186998
0 0.23945610188955005 0.9224460915660415 0.023488881929220193 0.10149516882996373
0 0.14273345926571732 0.18351685018351682 0.060241693306209446 0.034443045195733386
0 0.2747202848009299 0.14665202837245847 0.03541848299912816 0.03175218228981669
0 0.3269398430688753 0.35707750761514195 0.04238109076818754 0.02637045647798333
0 0.21099728761019082 0.2610137018739169 0.015741547999612502 0.02690862905916671
0 0.1853998655913979 0.48648446833930703 0.03990255376344086 0.05600358422939068
0 0.21543178763440865 0.5454749103942652 0.03612231182795699 0.0798984468339307
0 0.2442036290322581 0.5144862604540024 0.023941532258064516 0.053763440860215055
0 0.1759492607526882 0.6944444444444444 0.033602150537634407 0.04181600955794504
9 0.25839703741039427 0.7082897749900439 0.05127828181003587 0.03702459179609722
9 0.23337043570788532 0.7345803464755077 0.05442848342293902 0.06222620469932302
9 0.15103087698530138 0.7696392752622406 0.06165532208740258 0.03781526421360687
9 0.11835355627897799 0.8090986813981783 0.05179047055341817 0.042199642673155534
9 0.03403990332445499 0.7578562581522037 0.05579806648909934 0.04055550075082482
9 0.06677227342549927 0.7469491380781702 0.042602726574500774 0.05547021676053936
0 0.08850699778119135 0.718979348011606 0.017601126472094223 0.05072917259297189
0 0.03658900836320191 0.49867250763308113 0.037335722819593783 0.09690694278507896
