3 0.2625 0.771296296296296 0.133333333333333 0.157407407407407
0 0.6220288624787776 0.20445827831226812 0.09992218449349183 0.07388543042193299
10 0.46231924360400445 0.603510072920529 0.10428253615127915 0.14007333250937262
1 0.6251158694846125 0.6627322539447122 0.059093437152391536 0.04634779384501292
1 0.6016522988505748 0.7327689201993984 0.05735539488320361 0.06900671528035272
0 0.7207661290322581 0.5878136200716846 0.07526881720430108 0.054958183990442055
9 0.759744623655914 0.6278375149342891 0.0739247311827957 0.06690561529271206
9 0.8103158602150538 0.6012544802867383 0.060147849462365593 0.03882915173237754
9 0.9084341397849462 0.5612305854241338 0.05678763440860215 0.05913978494623656
9 0.9129704301075269 0.5253882915173238 0.05040322580645161 0.03763440860215054
9 0.977486559139785 0.5062724014336918 0.038306451612903226 0.044802867383512544
