1 0.484114583333333 0.769444444444444 0.0734375 0.087037037037037
0 0.12792618727598568 0.5507019115890084 0.05775369623655914 0.03858024691358027
0 0.28456121191756273 0.5827484070091598 0.04690300179211475 0.0491587017124652
0 0.289986559139785 0.6281735364396654 0.023451500896057374 0.03422441258462768
0 0.22558243727598568 0.7081342094782955 0.04165266577060929 0.033602150537634407
0 0.22470738127240145 0.7644489247311828 0.054603494623655914 0.05040322580645161
0 0.1505026321684588 0.7501368976503385 0.06580421146953404 0.07280465949820789
0 0.08277329749103944 0.8101851851851852 0.0850554435483871 0.10827359617682199
0 0.0692974350358423 0.7236907606531263 0.09520609318996417 0.06720430107526881
0 0.08119819668458783 0.6679983074472322 0.08050515232974911 0.047914177618478784
0 0.11865059363799285 0.6297291915571486 0.039202508960573486 0.033602150537634407
0 0.3929584826762246 0.7502323111642109 0.056376941457586635 0.04845347139253962
0 0.5137395459976105 0.7349661489446436 0.07467144563918755 0.037833532457188325
1 0.4838621250707415 0.9707287933094385 0.03581281833616298 0.05030497390429486
0 0.48762026032824 0.5792932151166447 0.04332908885116011 0.05502106520782246
0 0.5420026881720431 0.5737911085958625 0.045981890209394465 0.06445324781487773
0 0.5039792020373515 0.6905143683581714 0.044213355970571584 0.04008677607998481
0 0.5612354980192417 0.6857982770546438 0.03581281833616298 0.05580708042507704
0 0.5806893746462932 0.7313871596554109 0.04200268817204301 0.0416588065144941
0 0.5985957838143747 0.704269634660127 0.03890775325410296 0.02986857825567503
0 0.7159822439162421 0.6928724140099353 0.043771222410865965 0.04323083694900325
0 0.4889428820880434 0.8451480153989115 0.0456644609870416 0.0546314166385851
0 0.7679556106975461 0.6516404742211194 0.07754342431761793 0.05973715651135006
0 0.8034245473761603 0.7810709799957111 0.0680658946787979 0.0490151027785436
0 0.894322672548479 0.6825302004513475 0.02584780810587254 0.03574017910935473
