1 0.508072916666667 0.496296296296296 0.050520833333333 0.059259259259259
1 0.1665145059849868 0.47761547305065255 0.0301151349158044 0.023105881292125968
1 0.36606689997971187 0.44943756903586485 0.02028809089064716 0.03212281057685807
0 0.18220607628322175 0.1513153445594103 0.05389024142828158 0.08847861860643358
0 0.42405913978494625 0.39406610911987255 0.05689964157706098 0.07646356033452807
0 0.4431003584229391 0.2427319792911191 0.05913978494623656 0.11310234966148944
0 0.553336348105718 0.19121472995455507 0.07160084413626773 0.07536930961712389
0 0.6145739121696311 0.11361225560803492 0.0822781629986936 0.1021672863698791
0 0.7360528354365455 0.04732036183649087 0.09236022430736779 0.09464072367298174
0 0.6313844086021505 0.30794504181600957 0.08198924731182795 0.0985663082437276
0 0.7004368279569892 0.31989247311827956 0.07493279569892473 0.07467144563918758
0 0.7493909610215054 0.33602150537634407 0.09293094758064516 0.10827359617682199
0 0.5798051075268817 0.27768443847072877 0.06457913306451613 0.15587664277180407
0 0.48949932795698925 0.36589008363201914 0.056178595430107524 0.07093787335722819
0 0.5588037634408602 0.420493578255675 0.11813256048387097 0.08867234169653525
0 0.6050658791458429 0.6068369596311441 0.03880811752233832 0.07530247194036378
0 0.5475636074511587 0.6017887492217343 0.11973724064819019 0.09044710316859343
0 0.48201575041647743 0.5464687768186178 0.053006209298803605 0.1270466286368149
0 0.5614067469332122 0.5151278038601983 0.025319930334696344 0.03407542026351659
0 0.7324360650973554 0.44103243027974204 0.05116003099874066 0.08234040492105006
0 0.6891468080984209 0.5828409054215505 0.04873825438341568 0.059198983930166746
0 0.8716024492234169 0.6373954599761051 0.12208781362007173 0.09358821186778167
0 0.9410468936678614 0.3629364131156246 0.10566009557945039 0.08363201911589008
0 0.956354540023895 0.061927518916766275 0.08475209080047788 0.1161555821054029
0 0.4144672531769306 0.6428532638210058 0.07598668132942323 0.1072553491908331
0 0.37933773216031286 0.570218312153796 0.03780241935483871 0.09232106006299552
0 0.3426808406647116 0.6201124144672533 0.08515090420332355 0.12015314434669279
0 0.33924425708699907 0.560375257955903 0.04391190127077222 0.08485391549907684
0 0.2804404936461388 0.4935103725426306 0.044675586510263945 0.057021831215379626
0 0.24397452346041057 0.49588628217660474 0.08095063538611928 0.11200716845878136
0 0.2687942937438905 0.6727218420766807 0.02978372434017599 0.10725534919083317
0 0.27146719208211145 0.6041598783534267 0.030547409579667634 0.09639404800695124
0 0.18650720918866082 0.5362767459541653 0.05154875366568916 0.06788313239926143
0 0.20922684506353864 0.6140029325513195 0.09316959921798633 0.052270011947431236
0 0.19185300586510265 0.6068752036493973 0.04009347507331376 0.07059845769523186
0 0.24015609726295212 0.5518898664059955 0.057276392961876844 0.08010209623112843
0 0.14125885874877814 0.6133241012273271 0.03207478005865102 0.08892690344303254
0 0.10307459677419356 0.5987292277614858 0.04734848484848484 0.10997067448680346
0 0.04904386608015643 0.583455522971652 0.0736956256109482 0.07535027696318018
0 0.04942570869990227 0.5325431736722059 0.05154875366568916 0.05634299989138695
0 0.514616935483871 0.6774193548387096 0.0823252688172043 0.10513739545997611
