9 0.26953125 0.513425925925926 0.065104166666667 0.076851851851852
0 0.07864671760045279 0.17616173049110231 0.06189869835880021 0.06130918694585921
0 0.4805461233729486 0.362447336980444 0.1352928692699491 0.1351946173677923
0 0.4367749009620827 0.5762434760736967 0.09550084889643468 0.15091492171288445
0 0.6330822014714206 0.6768534238822864 0.16270514997170335 0.2641011129975477
0 0.8103777589134126 0.7782493869081306 0.14236700622524054 0.15563101301641205
0 0.5055771845260165 0.6856040319147476 0.13672599184278827 0.15861245004737776
0 0.39299066864417254 0.6921270547521937 0.025105054999382034 0.11947431302270012
0 0.09744623655913978 0.2789725209080048 0.1646505376344086 0.16278375149342889
10 0.14959861540727648 0.4787155693032848 0.1242819266460451 0.09492479664817265
0 0.2837770658418029 0.4369813914665882 0.021634261305052287 0.02618615079949592
0 0.23453208322405805 0.4118464123709338 0.05545720779788442 0.04273877864226675
0 0.2343410093852943 0.522095841879545 0.05108303810056561 0.05870125206317634
0 0.21522177419354838 0.6072281959378734 0.17170698924731181 0.1857825567502987
0 0.3637432795698925 0.5695937873357229 0.1273521505376344 0.2682198327359618
0 0.33131720430107525 0.6583034647550776 0.08064516129032258 0.1015531660692951
0 0.33585349462365593 0.47819593787335724 0.055443548387096774 0.13201911589008364
0 0.4067540322580645 0.4154719235364397 0.04603494623655914 0.08303464755077658
0 0.43430779569892475 0.5666069295101553 0.08501344086021505 0.12126642771804062
0 0.459598080943847 0.5950318598168061 0.039137171445639246 0.21873755475906018
0 0.043104091995220986 0.5285078985795831 0.08540546594982079 0.10288065843621402
0 0.05710498805256865 0.6330479224744457 0.058337066905615305 0.1393866985264835
0 0.15371117084826758 0.7006670649143768 0.12274118876941459 0.11532589937607865
0 0.6065818212365591 0.4318623058542414 0.10500672043010753 0.11947431302270012
