1 0.93828125 0.556944444444444 0.065104166666667 0.076851851851852
10 0.5305072156196945 0.6359806325850469 0.1715478211658177 0.1572030434509212
0 0.7619917674731183 0.6389075567502986 0.15383484543010753 0.1129405615292712
10 0.32378407101775447 0.7500625156289072 0.149256064016004 0.11808507682476178
0 0.39751978088861845 0.536631275219224 0.0646682897139379 0.1014404544532359
0 0.4441189896530736 0.49661865151822543 0.048818218705619795 0.0777710150808142
0 0.4041768107121119 0.6425801943148259 0.04881821870561987 0.0563558080295756
0 0.3461655508216676 0.6453979847163047 0.04057618178129439 0.05522869186898397
0 0.44443599107324 0.7113342801109082 0.04945222154595251 0.07889813124140575
0 0.7735961768219832 0.9201513341298287 0.2045997610513739 0.15664409929642903
0 0.6775425627240143 0.9684056816673304 0.06625597371565103 0.061993893535112206
0 0.594758064516129 0.8750165936545865 0.03957586618876943 0.10354440461967339
10 0.4484020310633213 0.8969202177087481 0.07840501792114693 0.06770211071286336
10 0.11177515360983108 0.9213603003925583 0.20401305683563742 0.1536098310291857
0 0.9258092517921147 0.8727349661489446 0.03570228494623656 0.12445240939864605
0 0.9002576164874553 0.7184139784946236 0.047603046594982025 0.07467144563918758
0 0.7868433579749103 0.5052767821585026 0.02380152329749109 0.026135005973715653
0 0.8074946796594983 0.7072008164078057 0.01750112007168464 0.019290123456790032
0 0.8557977710573478 0.6160394265232975 0.011200716845878186 0.033602150537634407
0 0.8846746191756274 0.6247510951812028 0.024851590501792167 0.019912385503783308
0 0.8360215053763441 0.7162236160892076 0.01925123207885315 0.01742333731581048
0 0.8550977262544802 0.7678713659896456 0.019601254480286788 0.012445240939864686
0 0.8001442092293908 0.5886598964555955 0.01750112007168464 0.016178813221823997
0 0.7910436267921146 0.5578579251294306 0.009100582437276036 0.02302369573874948
0 0.5046202956989247 0.7836768219832736 0.054183467741935484 0.13216845878136202
0 0.3897429435483871 0.8721624850657109 0.04620295698924731 0.052270011947431305
0 0.4481266801075269 0.9375 0.10416666666666667 0.07840501792114696
0 0.941448252688172 0.6216397849462365 0.027301747311827957 0.020161290322580645
0 0.9160891297043011 0.3777130625248905 0.026426691308243627 0.035468936678614095
0 0.8487098174283155 0.4920537136598965 0.0169760864695341 0.016489944245320565
0 0.964479726702509 0.5057434786937476 0.022751456093190014 0.02644613699721222
0 0.9213394657258065 0.5105660095579451 0.022226422491039323 0.016801075268817203
0 0.7178641251221897 0.6975368982537441 0.021722602367763664 0.021722602367763733
0 0.9478182361246877 0.6724955649686832 0.020025524057782042 0.019912385503783443
0 0.787953459324427 0.6905977336084863 0.039711632453568034 0.036807742900932895
0 0.9853683267308054 0.3620910100819552 0.02534899075646104 0.034584669559202696
0 0.08076306357291077 0.4066318723930495 0.16152612714582154 0.13833867823681065
0 0.06272401433691756 0.6214655515730786 0.12395459976105136 0.0876144962166468
0 0.06795101553166069 0.7542147882649676 0.13291517323775387 0.0876144962166468
0 0.1586768219832736 0.7920483207221558 0.11275388291517323 0.09159697331740352
0 0.025185611879160238 0.9106114502086511 0.050371223758320476 0.0774668555859885
0 0.6671185576566556 0.9109504387591151 0.03881627734519841 0.08754583281835779
