10 0.5546875 0.952314814814815 0.177083333333333 0.210185185185185
2 0.13966114883984157 0.7483808086524556 0.20868704018109788 0.47003709991825443
10 0.023848684210526338 0.3185781433871418 0.047697368421052676 0.2392439431913119
0 0.18254810413129602 0.24533106960950762 0.09107951329937745 0.08960573476702509
0 0.21836092246745897 0.15336728919071874 0.07250990379173741 0.11947431302270012
0 0.1679576966610074 0.47877758913412566 0.033602150537634407 0.0534490347733133
0 0.5667621675155631 0.46227126957177894 0.077815506508206 0.08960573476702509
0 0.46065011318619137 0.6910016977928694 0.22637238256932657 0.27038923473558457
10 0.4575551782682514 0.6265484499779916 0.09638511601584608 0.10689806954662634
0 0.634731699751861 0.5534188034188035 0.10920698924731174 0.08501056888153667
0 0.7617090570719602 0.5224014336917563 0.08142059553349879 0.07811782005330396
9 0.841980861134087 0.4985640106607848 0.07337905523389379 0.0809897987317343
0 0.5967856814631008 0.6728292946930939 0.05514199062586155 0.03676132708390767
10 0.668010752688172 0.7243130227001194 0.1400089605734768 0.10311771064459242
0 0.3268766163059752 0.8181721942440602 0.08634476657138966 0.08922765149796592
0 0.22426889866405994 0.7000289634698238 0.05345796676441835 0.0552116143513992
10 0.11888033561420656 0.6733282647261141 0.07993238840013032 0.07240867455921221
0 0.02112862495927012 0.5506860721914485 0.03207478005865102 0.07331378299120236
0 0.03589320625610948 0.7117953730856956 0.029020039100684264 0.031678795119655316
0 0.43708251873574444 0.9000579269396474 0.058549201694362986 0.09865681908692653
0 0.4879948680351906 0.8810506498678542 0.06567693059628545 0.06426269867130079
0 0.5241426360377973 0.8154302885485681 0.055494460736396176 0.07240867455921221
10 0.9286412512218963 0.6936932044458927 0.11302541544477017 0.09322616849498566
0 0.8153612740306287 0.7095326020057204 0.0941878462039753 0.0760291082871728
0 0.9655527044639947 0.6271677346946165 0.06262218963831871 0.05792693964736977
