1 0.461979166666667 0.106481481481481 0.071875 0.085185185185185
1 0.251078805885682 0.08341193485505881 0.07427843803056024 0.07702949129095138
0 0.8709500565930955 0.3467270326353519 0.08842671194114317 0.20436395648619765
0 0.5318336162988117 0.5573791108595862 0.16182088285229201 0.11004213041564478
0 0.6609366157328807 0.6713513173615041 0.1282187323146576 0.1682072564924857
0 0.6326400679117148 0.7798214173426398 0.05570882852292016 0.12733446519524616
0 0.4363327674023769 0.4166823869710118 0.1193760611205433 0.08960573476702509
0 0.24665747028862484 0.3710935043702447 0.16447368421052633 0.17763943909954105
0 0.08085738539898138 0.1494372131044457 0.12291312959818904 0.08017355215996982
10 0.11578593661573292 0.5353706847764573 0.15209394453876623 0.09746588693957113
0 0.08793152235427283 0.7145821543105075 0.17066355404640635 0.16034710431993965
10 0.06938844086021506 0.9236167878876802 0.13877688172043018 0.1413919106807241
10 0.31872524052065654 0.6068980695466265 0.28561827956989255 0.31283405646733325
0 0.3860677083333333 0.4998319892473118 0.11603242607526879 0.08680555555555555
0 0.47946535244922334 0.18057214921014203 0.13347520908004784 0.10288065843621402
