9 0.679166666666667 0.105555555555556 0.113541666666667 0.135185185185185
9 0.660677083333333 0.173148148148148 0.1109375 0.131481481481481
9 0.557552083333333 0.107407407407407 0.119270833333333 0.140740740740741
9 0.5164455564943954 0.029144839628710607 0.08083924267704856 0.05828967925742121
9 0.43085711331679066 0.06345924087859574 0.08142059553349879 0.06318353092546641
0 0.3452362489660877 0.04909934748644427 0.07948200992555832 0.052844407683117364
0 0.33812810173697266 0.15823453726679534 0.091113523573201 0.08730815182428088
9 0.4194475342973675 0.14762630632115245 0.049437646768013876 0.042571306939123026
9 0.8481997393287715 0.06419028999674167 0.09266047572499193 0.05611672278338945
9 0.8614369501466276 0.1166865790521705 0.06822254806125773 0.12128452988668041
10 0.05088455390874744 0.3501467496614513 0.10176910781749487 0.12168263038945311
1 0.2661770353302611 0.09677419354838716 0.03984254992319508 0.06400409626216076
0 0.18265168970814133 0.09933435739887359 0.04272273425499233 0.02645502645502645
