7 0.109895833333333 0.349074074074074 0.058333333333333 0.085185185185185
0 0.34336497535842303 0.6564864595778576 0.09380600358422941 0.09333930704898454
10 0.3340893817204301 0.3948252688172043 0.13055835573476704 0.09893966547192354
0 0.5125244379276638 0.3300206364722494 0.04643206256109484 0.10861301183881829
0 0.5775904203323559 0.5276963180188986 0.034824046920821146 0.11512979254914733
0 0.17222629521016625 0.3794395568589117 0.1282991202346041 0.09666558053654824
0 0.10441104594330405 0.5320408384924514 0.08431085043988269 0.12381883349625283
0 0.23820869990224833 0.6221896383186706 0.09652981427174975 0.10426849136526553
0 0.26417399804496583 0.482621918105789 0.04826490713587488 0.14011078527207557
10 0.5374793217535154 0.706782464846981 0.3015577612351807 0.23129001623625292
10 0.6562758478081058 0.5468247403731273 0.1080438378825476 0.08271298593879238
0 0.690136476426799 0.3689918206047238 0.06927212572373856 0.07444168734491317
0 0.797026619459743 0.8525949237987004 0.11719774455809065 0.17921146953405018
0 0.37581060857998 0.519707103179002 0.015242212615009425 0.06527977928044439
