7 0.22265625 0.360648148148148 0.063020833333333 0.075
10 0.9146341463414634 0.0803829006031996 0.11801730920535021 0.12093131684005012
10 0.791699449252557 0.1903866888131247 0.3491345397324941 0.18066847335140018
10 0.47452793076317856 0.23482530524229975 0.24095200629425648 0.23166360695865024
10 0.5494771822876979 0.3817016152550824 0.05291677250021163 0.03904081882237834
9 0.6307162279075516 0.4330531866683146 0.033602150537634407 0.023688872409673253
9 0.6850785116914149 0.4738673645483681 0.0506699095408773 0.041247084257837005
9 0.7645502645502646 0.45514024008647663 0.06720430107526881 0.039824771007566685
2 0.3311678614097969 0.45884773662551437 0.108273596176822 0.15797159166334787
10 0.4648841215158159 0.5100857199197318 0.07503392838500886 0.11077472712298897
10 0.4681464662282075 0.6608785421813921 0.11157218916379578 0.10149516882996373
0 0.18077956989247307 0.5705230319925662 0.3574895459976105 0.2621797424664808
0 0.17259286412512218 0.7593135657651787 0.2886730205278592 0.18328445747800595
0 0.02697927506070066 0.755308898909315 0.0539585501214013 0.14641384360427032
0 0.034566857440166486 0.9054891872346117 0.06913371488033297 0.1500156427468664
2 0.03990255376344086 0.4894215452011151 0.060203853046594986 0.05973715651135006
10 0.7714493727598567 0.5161788132218239 0.114807347670251 0.26010553564316996
10 0.7731994847670252 0.6176075268817204 0.1617103494623656 0.15929908403026694
