7 0.321354166666667 0.419444444444444 0.053125 0.062962962962963
7 0.4528565690273143 0.45729823260412805 0.0529137313063898 0.10848816929647481
7 0.6170050055617353 0.4878534448426921 0.06295575330614263 0.1160411431082547
0 0.40359916367980886 0.3466746316208682 0.14112903225806453 0.13009425195805127
0 0.34946236559139787 0.2544139121200053 0.04330943847072876 0.035842293906810034
0 0.11088709677419355 0.3845081640780566 0.09184587813620071 0.15531660692951016
0 0.15307646356033452 0.5172574007699456 0.12694145758661887 0.1022169122527546
0 0.23098278289810542 0.5810149627353929 0.08840565796210957 0.05262559025999892
10 0.27317303863002784 0.6709146422408071 0.16676622859418558 0.12832426213549278
0 0.48909796893667856 0.6797645913535997 0.32979888490641174 0.2854108588875614
0 0.396505376344086 0.5869507500331874 0.03808243727598572 0.06836585689632285
0 0.5736343422275322 0.719036240541617 0.14851320854905084 0.11504933846630383
0 0.9582119922341696 0.7777850932599074 0.08290397252090799 0.11251960906063495
0 0.05615701870673149 0.6595636732623034 0.11139343054941818 0.1063812376229522
0 0.03544336426572397 0.512675733621381 0.0681249079393136 0.09574311386065694
0 0.08952901752835471 0.8408209358275641 0.1413131536308735 0.1628451252843653
