10 0.519270833333333 0.12962962962963 0.105208333333333 0.124074074074074
10 0.4840831918505942 0.4897818021756902 0.16624221844934917 0.3835754260202478
0 0.7601541498655914 0.09240591397849462 0.14700940860215053 0.14187574671445638
0 0.7094884072580645 0.3052195340501792 0.08453040994623656 0.1437425328554361
0 0.7528036794354839 0.22121415770609318 0.034652217741935484 0.09333930704898447
0 0.5105006720430108 0.288418458781362 0.09188088037634409 0.14560931899641577
0 0.44749663978494625 0.19974611708482676 0.09818128360215053 0.07280465949820789
0 0.6498970934139785 0.6277068399044206 0.05985383064516129 0.234281660692951
0 0.7512285786290323 0.4428950119474313 0.0850554435483871 0.18014486260454002
0 0.8879998319892473 0.2674171146953405 0.13493363575268819 0.13720878136200718
0 0.9478536626344086 0.4531623357228196 0.09083081317204302 0.16147700119474312
0 0.8276209677419355 0.4778972520908005 0.0572286626344086 0.12134109916367981
0 0.9470661122311828 0.33275462962962965 0.0766549059139785 0.07373805256869773
0 0.2739712311284892 0.04582413139760811 0.031440072770717975 0.08560817252573535
0 0.47450309547083735 0.03613192860504695 0.01629195177582275 0.03439412041562579
0 0.333730449657869 0.5312262409036603 0.08909661127403067 0.1520582165743456
0 0.2347059302704464 0.6511531081423554 0.16597425871619417 0.16563484305419787
0 0.16642574558734022 0.4594238182187056 0.14899066747819031 0.1408895200739388
0 0.08088128451031672 0.3296683780554748 0.08445945945945946 0.0936420291259001
