10 0.670833333333333 0.24537037037037 0.205208333333333 0.242592592592593
10 0.7029393039049235 0.5282965478211659 0.2590902659875495 0.32855436081242534
10 0.5742784380305602 0.5510909891215494 0.10080645161290322 0.1540589825819029
0 0.8006508205998869 0.6084700999811357 0.24936332767402372 0.17135131736150414
0 0.822315365025467 0.3082122869898762 0.19365449915110355 0.17135131736150416
0 0.9788306451612904 0.13843300006288123 0.03271788341822301 0.11475822171917252
0 0.5941744482173175 0.0700496761617305 0.04863469156762881 0.081745582594479
1 0.4700730846774194 0.1250746714456392 0.0404275873655914 0.04666965352449223
0 0.19833464463676892 0.525497566803625 0.20489116181484396 0.19523851152490015
10 0.1252502924414804 0.1938557455211009 0.13768686073957512 0.13987236646560014
10 0.9361711876832844 0.6100434810112229 0.12698558162267842 0.22823293791035695
