1 0.718489583333333 0.218055555555556 0.047395833333333 0.056481481481482
10 0.5671811271783463 0.28220656696741236 0.11007601038190579 0.08788914980980242
1 0.6542763564454332 0.23345555418228758 0.017766654307255016 0.03158516321289774
1 0.4621261277963169 0.20873673079828067 0.018152885922630032 0.03158516321289774
0 0.3752240143369175 0.25611447561762724 0.02433259176863177 0.035704967110232244
1 0.8126120071684587 0.2504314350192487 0.03770908004778971 0.027213593521837276
0 0.8400537634408602 0.27598566308243727 0.09632616487455208 0.08761449621664677
0 0.818753733572282 0.55973715651135 0.17174432497013148 0.09458383114297088
0 0.6279215203106332 0.7185218372494359 0.07551149940262841 0.09893136864463041
0 0.5708445340501792 0.5938868976503385 0.10360663082437281 0.088610115491836
0 0.4719982078853046 0.5545599362803664 0.11424731182795698 0.1095181202708084
0 0.38743279569892475 0.5356431700517722 0.1310483870967742 0.09358821186778174
0 0.46135752688172044 0.6123058542413381 0.10304659498207888 0.08960573476702509
0 0.30370743727598565 0.5032855436081243 0.08232526881720427 0.07467144563918758
0 0.23074066213921904 0.21860655222285102 0.04598189020939442 0.09589385650506191
0 0.1728386478803609 0.2152597536357269 0.06913545915214438 0.05149754871668108
0 0.2362673316355405 0.6138778846758473 0.11009125636672323 0.09903791737408042
0 0.24024653367289195 0.536848393384896 0.06145656479909449 0.08646167389800671
0 0.2546158743633277 0.8445733509400741 0.15386247877758916 0.1469848456266114
0 0.21548705432937185 0.7816921335597057 0.152536078098472 0.08253159781173362
0 0.18011636955291457 0.6861912846632711 0.17110568760611206 0.09274979563604353
0 0.08431650736758263 0.690273905925041 0.0877389486260454 0.10509314571441211
0 0.05818150139386698 0.7295455551130582 0.08027180406212663 0.1283242621354927
