4 0.61953125 0.451388888888889 0.183854166666667 0.217592592592593
10 0.5451528897849462 0.17874477299880526 0.14123403897849462 0.10360663082437276
0 0.4797862063172043 0.22261424731182797 0.05985383064516129 0.1148073476702509
0 0.3550907258064516 0.05927045997610514 0.09503108198924727 0.1148073476702509
0 0.5900432627688172 0.3952919653524492 0.20056283602150538 0.24548237753882915
10 0.6582976310483871 0.6155727299880526 0.10710685483870967 0.1838784348864994
10 0.7320648521505376 0.7527815113500598 0.09923135080645161 0.17267771804062126
10 0.49789986559139787 0.564702807646356 0.20948840725806453 0.14747610513739545
10 0.4207199260752688 0.4190934886499403 0.09398101478494623 0.11014038231780167
10 0.32747358988870023 0.5465425810643694 0.1538624787775891 0.12681045505040978
0 0.8712495664238641 0.41521177785485786 0.24713839750260147 0.18691948972906314
10 0.7627549606473781 0.3786781460542684 0.10461700476665566 0.0812918006133836
0 0.8064031149539962 0.2983101159024006 0.07967520230573105 0.09545628102329133
0 0.955288397716713 0.2861262297741788 0.08711668657905212 0.09734944024071863
0 0.9084113235098897 0.4384191040901515 0.06388557015797171 0.04941221587975869
0 0.9073742200982344 0.5136436715488886 0.0593223151466879 0.04351224980456361
0 0.7449638258330015 0.023577739427998304 0.014104606398513278 0.032449813413572864
0 0.6671810699588477 0.03169019278139152 0.031113102349661494 0.04129976252636547
0 0.7679875215717509 0.00919657211971033 0.03028341962033729 0.016962402466185817
0 0.24040562986275027 0.389505687171567 0.10818253343823758 0.09227690843216678
0 0.2145893434740799 0.4730405726996338 0.10408471020194072 0.07576419850220004
0 0.33260665267943 0.3921768608367087 0.07348763003759072 0.04905246185078339
0 0.14557731694828463 0.32037605962337146 0.21761392729134668 0.08889457814189
0 0.052571364567332246 0.23148148148148148 0.10440668202764977 0.11165159014621381
0 0.06017185099846384 0.09173920464243046 0.044402841781874036 0.17778915628377995
0 0.09497407834101376 0.03271320475621551 0.035602278545826926 0.06115946976162031
0 0.2351830517153097 0.06755987938783638 0.09600614439324119 0.13511975877567275
0 0.9581159076533838 0.6490405281058829 0.0830961416824795 0.1803637183805756
