1 0.36171875 0.362037037037037 0.0703125 0.083333333333333
10 0.6702214204867007 0.30113815003458466 0.051287492925863015 0.11004213041564474
0 0.34070028583095135 0.5262919105303752 0.03828093099224174 0.08015365304054566
0 0.20847048496818082 0.6901836003218491 0.14126618389291198 0.2718650184087973
0 0.7677504693633725 0.5967173010183763 0.04320276497695864 0.11662968652215967
0 0.8384216589861752 0.5128008192524323 0.12907492746202423 0.08913163035026839
10 0.521597018572825 0.6120071684587813 0.2963098729227762 0.23351797545345923
0 0.5299975562072337 0.8197295536005215 0.15579178885630493 0.14119691539046372
0 0.613239247311828 0.7355544694254372 0.11149804496578695 0.08960573476702509
0 0.6533327223851417 0.6941457586618877 0.07407746823069405 0.06652546975127614
0 0.7770497311827957 0.7131530357336809 0.1993218475073313 0.17513848159009454
0 0.8889296187683284 0.7633865537091344 0.12829912023460416 0.13712392744650806
0 0.8648735337243401 0.8808243727598566 0.19779447702834796 0.2226566742695775
0 0.687316715542522 0.8971163245356795 0.20314027370478974 0.1819267948300206
