1 0.316145833333333 0.64212962962963 0.085416666666667 0.100925925925926
0 0.507265329845975 0.51065581710743 0.018163324614937484 0.028092608737769996
0 0.49782040104620756 0.42847686396073487 0.08391455972101136 0.10462074978204008
0 0.4166303400174369 0.52002002002002 0.04032258064516129 0.06684103458297005
0 0.8413138440860215 0.4596774193548387 0.26461693548387094 0.234468339307049
0 0.7862903225806451 0.7382019115890084 0.06720430107526881 0.09259259259259259
0 0.9434654188238417 0.7495962210717289 0.09499867250763304 0.12306960484977222
0 0.37466397849462363 0.19102615159962832 0.036215651135005994 0.07433957254745786
0 0.2816980286738351 0.33572281959378736 0.01381421744324973 0.051772202309836694
0 0.3513291517323775 0.4339572547457852 0.03210872162485065 0.049117217575998906
0 0.3169802867383512 0.41072613832470467 0.03584229390681002 0.05309969467675556
0 0.34740890083632014 0.5122793043939997 0.020534647550776573 0.04115226337448561
0 0.31037186379928317 0.4924332935085623 0.0257616487455197 0.0625248904818797
0 0.28886648745519716 0.5173237753882916 0.031137992831541207 0.04540023894862605
0 0.27732974910394265 0.4368777379530068 0.015232974910394277 0.05017921146953405
0 0.29345878136200715 0.4022301871764238 0.019265232974910406 0.03106332138590203
0 0.2445567859626599 0.42465985484762564 0.03911892152142513 0.042796768843952296
