1 0.10859375 0.834722222222222 0.058854166666667 0.069444444444445
0 0.19536997736276174 0.5149342891278376 0.02829654782116582 0.09117776520153424
0 0.5030949349179401 0.6461988304093567 0.1715478211658177 0.14934289127837516
0 0.2842664689160796 0.6574520386162952 0.03939562476826105 0.02540545736689603
0 0.9651797715053764 0.47479838709677424 0.06825436827956989 0.14187574671445638
0 0.9536290322580645 0.6008064516129032 0.09135584677419355 0.1101403823178016
0 0.8753360215053764 0.5887096774193549 0.034274193548387094 0.025686977299880526
0 0.8040994623655914 0.5997610513739546 0.020833333333333332 0.025089605734767026
0 0.7488239247311828 0.6586021505376344 0.30544354838709675 0.1260454002389486
0 0.7075426944971537 0.7733853397990019 0.07036685641998722 0.0850375992690984
0 0.6087128399746995 0.8426101623445077 0.06799493991144842 0.07449574812003656
0 0.5764943074003795 0.8405017921146953 0.023323845667299205 0.053412045821912904
0 0.5055289235105473 0.7806189916072068 0.027661262580867086 0.03063147537830453
0 0.34705893633768237 0.978533163756889 0.09842761946690146 0.041738929355994984
1 0.018584574028122438 0.8158717029684771 0.03670388751033912 0.06479183898538743
0 0.10103908188585611 0.7400514658579175 0.03411910669975187 0.023435346015991072
1 0.022074028122415244 0.8735410348313575 0.02248759305210918 0.0404374597922986
1 0.09832506203473948 0.8804337836595901 0.022487593052109175 0.07719878687620613
0 0.07002171215880895 0.7255766933186287 0.01861042183622828 0.02021872989614923
0 0.18607837055417706 0.7797996507673927 0.02171215880893301 0.01286646447936778
0 0.21118770956179905 0.8666127105253016 0.017343045438779053 0.018306547963155586
0 0.24695774077928087 0.8210069243714753 0.01481385131229045 0.009956192751891722
0 0.26692030870620875 0.8468609087755811 0.015355821482252261 0.016700710422527996
0 0.22302072493929936 0.8491090813324598 0.008129552549427658 0.019912385503783308
0 0.17099158862296218 0.8792988270962604 0.02005289628858826 0.012846700325021516
0 0.1469642444213204 0.8579411878059121 0.02077552318187073 0.012525532816895998
0 0.3338634708477917 0.7307377419830833 0.011245341215782018 0.009757862218985431
0 0.8056862305854243 0.8434886499402628 0.16427718040621275 0.17091464224080724
