10 0.5859375 0.228240740740741 0.104166666666667 0.123148148148148
0 0.40641221727845755 0.2296378692374243 0.03881627734519833 0.084455979895357
0 0.6821815906562848 0.17814032052074322 0.14657489803485355 0.15449264615004327
0 0.33412756598240473 0.046540675572933655 0.02932551319648089 0.08037362876072551
0 0.20490419079128758 0.13315259014183747 0.09822167080231595 0.0919033177097693
0 0.11602251978088861 0.05197132616487457 0.0900284033272469 0.09918622213205294
0 0.0849563806045851 0.24865309618809311 0.04057618178129437 0.04170329794188589
10 0.3290474741326841 0.642580194314826 0.2586731588557516 0.2028809089064719
0 0.49579022114019067 0.6200378711029958 0.14835666463785752 0.13525393927098123
10 0.495118178129438 0.6188431279727687 0.14835666463785752 0.13525393927098123
0 0.05924589700056592 0.4847093839736737 0.11495472552348614 0.13729065794713788
10 0.3940615835777126 0.5085985301039065 0.13949983708048225 0.1031823612468774
10 0.3092925219941349 0.7760580717569966 0.0595674486803519 0.15477354187031603
10 0.636404366243076 0.6502479997103653 0.14866405995438248 0.23080265015748888
0 0.657532991202346 0.47194163860830524 0.11251629195177579 0.12762028891061147
10 0.33933080808080807 0.39183954237717683 0.041239002932551366 0.11947431302270012
0 0.43606427174975565 0.31852575938597444 0.18379358097100035 0.1122334455667789
0 0.8712557603686637 0.4110038280545193 0.2516732499451394 0.18652622339258282
10 0.8202607158638975 0.29377587928184484 0.0736485491235823 0.06710201142370828
0 0.8117159498207887 0.16427718040621267 0.02396953405017926 0.04818797291915571
0 0.9809587813620072 0.15870171246515333 0.036290322580645164 0.03225806451612905
0 0.962141577060932 0.14297092791716445 0.030913978494623656 0.043010752688172026
0 0.2125149342891278 0.38605690517279534 0.14975773264303732 0.09071197840612416
0 0.19011350059737153 0.5888682390076256 0.09831740342493031 0.078912046255734
10 0.1705309139784946 0.4242618194231098 0.1269681259600614 0.08747226489161967
