2 0.439322916666667 0.484259259259259 0.0984375 0.116666666666667
2 0.8174330816746739 0.3220595337959786 0.09866163349347984 0.10803528305244159
10 0.4699725463280714 0.7783497292762908 0.1515671471059254 0.26818170263606095
0 0.37452814001372675 0.7872467525864917 0.09651681537405626 0.18175347619410767
0 0.2755090368336765 0.8914690256488472 0.13726835964310222 0.16395942957370543
0 0.35907857513682834 0.9203335112737996 0.05131889815743624 0.15813823432217403
0 0.4367134278663654 0.9355855512341442 0.13801217423752765 0.12763415440148454
0 0.7452242049874169 0.7478456493556013 0.11582017844886754 0.19954752281450977
0 0.8617593228094258 0.9010015506240626 0.13440860215053763 0.11693230636264264
0 0.7808502502780867 0.9654541294898192 0.13894008512216097 0.06789699789013448
0 0.19972546328071378 0.9010015506240625 0.09151223976206815 0.19319250616436612
0 0.7584052703316675 0.5210342100392078 0.05631909737997868 0.03281336766116412
0 0.8942305404891046 0.3991287890802592 0.01561161861261779 0.014273479874393362
