1 0.4234375 0.2625 0.048958333333333 0.058333333333333
1 0.5277855024100853 0.31241846221453196 0.0374644666913855 0.05081091473379199
0 0.6951444892473119 0.34244324970131423 0.09828629032258064 0.11648745519713258
0 0.7249663978494624 0.5828853046594982 0.14112903225806453 0.11051373954599761
0 0.8345934139784946 0.10498805256869777 0.024361559139784945 0.05973715651135006
0 0.7463877688172043 0.7441756272401434 0.11340725806451613 0.09259259259259259
0 0.34150985663082434 0.5525686977299881 0.1265681003584229 0.08960573476702509
0 0.3961133512544803 0.5958781362007168 0.11032706093189966 0.11648745519713262
0 0.4571572580645161 0.6272401433691757 0.08680555555555552 0.0876144962166468
0 0.37651209677419356 0.6605933890880128 0.07448476702508959 0.07467144563918758
0 0.09479759645793802 0.1890153911026777 0.07807558507273875 0.11068943706514868
0 0.17929712207463633 0.7345561880666246 0.1838235294117647 0.12298826340572078
0 0.2568785578747628 0.8434886499402628 0.17295224541429477 0.14758591608686483
0 0.35019041218637986 0.9057148546395859 0.14187574671445638 0.18253020045134774
0 0.2539136622390891 0.24523859723100722 0.17295224541429471 0.20908004778972522
0 0.2044987349778621 0.345386183147094 0.4042141049968374 0.2371916508538899
0 0.11644883203559511 0.573641494664854 0.07994994438264738 0.10093519548469486
0 0.15381674082313684 0.5267787253326742 0.06546625880608084 0.06694681333168542
0 0.1581618464961068 0.6617023029703787 0.14483685576566555 0.1514027932270424
0 0.029223370295698933 0.8123353227939921 0.058446740591397865 0.11503802910052914
0 0.05582157258064518 0.7249477299880526 0.10605678763440861 0.09707287933094384
