9 0.566145833333333 0.052314814814815 0.1125 0.10462962962963
0 0.9080892756083757 0.0841979500723134 0.08577391058290883 0.11318619128466326
0 0.6989601018675723 0.08105388920329497 0.03537068477645736 0.05973715651135006
0 0.22189799094510473 0.42768660001257625 0.08931097906055462 0.1524869521473936
0 0.17537922427035335 0.8082863969960743 0.1836117511520737 0.1621437105308074
0 0.3439900153609831 0.5256016385048643 0.21841397849462363 0.17707799965864476
0 0.5486946418808092 0.5040499767126339 0.09169400400947696 0.1478241500111375
0 0.5447079460543102 0.5030374825344754 0.1292828503736103 0.21667375412591378
0 0.6848118279569892 0.4554502561610271 0.12814379442318205 0.2591985096085697
0 0.7161358665937672 0.5404997671263391 0.12358757062146891 0.1964238705627442
10 0.7701794536471956 0.6808259872776001 0.1589290903807034 0.2954567470696502
0 0.7842560302237721 0.539555684716975 0.10534728276663755 0.1808259872776001
0 0.5063571636152281 0.6356194904582002 0.1362249346120314 0.13077593722755024
0 0.37830572507991866 0.6816332461493753 0.1017146178436501 0.17759695179050025
0 0.3196750371649565 0.960799509186606 0.08435152739588232 0.07720623849656114
0 0.30517839727715046 0.8752300687784559 0.07541768960727993 0.24834511931286116
0 0.5667502179598953 0.3458135554909748 0.033602150537634407 0.06135167425490007
