3 0.648177083333333 0.688888888888889 0.1140625 0.135185185185185
0 0.6874646293152236 0.4858517260894171 0.06985710243350302 0.048732943469785565
0 0.9346172891907186 0.7012198956171791 0.058361629881154516 0.05187700433880402
0 0.3894666100735711 0.4952839086964724 0.05394029428409736 0.07388543042193299
0 0.5079584040747029 0.5047160913035277 0.06101443123938879 0.048732943469785565
0 0.44208050367855134 0.5070741369552915 0.04775042444821734 0.05344903477331317
0 0.6724320882852292 0.35773124567691633 0.08400537634408595 0.06288121738036864
0 0.6378615127919911 0.4670415688213241 0.03939562476826105 0.02368887240967332
0 0.6062870782350761 0.5345033576401763 0.048085836114200975 0.07209656820335347
0 0.6529245457916204 0.5422279899476785 0.048665183537263616 0.038108186050343974
0 0.5558838524286245 0.5556173526140156 0.030705413422321127 0.04222798994767852
0 0.5489316833518725 0.611749680715198 0.023753244345569205 0.06797676430601901
0 0.5127224694104561 0.5628270094343509 0.048665183537263616 0.06076710748568365
9 0.9632616487455198 0.49162993174858216 0.05716227907551591 0.08651588184402427
0 0.905133790631566 0.456611598621239 0.039781856383636065 0.11947431302270012
0 0.2392722023098367 0.5147499151879877 0.0788198592858091 0.05014971163915812
0 0.3415305986990575 0.5564184255940529 0.04023961237222887 0.050887207398557475
0 0.41392041683260317 0.5870244996091273 0.03899508827824241 0.06637461834594456
0 0.43258827824240004 0.554943434075254 0.05558874286472853 0.03761228372936854
0 0.46515332536837906 0.6463929082407776 0.053514536041417794 0.12021180878209947
0 0.46017522899243324 0.584812012330929 0.028624054161688506 0.069324601383542
0 0.4858953936014867 0.6039869020753131 0.031113102349661418 0.03687478796996918
0 0.5068448825169255 0.6611428234287653 0.03816540554891813 0.0862870038497278
0 0.5234385371034116 0.6176305736242017 0.04231381919553961 0.05383719043615498
0 0.3757550112836851 0.6165243299851025 0.07135271472189032 0.08407451657152973
0 0.44171478826496746 0.6581928403911678 0.04978096375945835 0.04646223284216119
0 0.052503360215053765 0.48133213859020313 0.10500672043010753 0.06571087216248507
0 0.16614396654719235 0.7986857825567503 0.04480286738351254 0.02588610115491845
0 0.6133543231698335 0.6440156462251028 0.06214096332302257 0.06710201142370828
0 0.6900201612903226 0.6084229390681004 0.042674731182795696 0.028076463560334528
0 0.07840501792114694 0.5678831323992615 0.05091234929944607 0.0515911806234387
