7 0.289583333333333 0.550925925925926 0.073958333333333 0.087037037037037
7 0.333072916666667 0.485185185185185 0.071354166666667 0.085185185185185
0 0.8682972552348613 0.5966798717223166 0.09284804753820032 0.09432182607055269
0 0.9452284946236559 0.4709174369615796 0.07339417091114891 0.06916933911840539
0 0.6386535320538995 0.5554043222479319 0.022543214917653487 0.07183582112124375
7 0.691183476248809 0.5845167339654885 0.03657955628147536 0.0967893168791495
0 0.6654501837484688 0.54708649032863 0.02084184020688715 0.09754548341726778
0 0.522109364366408 0.5145713291895407 0.03275146318225128 0.04763849190145638
0 0.4999914931264462 0.536500158794973 0.060824145909895266 0.0506631580539298
0 0.4608598747788213 0.5546481557098135 0.06337620797604465 0.05368782420640322
0 0.10470803464755073 0.5157639718571618 0.08493876941457584 0.06637461834594449
0 0.08370669056152923 0.6510022567370236 0.12507467144563922 0.058077791052701416
0 0.2941868279569892 0.7024425859551308 0.14280913978494625 0.10785875481215962
0 0.37212514934289126 0.6725740076994557 0.03733572281959378 0.10785875481215962
0 0.4547304360812425 0.797856099827426 0.09987305854241336 0.22235497145891409
0 0.8269489247311828 0.5558542413381123 0.056451612903225805 0.06511350059737156
0 0.728494623655914 0.5280764635603346 0.035618279569892476 0.07048984468339307
