10 0.790364583333333 0.653240740740741 0.171354166666667 0.202777777777778
10 0.37222340124504816 0.1722316544048293 0.16977928692699498 0.11004213041564478
10 0.8873089983022071 0.4897818021756902 0.12998726655348047 0.10060994780858958
10 0.7431734578381438 0.5691693391184054 0.10522778720996037 0.11790228258819097
3 0.6462403452975921 0.41375973883924816 0.08944797819173102 0.10937789220388038
0 0.9265793010752689 0.30734767025089604 0.10080645161290322 0.10005973715651131
0 0.9805842573924731 0.6364659969817017 0.03815944220430108 0.1142551719801295
0 0.10691593352883676 0.561773650483328 0.12218963831867058 0.14934289127837516
10 0.20008553274682309 0.478956228956229 0.13593597262952103 0.10589768654284783
0 0.3081469941348973 0.5420875420875421 0.07407746823069401 0.25388291517323774
0 0.3745876099706745 0.5977517106549365 0.09393328445747799 0.2212990116215923
0 0.41391739980449654 0.582817421527099 0.08095063538611928 0.3489193005322037
10 0.4921951368523949 0.6798903008580428 0.07255009775171069 0.14934289127837516
0 0.46775720918866076 0.5339415661996307 0.07713220918866079 0.14255457803844906
0 0.4921951368523949 0.5461605300314978 0.05880376344086022 0.11540132507874447
0 0.546968339307049 0.6875082968272933 0.057497013142174425 0.07035709544670121
