9 0.404427083333333 0.173611111111111 0.118229166666667 0.139814814814815
0 0.4451754385964912 0.10542036093818778 0.077815506508206 0.08331761302898827
0 0.30811403508771934 0.19188203483619443 0.09550084889643463 0.09589385650506191
10 0.2011177136389361 0.27441363264792806 0.10080645161290325 0.10689806954662644
0 0.4858517260894171 0.1580833804942464 0.04067628749292584 0.03772873042822114
0 0.4239530277306169 0.5565930956423317 0.14148273910582915 0.1556310130164119
0 0.29838709677419356 0.5393007608627304 0.08842671194114317 0.0833176130289882
0 0.09323712507074142 0.7169401999622712 0.17862195812110923 0.12733446519524616
0 0.22764572722127904 0.7161541847450167 0.12202886247877757 0.10375400867760803
0 0.060077108092812734 0.4842796956549079 0.09992218449349179 0.0833176130289882
10 0.7590902659875496 0.2594793435200906 0.14501980758347488 0.1493428912783752
0 0.9691302348613469 0.41110017150205996 0.06106748726655355 0.11302597338832424
0 0.7966716185625354 0.6634911651889581 0.05040322580645161 0.12733446519524616
10 0.40385388403175554 0.3154345180272223 0.07348507687669578 0.05471253587020849
0 0.0862735215053763 0.15971392539492896 0.035468936678614095 0.030698260984999316
0 0.030036589008363153 0.27628434886499403 0.023801523297491037 0.02820921279702642
0 0.13480996117084823 0.2493196601619541 0.017734468339307047 0.022401433691756272
0 0.22721587514934286 0.3750165936545865 0.03173536439665468 0.0431435019248639
0 0.13947692652329743 0.38621731050046465 0.031735364396654725 0.029038895526350708
0 0.06597222222222218 0.40032191689897784 0.02566830943847073 0.03069826098499935
