1 0.5890625 0.214814814814815 0.103125 0.122222222222222
0 0.4769491327940345 0.06096334025026725 0.054060138486634025 0.1219266805005345
0 0.8591873388668805 0.017732503301263906 0.02068792051814121 0.03546500660252782
0 0.8333687040181099 0.23275482613343396 0.09815365025466888 0.2122241086587436
0 0.7202013269274765 0.5038130099900862 0.1008064516129033 0.1512493962734182
0 0.6515671471059253 0.49872899666997134 0.05362045298558684 0.12074531635272887
0 0.5582675589110043 0.47140242507435365 0.0700640585678334 0.16523043290373418
0 0.577213452299245 0.6004092630722692 0.08936742164264472 0.1588754162535906
0 0.48355639441775333 0.3341340654312514 0.033602150537634407 0.13726835964310227
0 0.3151796651694569 0.2438637085431695 0.03743024363685857 0.07334815419748045
0 0.4113073363277528 0.3731681865614082 0.05784674016605416 0.09452081726479436
0 0.32411188240098 0.4434916746064153 0.16333197223356474 0.11266881417963494
0 0.4753215598203348 0.5569166553241686 0.05231727235606373 0.3062474479379339
0 0.4933986661222267 0.642741557400602 0.11229073091057572 0.11342498071775328
0 0.4929733224445351 0.47751916882174134 0.09272492173676326 0.080909819578664
0 0.4149227575881312 0.5520015728263993 0.08209132979447391 0.21021429759690277
0 0.3651575472982169 0.6529498056651997 0.1884272492173676 0.19584713337265394
0 0.2567204301075269 0.7252090800477897 0.15053763440860216 0.1863799283154122
0 0.20295698924731181 0.5925925925925926 0.10752688172043011 0.15053763440860216
0 0.3719758064516129 0.8178016726403823 0.16599462365591397 0.16606929510155316
0 0.9547211021505376 0.7885355083658233 0.08988575268817205 0.11560148268146732
0 0.8782575418160096 0.606498075136068 0.05880376344086022 0.08628700384972787
0 0.6990460722819593 0.5770443382450551 0.05227001194743126 0.05392937740607995
