1 0.54765625 0.47037037037037 0.0484375 0.057407407407407
1 0.18490058835463577 0.4562002659994139 0.03835717184012982 0.03437704289804105
1 0.4003030533576791 0.42604990870359094 0.02345810509231079 0.03268636865715382
0 0.3575078616352201 0.471979892247695 0.08178636640292153 0.05917359843105432
0 0.3261247210387502 0.5074840513063276 0.08432237776425237 0.05241090146750519
0 0.30018568587233513 0.5754449209604906 0.0448676114115234 0.12465383526356857
0 0.34175135185530486 0.5913287891658207 0.038263720554416104 0.0811458484402732
0 0.39429323476702505 0.6019348201247843 0.07000448028673832 0.09375414841364656
0 0.421594982078853 0.5878302137262711 0.05367010155316605 0.09209478295499798
0 0.1789127837514934 0.5679178282224877 0.11340725806451613 0.10371034116553829
0 0.4887992831541218 0.5899044205495819 0.06393742532855438 0.12943050577459184
0 0.509744623655914 0.47043010752688175 0.04502688172043011 0.10454002389486261
0 0.5495631720430108 0.5648148148148148 0.055443548387096774 0.1081242532855436
0 0.5982862903225806 0.5961768219832736 0.07426075268817205 0.1135005973715651
0 0.5589717741935484 0.6445639187574671 0.05880376344086022 0.10991636798088411
0 0.5574596774193549 0.3685782556750299 0.06048387096774194 0.05854241338112306
0 0.5698924731182796 0.3246714456391876 0.04099462365591398 0.045997610513739545
0 0.4265793010752688 0.10842293906810035 0.042674731182795696 0.08303464755077658
0 0.616263440860215 0.16696535244922342 0.07258064516129033 0.07706093189964158
0 0.6023185483870968 0.21445639187574672 0.06955645161290322 0.11827956989247312
0 0.6419690860215054 0.34020310633213857 0.05275537634408602 0.07706093189964158
0 0.6875373357228195 0.49668126908270277 0.11088709677419348 0.11482808973848398
0 0.6800701911589009 0.6111774857294571 0.08997909199522104 0.0995619275189168
0 0.7651956391875746 0.5683658568963229 0.09595280764635607 0.08031328819859286
0 0.7659423536439666 0.6277711403159432 0.09221923536439662 0.13009425195805127
0 0.8437873357228196 0.5604009026948095 0.02389486260453994 0.07234833399707957
0 0.8266129032258065 0.5408203902827559 0.03509557945041813 0.06371963361210678
0 0.7297267025089605 0.3951281030134077 0.1131272401433692 0.08562325766626844
0 0.787037037037037 0.2895924598433559 0.058990442054958216 0.09624319660161952
0 0.8189590800477897 0.2832868711004912 0.019041218637992935 0.04778972520908005
0 0.7286066308243726 0.2232178414974114 0.06757765830346467 0.08695075003318731
0 0.805891577060932 0.09644232045665742 0.07056451612903226 0.102880658436214
0 0.9412335722819595 0.41404486924200185 0.07616487455197128 0.09159697331740345
0 0.907444743130227 0.3144829417230851 0.06533751493428909 0.10088941988583564
0 0.8643219832735961 0.27565378999070755 0.07616487455197143 0.15863533784680742
0 0.9035244922341696 0.04765697597238821 0.11275388291517327 0.0929244656843223
0 0.1820873292647486 0.6024842046347423 0.042078368691271906 0.11247806946731685
0 0.13728446188123605 0.5470524287728589 0.06084713746004069 0.11678345011678343
0 0.0563063063063063 0.5806882150968171 0.07810229584423131 0.08933664847643347
0 0.03379116263440862 0.7541477437164674 0.06758232526881724 0.1089525961545597
