1 0.460677083333333 0.911111111111111 0.0796875 0.094444444444445
0 0.4545845934139785 0.6725097072879331 0.0850554435483871 0.07560483870967742
0 0.5640540994623656 0.7014448924731183 0.03097698252688172 0.034535543608124254
0 0.751194743130227 0.8398380459312359 0.08363201911589017 0.07301208018053894
0 0.8310931899641576 0.9360812425328554 0.028375149342891398 0.08761449621664666
0 0.16838410991636799 0.784747112704102 0.09333930704898447 0.08495951148280895
0 0.22998805256869773 0.6314217443249701 0.04778972520908003 0.05973715651135006
0 0.10080645161290322 0.5245586087879994 0.07019115890083633 0.06902960307978236
1 0.3072729988052569 0.8995752024425858 0.04405615292712066 0.11283685118810569
0 0.27367084826762245 0.8411655382981548 0.06795101553166068 0.07301208018053894
0 0.17958482676224613 0.8604141776184788 0.057497013142174445 0.0504447099429179
0 0.4150612305854241 0.7654415808537672 0.026935057176992648 0.04978096375945834
0 0.5183076814955372 0.7281686071481559 0.027233115468409546 0.04138652673335371
0 0.09759448134092347 0.8779692880736524 0.08993516761543327 0.10541851149061778
0 0.1612162001897533 0.9179404736805117 0.03335507590132827 0.07730690842645294
0 0.04344794195860793 0.8200434218470986 0.08328274945080356 0.08125537955576109
0 0.9723910001472972 0.8424575702525328 0.05201428781853006 0.061373790936318506
