1 0.839322916666667 0.321759259259259 0.047395833333333 0.056481481481482
1 0.7875 0.355092592592593 0.036458333333333 0.043518518518519
0 0.15059013776881722 0.25808318399044206 0.03675235215053763 0.07187126642771804
0 0.24275334753499694 0.20710759450869007 0.025360113613309004 0.05241090146750522
0 0.30583663014810303 0.18174748089538106 0.02219009941164533 0.018597416649759918
0 0.2681451612903226 0.1527031063321386 0.023941532258064516 0.026135005973715653
0 0.3137180779569893 0.22102747909199522 0.024361559139784945 0.025388291517323774
0 0.2778057795698925 0.282631421744325 0.025621639784946238 0.033602150537634407
0 0.34038978494623656 0.27964456391875747 0.039902553763440825 0.05749701314217443
0 0.3534106182795699 0.32370071684587814 0.06846438172043007 0.06645758661887693
0 0.25197412634408606 0.09408602150537634 0.020161290322580645 0.022401433691756272
0 0.27948588709677424 0.1004330943847073 0.012180779569892473 0.03509557945041816
0 0.21312163978494628 0.13216845878136202 0.022261424731182797 0.016427718040621268
0 0.45043682795698925 0.06944444444444445 0.03150201612903226 0.03733572281959379
0 0.49390961021505375 0.19675925925925927 0.03024193548387097 0.03808243727598566
0 0.48151881720430106 0.2217741935483871 0.11886760752688172 0.06123058542413381
0 0.45377512856474983 0.3023219573009194 0.014025245441795198 0.022855955534777404
0 0.4207573632538569 0.273492286115007 0.02162225338943431 0.048309178743961324
0 0.4339060308555399 0.3080359461846137 0.015778401122019656 0.014544698976676524
0 0.4378506311360449 0.32621681990545937 0.01022674146797572 0.019739234325489616
0 0.49205236091631605 0.3163472027427146 0.027466105656849038 0.020778141395252168
0 0.4131603553062178 0.3264765466729001 0.013440860215053764 0.028569944418471774
0 0.5547517394054396 0.16617471361304376 0.022533206831119527 0.020380912221519436
0 0.6063409234661606 0.23504814112024733 0.022928526249209366 0.0231920725279359
0 0.5504032258064516 0.21642420409023821 0.020161290322580645 0.018272541991707098
0 0.23748319892473113 0.3961735032523564 0.02986857825567504 0.0638855701579716
0 0.2724854390681003 0.3833134209478296 0.025201612903225805 0.073012080180539
0 0.12010902031063318 0.14768352581972655 0.02193473715651135 0.02157175096243195
0 0.30002053464755074 0.48453471392539493 0.09333930704898448 0.2024425859551307
0 0.31565486857825564 0.598616089207487 0.11154047192353649 0.08379795566175491
10 0.6439499535377671 0.4100255173532752 0.12071883711668653 0.10914937239110875
10 0.7009906411788132 0.7068675605115271 0.1526616221956724 0.1747864949776539
