10 0.45 0.406944444444444 0.194791666666667 0.230555555555556
0 0.08306805319750994 0.5683833239011508 0.09019524617996605 0.223228321700308
0 0.12036031844499585 0.6470453083356309 0.08206679073614559 0.10224244095211839
0 0.09957437275985659 0.776284348864994 0.12414127837514935 0.20244258595513065
10 0.7305480884109917 0.10590070357095444 0.15400985663082434 0.1559803531129696
10 0.6460760155316607 0.5564184255940529 0.23708183990442058 0.38331342094782955
0 0.9144265232974911 0.48672507633081113 0.16334378733572288 0.23065179875215716
0 0.8159535543608126 0.735629895128103 0.21281362007168464 0.20078322049648226
0 0.7970677598113752 0.9484103278906146 0.24597990433003855 0.10198460108854371
0 0.8994922341696536 0.8426589672109387 0.1969459378733573 0.18584893136864475
