9 0.53984375 0.339814814814815 0.084895833333333 0.1
9 0.589780745967742 0.48163082437275984 0.10500672043010753 0.06471525288729592
9 0.6643355174731183 0.4841198725607328 0.06510416666666659 0.052270011947431305
9 0.5683764691172793 0.2867522436164596 0.0945548887221806 0.0972465338556861
0 0.6460760155316607 0.31403491304924996 0.06393742532855438 0.0771604938271605
0 0.6864452658303464 0.3634010354440462 0.06347072879330937 0.05475906013540427
0 0.7643835872162486 0.34680738085756013 0.0700044802867384 0.06139652196999863
0 0.7340483124253284 0.42230850922607194 0.05787037037037036 0.0613965219699987
0 0.48216784504345267 0.13829560890983783 0.02347547503314183 0.0294594196494329
0 0.3565050081013404 0.3498306083370158 0.07318824569155986 0.05973715651135006
0 0.13003571954632492 0.1763473592903553 0.026237295625276182 0.0466440811116021
0 0.014551597968936658 0.10734191127665724 0.029103195937873305 0.05021727926535
0 0.9301904951546528 0.4432128265262475 0.05766294968803934 0.06637461834594449
