1 0.615885416666667 0.329166666666667 0.072395833333333 0.086111111111111
0 0.5744953337390951 0.6720430107526881 0.11633952120105501 0.1268005680665449
0 0.6299705822682086 0.5813101598250716 0.04406319740312442 0.14370731047541765
0 0.5841638770541692 0.5658123126169383 0.07164232095759787 0.1025675706138274
10 0.7323384584463873 0.5256311481816456 0.14759823133353428 0.10105070400518093
0 0.6835054265902925 0.377125693676794 0.11211184805547175 0.15799640460478565
0 0.5834112513635654 0.38309698197496234 0.08083995636590306 0.11860855713123127
0 0.5154764687548699 0.41426419406784065 0.14268739286270843 0.14977576922410954
0 0.9208937198067632 0.7281007047252956 0.15388810970858652 0.19392931968902047
0 0.8580723079320555 0.40300936747874566 0.10324139005765928 0.09783041573597909
0 0.1929853240337111 0.29814760997556694 0.07053424392134068 0.06242801941726676
0 0.1855686331492783 0.338510553564317 0.03693209338370629 0.07211512587856672
0 0.3385946430301269 0.2766207067282336 0.056609028383221974 0.07749685169040005
1 0.2893243991144845 0.19626291376765764 0.015812776723592683 0.03601799142596108
1 0.33923347564832385 0.20636552111884185 0.024707463630613526 0.028111603064164704
0 0.5924105170128149 0.11579188556652101 0.04787155693032849 0.22667386785813654
0 0.6393614670790986 0.1104728236853734 0.07548976285167189 0.09492479664817269
0 0.3175060346719333 0.7060322336820033 0.07406188281764316 0.1206934386657889
