1 0.3953125 0.313425925925926 0.041666666666667 0.086111111111111
0 0.4814115762983299 0.5216070566104882 0.04718599862731638 0.19446350949439473
2 0.6371369818950463 0.3144063556249936 0.03187896333057625 0.039824771007566685
2 0.6639899825383696 0.3279365662878208 0.03274055693410533 0.040335344994843154
10 0.9498820017504377 0.3728848878886387 0.09956395348837214 0.24450557083715366
0 0.4956317204301075 0.815832558962786 0.1076513341298287 0.14159918580468156
0 0.5746590003982477 0.5719058365414399 0.05911489446435681 0.12058055666179926
0 0.036665416354088536 0.5544990199439893 0.07333083270817707 0.10483033129416372
0 0.13701862965741438 0.47499374843710923 0.07580020005001252 0.13753438359589895
0 0.26673855963991 0.4770776027340167 0.0664228557139285 0.06946180989691864
0 0.3370686421605402 0.48124531132783194 0.1289384846211553 0.11669584062682332
0 0.401928607151788 0.589605734767025 0.11956114028507128 0.10002500625156283
0 0.3190953988497125 0.6417020921897141 0.15081895473868467 0.17087605234641992
0 0.273771567891973 0.7139423744825095 0.14300450112528135 0.11808507682476178
0 0.1522568142035509 0.6500375093773442 0.09533633408352087 0.11530660442888499
0 0.06714178544636158 0.7298630213108832 0.13428357089272322 0.11936317412686508
0 0.1105120030007502 0.8059055580221585 0.2210240060015004 0.1269676829638249
