1 0.485677083333333 0.298148148148148 0.053645833333333 0.062962962962963
0 0.5919392174432497 0.2932928448161423 0.07887171445639186 0.08213859020310636
2 0.4047939068100358 0.21779171644763046 0.028468488649940248 0.05724810832337713
2 0.5301019265232975 0.27711403159431836 0.03173536439665468 0.0497809637594584
1 0.5578703703703703 0.2986857825567503 0.035002240143369126 0.06637461834594449
0 0.672883064516129 0.5813918757467145 0.052083333333333336 0.16726403823178015
0 0.7103121266427718 0.4478959245984336 0.047416367980884104 0.06239214124518785
0 0.7612753882915173 0.4349528740209744 0.06048387096774194 0.07500331873091728
9 0.6976179808841099 0.2952343024027612 0.04890979689366782 0.03849727864064779
0 0.5892485227162646 0.12889233319340845 0.05116003099874066 0.06081350167371672
9 0.8976254480286737 0.25935882118677817 0.10192652329749109 0.06272401433691756
9 0.8536626344086021 0.22052966945440064 0.0744847670250897 0.08064516129032258
0 0.8701836917562725 0.5709876543209876 0.11200716845878142 0.07666268418956586
0 0.9278673835125447 0.4913381123058542 0.1187275985663083 0.08064516129032258
0 0.878864247311828 0.45101553166069297 0.0823252688172043 0.06571087216248507
9 0.9821908602150538 0.4266228594185584 0.0324820788530467 0.06272401433691756
0 0.9121863799283154 0.36489446435683 0.08400537634408602 0.060732775786539274
9 0.9079861111111112 0.31710473914774995 0.11704749103942658 0.07865392273994429
0 0.045876818469323226 0.035280061845526844 0.09092346616065783 0.06676505727739124
9 0.37011476426799006 0.1260683760683761 0.07237386269644329 0.068927488282327
0 0.25775826868109436 0.011342498071775326 0.0757111746291003 0.021172663067313944
1 0.6155333200584097 0.4140817440299719 0.024890481879729136 0.06563712258654514
0 0.6947804659498208 0.2927120669056153 0.04457885304659501 0.03424930306650736
0 0.7454077060931898 0.19673436877737951 0.024417562724014286 0.026284348864994027
