9 0.636458333333333 0.709722222222222 0.077083333333333 0.091666666666667
2 0.3094404357668365 0.7947557064704773 0.11053338992642897 0.1729233477960133
1 0.7390012115704983 0.7620862570885288 0.0449606239588067 0.04038568327527884
0 0.8353116007875209 0.811306308580275 0.053952748750567915 0.06141989331448661
9 0.8185105255187036 0.7111834687936459 0.06578449189762235 0.08497820855839945
0 0.6878880811752234 0.34266410890672594 0.05442601847644999 0.07992999814898955
0 0.7399477510222627 0.3498157403200566 0.027922913827048416 0.031971999259595776
0 0.708711949114039 0.5235583152439127 0.030762532182341335 0.03281336766116412
0 0.6984537266795331 0.7116329177261076 0.04078209723371017 0.04390936290577864
0 0.7685300064332323 0.6123262772008291 0.03331495266979128 0.0372719010711842
0 0.8308519437551696 0.5371790694371339 0.05404541694864272 0.065167807103291
0 0.7763282732447817 0.1921779464473961 0.03953194180898161 0.06535947712418302
0 0.5282653383934218 0.23364256096703911 0.03597406704617337 0.041464614519642964
0 0.5507985452245414 0.2526178930353503 0.020951929158760322 0.04849251528568417
0 0.5962602783048704 0.14122566589359753 0.03518342820999361 0.026706022910956504
0 0.6320366856419988 0.09203036053130925 0.033206831119544644 0.05622320612832946
0 0.5760989879822896 0.03580715440297978 0.014626818469323203 0.057628786281537704
0 0.5100806451612904 0.06637852273525893 0.05415876027830482 0.04005903436643474
0 0.5187776723592663 0.3970412537774966 0.03439278937381401 0.032328343523789445
9 0.533472911497105 0.6166712618325522 0.040839536807278705 0.04227552614649386
9 0.6616780397022333 0.6711239775755904 0.04342431761786602 0.05008730815182426
9 0.4888854425144747 0.6770976932267255 0.0653949545078577 0.06754893851668047
9 0.530241935483871 0.744187115154857 0.04523366418527706 0.03630181049535899
9 0.4828112076095947 0.6800845510522929 0.04859387923904058 0.05146585791747084
0 0.45282775020678245 0.41976840363937135 0.036186931348221645 0.03722084367245655
0 0.42697994210090984 0.4036853230401617 0.0325682382133995 0.039977943203749644
9 0.20020581317204306 0.5973715651135006 0.05810371863799288 0.044802867383512544
9 0.2710853494623656 0.5454126841895659 0.035352262544802844 0.026757268020708925
0 0.2647849462365592 0.49003136200716846 0.02065132168458779 0.020534647550776584
0 0.39656838037634407 0.5718588211867782 0.03220206093189962 0.046047391477499026
9 0.34341397849462363 0.680605336519315 0.038978494623655914 0.035842293906810034
0 0.03864247311827957 0.9689366786140979 0.061155913978494625 0.052568697729988054
1 0.2031810035842294 0.8680228049215032 0.02092765515940389 0.04034878115240314
0 0.22572981512922094 0.8337001404347187 0.035370684776457245 0.04401685216625797
9 0.23884644406715716 0.6581567419145234 0.02977032635351819 0.03144060869018418
0 0.08587216248506571 0.41172175759989377 0.05824372759856631 0.039824771007566685
0 0.2968189964157706 0.0771936811363335 0.04704301075268817 0.06637461834594453
