2 0.399739583333333 0.329166666666667 0.075520833333333 0.089814814814815
10 0.9364123514431238 0.08799966102443085 0.1265032541029994 0.16531992589177844
3 0.19713851160158466 0.37266553480475384 0.12468166383701187 0.0990379173740803
3 0.7371401769713262 0.46545201115093593 0.06930443548387097 0.09085025886101157
2 0.8176453293010753 0.3777130625248905 0.046903001792114596 0.062226204699322954
0 0.23576490713587486 0.2963506028022157 0.02923823488339616 0.05430650591940919
0 0.4357035773366419 0.09103023619152653 0.04846464019851118 0.04480286738351255
0 0.2790969733174034 0.4229316931427644 0.03235762644364791 0.039087275248167325
0 0.8430738085756007 0.1666519167514787 0.06678945971060664 0.03097482189477412
0 0.7814698659232711 0.12608964998451258 0.058907473782025724 0.04277475404516424
0 0.7746249834063454 0.07446494682655576 0.020327226868445486 0.053099694676755606
2 0.6242129226000193 0.2542865446091252 0.028455875230068792 0.0446683242382167
2 0.5753233071781458 0.2518647679938002 0.017860602538021908 0.046282841981766736
0 0.6134662888695146 0.3212890309664503 0.0681124673060157 0.052740912955966696
0 0.7057965223287803 0.12404877996275844 0.04934369853724699 0.05758446618661671
0 0.6582691562530272 0.17356065743162516 0.08143223869030314 0.04251563391348338
0 0.6594800445606896 0.2131163421486002 0.07416690884432826 0.02906131938390003
0 0.6310241693306209 0.1130162420485001 0.0741669088443282 0.05596994844306672
0 0.6125581226387677 0.2106945655332752 0.01907149084568444 0.03713390810165002
0 0.44498471431583386 0.18901539110267762 0.3155966687750369 0.2038091222151943
1 0.9696486621655415 0.43887360729071145 0.05938984746186541 0.07918646328248728
