10 0.619270833333333 0.504166666666667 0.154166666666667 0.182407407407407
10 0.710013440860215 0.6359806325850469 0.21133984153933216 0.2986857825567503
10 0.8311580362195811 0.5157203043450922 0.14767260894170908 0.10532603911211731
0 0.9434335079496371 0.3407009159697332 0.09362650491682761 0.05258912068947909
0 0.9385511441963056 0.22735349079435102 0.013211101920779322 0.01889123752923037
10 0.6627051499717035 0.2311827956989248 0.3713921901528014 0.3537068477645728
10 0.8279513104676459 0.07825567502986859 0.08157615665384226 0.15651135005973718
10 0.8086092246745897 0.1620134565805194 0.09550084889643468 0.06759730868389617
10 0.6368017309205349 0.7200075764198502 0.14096511932861255 0.22292158405455012
10 0.4605953317597692 0.23336830142494971 0.2606215578284815 0.29285776728735025
10 0.31553238919485965 0.37761167934259987 0.38519538421190663 0.3307398665384504
10 0.41224101757146603 0.12263601130634966 0.1655520587463939 0.1325873473788501
10 0.2607982504100601 0.08842111657857965 0.07403863677783852 0.14478666747666202
10 0.280446965554948 0.17650811007836706 0.10877984326590122 0.08808699349978738
0 0.344234098778932 0.06462750339185548 0.09169400400947687 0.09314946439057975
0 0.20840167669035906 0.07930866897515337 0.023920174958993973 0.03341230787922969
10 0.03797043010752686 0.12246117084826762 0.06944444444444445 0.1513341298287535
