7 0.547135416666667 0.321296296296296 0.049479166666667 0.059259259259259
0 0.9019412685449842 0.35615443945374525 0.046362460868381514 0.043857659210864555
0 0.9221450932353341 0.3966093492430772 0.05529467809990469 0.049150824977693124
0 0.8568548387096774 0.19546905010359483 0.042109024091465865 0.05671249035887664
0 0.8087910031305295 0.24575412488846543 0.06933101946372665 0.05444399074452156
0 0.7400974175167724 0.32819185328145906 0.042505284440768336 0.051057398727649646
0 0.700894908556199 0.3399350549888185 0.022114235823913246 0.04595165885488465
0 0.696443341604632 0.38665257482461785 0.017231872070581897 0.04441993689305518
0 0.15561748893105629 0.2777038174887638 0.3112349778621126 0.3056360417524238
0 0.4598993203489552 0.22598679019859785 0.016484073848650888 0.06086427267194155
0 0.44087923513897337 0.25050156669146323 0.014582065327652676 0.040012623700998624
0 0.47987040981943596 0.09665021077072203 0.015216068167985387 0.043393972182773154
0 0.3769498712706347 0.09065744526898548 0.018457519309404816 0.051744156696451105
0 0.349618544600939 0.03323405186194828 0.016327805542935052 0.06394399851919162
0 0.1878330739483116 0.09284411746211409 0.01016907187323144 0.037466725355802886
