9 0.44296875 0.066666666666667 0.115104166666667 0.133333333333333
0 0.7223931805319751 0.8364145129849714 0.046866157328806016 0.19964786518266986
0 0.958934634974533 0.46148525435452437 0.015916808149405805 0.06916933911840525
0 0.9399228919071874 0.7986857825567503 0.08223684210526322 0.08960573476702509
0 0.9836941143180532 0.292491982644784 0.026528013582342906 0.08017355215996978
0 0.04175509337860784 0.831276921021191 0.0835101867572157 0.05103400301829849
0 0.16395927881894565 0.9607464000503049 0.07777707489878531 0.07731245676916305
0 0.07850157582499075 0.07463024760021421 0.058514089729328894 0.07518642112635439
7 0.5954301075268817 0.01881720430107527 0.03225806451612903 0.03524492234169654
0 0.5391465053763441 0.04181600955794504 0.1508736559139785 0.06332138590203107
