3 0.362760416666667 0.245833333333333 0.1640625 0.19537037037037
10 0.40405701754385964 0.69964786518267 0.39880447085455567 0.5863673520719361
10 0.5017685342388228 0.4709174369615796 0.155631013016412 0.13205055649877376
0 0.551287492925863 0.19581211092246745 0.1379456706281833 0.1289064956297554
0 0.6585249042145594 0.22487262939617408 0.07029415399826965 0.06797676430601901
0 0.655241935483871 0.06317032642579547 0.06295575330614263 0.10299509743336217
0 0.6975342973674453 0.03673491808456584 0.019311580768755315 0.04325794092201211
0 0.6900027808676307 0.11638446009969927 0.02356012853788158 0.05561735261401557
0 0.623184711407737 0.14041664950081711 0.09308181930540103 0.09544212362158229
0 0.24964323642639052 0.072989955307757 0.028209212797026404 0.07817455049633464
0 0.3624800876144962 0.04828384736787766 0.058907473782025724 0.08186202929333154
0 0.39400803132881984 0.12277091906721538 0.05641842559405281 0.09661194448131924
0 0.4668306575481028 0.026170037022287127 0.0850065463135911 0.052340074044574254
0 0.45664907739280497 0.10765225599952802 0.04895128103013407 0.08259952505273094
0 0.4398480021239877 0.059715031638568096 0.030283419620337138 0.05014971163915806
0 0.7457997311827957 0.38918757467144566 0.07022849462365591 0.13082437275985664
0 0.7937076861808045 0.026896470345295534 0.05683326695871498 0.04498724132336238
0 0.8837282623124916 0.06082127527766717 0.02696468870303987 0.025812351578978418
0 0.7750398247710075 0.08884611413484375 0.07757533519182265 0.11283685118810567
0 0.76778010088942 0.1434208003303981 0.0647152528872959 0.07448707169933771
0 0.80055256869773 0.18951428529285955 0.04314350192486404 0.058999660751950664
0 0.7634242665604671 0.2514639290824078 0.0510254878534448 0.06637461834594449
0 0.8816540554891809 0.1887767895334602 0.05683326695871498 0.08849949112792602
0 0.8675494490906678 0.24482646724781332 0.03692088145493168 0.08259952505273094
0 0.8422441258462763 0.24298272784931488 0.04604739147749898 0.07891204625573404
0 0.81403491304925 0.23339528297712286 0.0418989778308775 0.05088720739855745
0 0.8071900305323245 0.289444960691476 0.032357626443647876 0.06121214803014884
0 0.9189897783087747 0.28833871705237696 0.05517390150006628 0.09734944024071863
0 0.8922325102880658 0.36282578875171473 0.038165405548918056 0.06489962682714578
0 0.9577978844304572 0.37517848296762535 0.08195646472593761 0.11413196569241682
0 0.9920830055074744 0.15662791036512516 0.015025351866421977 0.0636225000242834
10 0.8146166214450808 0.35339831842695874 0.06720430107526881 0.04577987695262338
