2 0.385677083333333 0.684259259259259 0.071354166666667 0.085185185185185
2 0.100260416666667 0.501388888888889 0.065104166666667 0.076851851851852
2 0.2563844086021505 0.6106151800004508 0.04818421586528708 0.07608034083992697
0 0.43740775880244565 0.39633846370089254 0.08960573476702512 0.12884484737742175
9 0.5031427893738141 0.3346686344788812 0.02984661606578113 0.05587181109002746
9 0.12703252032520326 0.47716875018212546 0.06611154821225632 0.06459383590251673
0 0.7044690860215054 0.3279569892473118 0.021169354838709676 0.12783751493428913
0 0.6948924731182796 0.290621266427718 0.020161290322580645 0.047192353643966546
0 0.7535282258064516 0.6887694145758662 0.02788978494623656 0.025089605734767026
0 0.6495295698924731 0.6789127837514934 0.06317204301075269 0.1081242532855436
0 0.6569220430107527 0.42891278375149344 0.020833333333333332 0.04898446833930705
0 0.6038306451612904 0.5041816009557945 0.06317204301075269 0.04659498207885305
0 0.7172379032258065 0.5044802867383512 0.03662634408602151 0.06989247311827956
0 0.757541816009558 0.1814018319394664 0.06197729988052565 0.07832204964821453
0 0.4666395915525644 0.49591724469886456 0.022482014388489176 0.06876219454543897
0 0.4598708130269978 0.5569436923579416 0.0485901601299605 0.04641448131817125
0 0.5148671385472268 0.45809803769887314 0.04593099713777364 0.16674832177268933
0 0.5421015180265655 0.34222362780237536 0.05653067678684377 0.059034366434745966
0 0.4471658686155914 0.013229291119076053 0.040928119399641555 0.026458582238152107
0 0.576611969832736 0.02443000796495419 0.025651508363201857 0.04886001592990838
0 0.7658952781673679 0.08638512285076107 0.07962248714352503 0.08830710092982183
0 0.8352910238429173 0.15975793465274538 0.046020336605890624 0.07921666406939902
0 0.8944093566732354 0.04968573061139683 0.08702864523230446 0.09937146122279367
0 0.9784106182795699 0.8695489844683393 0.03990255376344086 0.10678016726403823
