2 0.197916666666667 0.439814814814815 0.052083333333333 0.061111111111111
3 0.5957919768403639 0.619187115154857 0.21582919768403633 0.16197959746346838
0 0.47899219396195203 0.5442284716478265 0.04620295698924731 0.051121220476059194
0 0.2657491818606825 0.7139888836943533 0.0394460028050491 0.14388862916212142
10 0.2786056568489948 0.5350371409277439 0.06691210846189806 0.05506207469741831
2 0.20687237026647967 0.5339982338579813 0.04382889200561009 0.06856786660433228
3 0.3827499428048502 0.3758992348559953 0.05058196064973693 0.05020463153613461
10 0.97101008985123 0.6125104335444592 0.05385550154661957 0.08919657616078294
2 0.23153774799333637 0.4320426742053276 0.030052627593518108 0.043751156881552136
2 0.28814329666231586 0.38829151732377537 0.03670986388215552 0.03832846458242692
10 0.12655791788856308 0.6951232757684371 0.02940188172043011 0.044802867383512544
0 0.07449533373909514 0.3781305651360429 0.07449533373909513 0.05748292419016702
2 0.19827651948448105 0.3603294440631435 0.01334553496530161 0.06736317649152243
2 0.15835907115076642 0.46455171712549886 0.016443605582246622 0.051263800977825215
2 0.1470391977426981 0.2620385198742554 0.0371768474033402 0.05550047874458767
3 0.057527732407785484 0.3170076977753581 0.0691183476248809 0.042723409403687046
0 0.037323907717435684 0.019267123391255702 0.07209575336872193 0.028734328448497496
0 0.0843243841023547 0.03325620434644527 0.02275588675649926 0.05898098997323171
0 0.16099258200626104 0.07446728067389563 0.03232611950455967 0.03251516113908926
0 0.3345740281224152 0.04048341145115332 0.012688923979246558 0.03258390355164549
0 0.414114783066396 0.06387698323182188 0.0180934656741109 0.020887117661311207
0 0.9591510639897736 0.0693076338237628 0.03383713061132416 0.038432296496812644
0 0.919204451462516 0.10753105914396231 0.028667568990149682 0.023811314133894784
0 0.8920642529513497 0.15139400623271584 0.031722309948116416 0.02798873766615702
0 0.7231207322816106 0.1165048967026834 0.02538556628208148 0.02376405131290932
0 0.7553125735813515 0.07878764094916675 0.018640609057373945 0.0141712232599918
0 0.7667176830704026 0.10102556052638466 0.009565575700494435 0.01940367492521954
0 0.7937588297621849 0.04216047929257255 0.02048014284593053 0.016787449092605676
0 0.7848677497841614 0.06886778466717249 0.023055490149909662 0.0283424465199836
0 0.9120736593384013 0.061639613725087326 0.014339771248544715 0.015980640595393007
0 0.8821099582220395 0.026063663828200502 0.03617046777617972 0.04147356725947233
0 0.8755821519074036 0.070200671186905 0.03124785973563459 0.041473567259472335
0 0.8846782754605849 0.10882055262577144 0.009203136771453936 0.018263589251877713
0 0.8420870145880419 0.033293001240402104 0.008347031025272266 0.03234177263353347
0 0.756476439969865 0.0441370073587045 0.01091534826381758 0.03272226407628092
0 0.7755957919768405 0.09170036454982693 0.0061388544251448065 0.0122537756946359
