2 0.615625 0.109259259259259 0.077083333333333 0.090740740740741
2 0.6947973726922296 0.12623700998624918 0.04564820450395616 0.05184734338720948
2 0.7125494522215459 0.20259912986632403 0.04057618178129447 0.07720745700051845
2 0.7569296510448367 0.2237325578774148 0.045014201663623375 0.06875408579608212
2 0.8093933860823695 0.24120285836658326 0.044063197403124345 0.06988120195667365
2 0.8345949989855955 0.3319357092941998 0.03740616757963068 0.06424562115371608
2 0.40601898521505375 0.12756371963361213 0.0392025089605735 0.05102548785344484
0 0.7122686621174523 0.6769138865913059 0.04684915219189405 0.0626091351897804
0 0.7434475806451613 0.6763394908556198 0.027786393713813046 0.05571638636154762
0 0.6062926488833746 0.4859273044756916 0.025524710504549172 0.06318353092546637
0 0.6867439516129032 0.31935254112673467 0.032632857733664235 0.03561253561253566
0 0.7268080541770059 0.4135534417792483 0.03651002894954509 0.06777869681095487
0 0.6880363420181969 0.5310173697270472 0.025524710504549172 0.025847808105872658
0 0.7302005789909015 0.5160830805992096 0.01227770885028946 0.04767484606194281
0 0.7503941790736146 0.5381973164231229 0.041679590570719564 0.05399319915448946
0 0.7421551902398675 0.5703634776215422 0.05234181141439212 0.032166161198419245
0 0.6520109594706368 0.5077543424317618 0.020032051282051253 0.042505284440768336
0 0.6146931865177833 0.5269965995772448 0.022293734491315123 0.06720430107526881
0 0.5912686104218362 0.5901801305027111 0.022616832092638567 0.05801396930429183
0 0.6428026778329197 0.5628963330576234 0.05072632340777498 0.04365407591214044
0 0.7187309799147898 0.6015982507157187 0.05547524852911346 0.044521088343364636
0 0.8073328768512883 0.6114605171208944 0.04628220734428895 0.052974459547801
0 0.7046244167173868 0.5796194855841843 0.023458105092310867 0.020851648970942927
0 0.92351389734226 0.6094880638398593 0.043429194562791706 0.03324992673744963
