2 0.63671875 0.705092592592593 0.0515625 0.080555555555556
0 0.18970514112903225 0.41255973715651134 0.033602150537634407 0.04106929510155317
0 0.2730104726702509 0.4340277777777778 0.019601254480286788 0.05289227399442451
0 0.3780171931003585 0.2902852449223417 0.08820564516129033 0.08400537634408602
0 0.37941728270609326 0.02426821983273596 0.0616039426523298 0.044802867383512544
0 0.4673441957428133 0.2293541072342916 0.15841013824884798 0.17677321824787265
0 0.478220828355237 0.32816348805994366 0.031527943714323596 0.048674720120359366
0 0.44814482941723083 0.36651326754871166 0.022816275056418398 0.045724737082761764
0 0.38571120403557674 0.47345015266162227 0.11117748572945706 0.20797380415062613
0 0.4689275723402395 0.4866392749949005 0.020489116181484402 0.052452137424600025
0 0.4539022204738177 0.5271925479111422 0.05163257277734071 0.10636127866655008
0 0.5358586851997552 0.5026663169857505 0.0330557741061282 0.07382152674573343
0 0.5502010665267943 0.5699313265534088 0.03059708016435001 0.07042185117191672
0 0.48805074744295834 0.618740954434634 0.11829049742110323 0.15638507639556687
0 0.649929830803289 0.7879243095087497 0.05954498734977864 0.06940052006465659
0 0.6089154411764706 0.7541025370721764 0.03631997153700187 0.041288917000492024
0 0.7470301628716002 0.7593734626467075 0.025448687539532024 0.10014758591608679
0 0.6376996363061352 0.46354276477616135 0.02717820999367485 0.06632581347951365
0 0.6853850411132194 0.545461733080329 0.034590449082858965 0.07027900766041183
0 0.8063280755850726 0.4692529341485699 0.04620295698924731 0.03909269801110411
0 0.8375830170777988 0.5283312249631036 0.08499367488931057 0.060615644107105224
0 0.905652079380139 0.4688136903506923 0.049167852624920835 0.046999086372900456
0 0.9318419908285894 0.5272331154684096 0.028413583175205547 0.03733572281959379
0 0.9346833491461101 0.37130156722187085 0.07016919671094249 0.04612059877714529
