9 0.3828125 0.647685185185185 0.077083333333333 0.125
0 0.1396227289581016 0.7436246034688748 0.08072240761339759 0.0975020255702495
0 0.310530218761587 0.6626017934879633 0.015449264615004336 0.04394457490490109
0 0.3460635273760969 0.6701547672997432 0.017766654307254978 0.06042379049423925
0 0.3960805215671734 0.579862398549829 0.032829687306884146 0.04600447685356846
0 0.42408231368186877 0.6581386725991842 0.02858113953775803 0.04325794092201203
0 0.3136200716845878 0.6032079539680578 0.04480286738351256 0.06111042447712824
0 0.2873563218390805 0.6684381823425205 0.03476084538375973 0.06797676430601901
0 0.19581942899517982 0.44699872286079184 0.05098257322951429 0.04806437880223563
0 0.24660888641700657 0.41816009557945044 0.019697812384130486 0.0480643788022357
0 0.24602953899394386 0.3388538705557616 0.03707823507601037 0.04600447685356846
0 0.29949660174477577 0.5026938076238137 0.032334144856968984 0.03268636865715382
0 0.37018791844187454 0.3561687067469173 0.05769425847027799 0.05522869186898397
0 0.3920610164333536 0.400689795090282 0.06340028403327247 0.05861004035075851
0 0.4178966321769122 0.43619395414891454 0.0231411036721444 0.02817790401478773
0 0.3237472103875025 0.5373526295620026 0.0212390951511463 0.03775839137981558
0 0.2922055690809494 0.5686301030184171 0.019020085209981732 0.047338878744843424
0 0.1863270947453844 0.5038209237844052 0.01077804828565629 0.029305020175379285
0 0.2362548184215865 0.5238272356349045 0.028213126394806245 0.027614345934492055
0 0.28126902008520993 0.6092062847997114 0.01997108947048084 0.03155925249656226
0 0.3759964775676678 0.18020022246941045 0.31284760845383763 0.26572735137807446
0 0.43740730441231 0.04733654678037324 0.06256952169076753 0.07621637210068802
0 0.5912240452354468 0.1539364726239031 0.03534019280682233 0.06900671528035267
0 0.7835992426592224 0.03374000551419906 0.08287388854425141 0.06748001102839812
0 0.810139653815893 0.35211411253897484 0.13194990820875946 0.1486143893697001
0 0.48087077572964665 0.3259088581669227 0.028081797235022996 0.03157535415599934
0 0.4578293010752688 0.38756613756613767 0.022801459293394787 0.02005461682881037
0 0.5537991878288722 0.49410254454866664 0.011617764813543832 0.03241058491573244
0 0.5767666151910318 0.4729721141869392 0.020018302447952357 0.01684079412288059
0 0.5759623083962481 0.5193637357329876 0.016622340425531883 0.02700882076311045
0 0.5646126458476322 0.45772007422659444 0.015371196522534871 0.026373319098096044
0 0.566668096545413 0.5419240448409974 0.012690173873255526 0.026373319098096044
0 0.5325297414779226 0.556858333968835 0.009115477007549807 0.02700882076311038
0 0.6296946313916609 0.7103693389374522 0.10781697222866866 0.07563841399998285
0 0.7781470987116148 0.733529228152884 0.03541848299912816 0.05596994844306667
0 0.7401554780587037 0.5217583174572422 0.08052407245955626 0.07588233394685004
0 0.7286520391359101 0.48677709968032545 0.02119054538409377 0.03175218228981672
0 0.8942410152087571 0.44076334398915035 0.03511576092221251 0.04951187746886672
0 0.7973699505957569 0.5056131400217421 0.015136103845781198 0.03713390810164999
0 0.6658372081759178 0.5634666924989505 0.02875859730698437 0.03551939035810005
0 0.6270887823307177 0.47143918111660044 0.022704155768671873 0.022603248409700006
0 0.6517606315993412 0.4165455778359004 0.018768768768768786 0.02690862905916664
0 0.8913358147229116 0.5624483043837882 0.04781844499586437 0.05422295744876394
0 0.943806865177833 0.5374046503078761 0.06694582299421019 0.07122507122507118
0 0.9096877584780811 0.6065618968844775 0.0224875930521091 0.049627791563275445
0 0.842181899641577 0.7292911190760654 0.0862455197132616 0.046794105933890835
0 0.9729502688172043 0.6327160493827161 0.052083333333333336 0.03683791318199911
0 0.9571926287492927 0.40128244106106864 0.0849426994906621 0.12168706032750744
