7 0.925 0.162962962962963 0.078125 0.092592592592593
0 0.6861382286361064 0.12821480223857135 0.061014431239388864 0.06602527824938688
0 0.2822959260941996 0.4394214750870817 0.06105179463880056 0.05468894610194022
2 0.3153631832437276 0.8453429908403027 0.021701388888888864 0.03920250896057348
0 0.30783770161290325 0.647152528872959 0.01645105286738349 0.028624054161688617
0 0.18235467069892478 0.6813769414575866 0.026601702508960618 0.07218239745121462
0 0.21753192204301078 0.7305356431700518 0.018551187275985637 0.039824771007566616
0 0.23993335573476704 0.8179634607726006 0.012950828853046544 0.030490840302668305
0 0.07244763664874553 0.7280465949820788 0.042702732974910396 0.057248108323377095
0 0.13247647849462368 0.9822689258173128 0.06414956011730204 0.02986857825567503
