2 0.075 0.099074074074074 0.06875 0.088888888888889
0 0.15172771057347673 0.2660170250896058 0.11655745967741937 0.14498705694942257
0 0.1223258288530466 0.14498705694942254 0.05565356182795699 0.042313819195539615
0 0.21683187724014338 0.07404918359219435 0.050053203405017975 0.033602150537634407
0 0.2549843189964158 0.10671794105933892 0.01575100806451613 0.04169155714854641
0 0.1905801971326165 0.1440536638789327 0.04235271057347669 0.05538132218239744
0 0.22313228046594985 0.12569693349263242 0.06615423387096774 0.07716049382716049
0 0.24798387096774194 0.18667861409796893 0.07245463709677419 0.06222620469932299
0 0.22085713485663083 0.3898471724412585 0.04060259856630822 0.04666965352449223
0 0.306962645609319 0.39793657905217045 0.051803315412186406 0.07778275587415368
0 0.34178987455197135 0.42438271604938277 0.022051411290322582 0.05849263241736358
0 0.338814684139785 0.26228345280764637 0.04830309139784954 0.05538132218239744
0 0.30888776881720437 0.25450517722023097 0.056353606630824345 0.05351453604141779
0 0.3673415098566309 0.324820788530466 0.06825436827956989 0.09209478295499803
0 0.19408042114695345 0.42624950219036245 0.09765625000000004 0.06471525288729592
0 0.4290937670858392 0.23616426705546445 0.011390559504282844 0.03189356661199198
0 0.45500728995808265 0.23236741388737017 0.021072535082923317 0.025312354453961874
0 0.46355020958629484 0.37917906972034915 0.03986695826498999 0.07897454589636112
0 0.43877574266447966 0.4903003057732418 0.04442318206670313 0.060243403600429346
0 0.5139534353927465 0.4984002591985096 0.07916438855476586 0.07846829880728183
0 0.47536791507198833 0.4604317275175668 0.02591352287224348 0.03695603750278439
0 0.5297578367049389 0.37816657554219063 0.023065882996172786 0.03948727294818056
0 0.5660652451248405 0.3895571350464735 0.043284126116274885 0.03594354332462588
0 0.6049355294332057 0.42018508393576737 0.023065882996172786 0.0242998602758034
0 0.6843363258267398 0.23866684700525234 0.03360215053763448 0.054665133788688265
0 0.7009789003854736 0.4088613872545705 0.08844339622641516 0.05241090146750525
0 0.61459601339014 0.538761524762742 0.03487015621829983 0.14877933319807934
0 0.8068573747210387 0.4485922319154212 0.023775106512477263 0.047338878744843424
0 0.7548691418137553 0.5520051396496922 0.016167072428484416 0.05466513378868823
0 0.6672182491377562 0.5100200626676585 0.03550415905863262 0.05184734338720944
0 0.6925344956181242 0.4571791631273265 0.018840512151159117 0.02831472158341442
0 0.6976816458449873 0.4886015980552621 0.02020013673938711 0.02278989785982141
0 0.6510659456771708 0.5448857397393664 0.026027099260364204 0.02071808896347397
0 0.6600006215426689 0.5854586639595031 0.022919385915843173 0.047996906098714806
1 0.6915633351979613 0.597026263630776 0.04525607557958859 0.044889192754193716
0 0.5528905574094674 0.5666034963402409 0.022015202076381205 0.05870720553701641
0 0.5780921703126932 0.5418846729562339 0.034953961191447315 0.04291462393056757
0 0.6403433103300702 0.6014937261125674 0.030258652971700672 0.06657275153503685
0 0.48528105798771115 0.6370754394947944 0.04290274577572969 0.03573562041303983
0 0.5161830357142857 0.6141406383341868 0.030901977726574447 0.03466888547533712
0 0.8987818463624914 0.396633192332117 0.03390487261455006 0.044130151657033385
0 0.8969655139009978 0.4778972520908005 0.016952436307275106 0.04520649681940008
0 0.875623607478446 0.4894679625862421 0.02452048823016563 0.033904872614550045
0 0.6547878523684975 0.657646894206034 0.050857308921825016 0.044130151657033385
0 0.6534256030223772 0.717384050717384 0.016649714230359377 0.0839549226646
0 0.931475830669379 0.5610449158836256 0.02785043107623749 0.05435543069951673
9 0.9150124069478908 0.5315097089290638 0.055757414628382386 0.055470216760539294
0 0.9293210150064989 0.43402654692977277 0.013477785655205084 0.039715362296007466
0 0.9549841959116151 0.545623432720207 0.026032435306628837 0.023960507831475568
0 0.9797573472520997 0.445704832801607 0.038653297836351304 0.05508947444431315
0 0.9798110914714981 0.5751456439082717 0.03970577404625125 0.05263501453530032
0 0.20380912221519432 0.6746784735399537 0.03733572281959378 0.03904389314467327
0 0.06372407834101382 0.7210274790919953 0.01656105990783411 0.08448540706605216
0 0.049271872824321224 0.10311320835804476 0.04834841803976173 0.04985259104544322
