7 0.556770833333333 0.321759259259259 0.060416666666667 0.084259259259259
0 0.6693371533672893 0.46384330000628815 0.07869977362761747 0.12419040432622772
0 0.6512096774193549 0.4386908130541407 0.044213355970571584 0.048732943469785565
0 0.7064763723825693 0.3286486826384959 0.06808856819468022 0.05816512607684087
0 0.7131083757781551 0.22332264352637868 0.05659309564233172 0.08331761302898827
0 0.6414827391058291 0.14314909136640885 0.030065082059988733 0.05502106520782239
7 0.5475155409946236 0.25948327359617684 0.04620295698924731 0.08213859020310633
0 0.38843035954301075 0.2254144265232975 0.03990255376344086 0.05693697729988052
0 0.36664146505376344 0.4013590203106332 0.05827872983870964 0.06907108721624851
0 0.4656102990591398 0.516633064516129 0.02415154569892473 0.07373805256869773
10 0.7631761159986966 0.6850946743419862 0.08756924079504722 0.07059845769523193
10 0.8655099380905832 0.5950363853589661 0.09469696969696975 0.03710944571159625
0 0.729319403714565 0.5443503131675175 0.08909661127403067 0.08417508417508415
0 0.6618605408927989 0.5244379276637342 0.07025904203323555 0.07331378299120236
0 0.7606304985337244 0.5226277107997539 0.05091234929944607 0.09322616849498573
10 0.8953503024193549 0.4492731979291119 0.05670362903225806 0.07218239745121462
0 0.964479726702509 0.41255973715651134 0.06755432347670245 0.11449621664675426
0 0.8221956205197134 0.45798486658701715 0.0952060931899642 0.08213859020310633
0 0.771442372311828 0.4085150338510554 0.024501568100358525 0.06409299084030265
0 0.836196516577061 0.37677966945440067 0.052503360215053765 0.07529370768618078
0 0.8676985327060932 0.4013590203106332 0.054603494623655914 0.07591596973317406
0 0.7959439404121865 0.2818847072879331 0.08960573476702503 0.18294504181600957
0 0.8444220430107527 0.23023695738749503 0.04655297939068111 0.057248108323377164
0 0.8402217741935484 0.1415646156909598 0.08855566756272412 0.06782656312226204
0 0.9296524977598565 0.19072331740342496 0.0910058243727599 0.07031561131023495
0 0.9480286738351255 0.2756620868180008 0.0934559811827957 0.14685384309040223
0 0.8885248655913979 0.30615292712066905 0.09975638440860216 0.12569693349263242
0 0.6685885840619034 0.2428566643218437 0.029519646266706827 0.044663294587925256
0 0.6711008943824741 0.03377661653211849 0.05652698221284295 0.06755323306423698
0 0.9359663633857183 0.12319639738994576 0.06117314585056511 0.08730815182428084
0 0.9165805073063138 0.059629935974022 0.1361317893575958 0.10722053732806419
0 0.8465081765232977 0.016795331311460344 0.04251318238213406 0.03359066262292069
