10 0.43828125 0.246296296296296 0.318229166666667 0.377777777777778
10 0.19534977526011063 0.9017952587562096 0.1123423283705542 0.1952147393573539
10 0.45932371250707427 0.6461988304093569 0.4633559705715903 0.39143557819279384
10 0.5238752122241087 0.8372005282022261 0.18569609507640072 0.23894862604540024
3 0.6653579513299377 0.5958938565050619 0.17508488964346347 0.32541029994340687
10 0.18387450481041318 0.5157203043450922 0.06808856819468026 0.23737659561089094
0 0.19033549428196178 0.2131685133575129 0.11706528761038329 0.11017026572653314
0 0.4566709111488399 0.0323209457335094 0.1043435200905489 0.056593095642331614
0 0.6197076612903226 0.21468040621266427 0.07717993951612903 0.11760752688172044
3 0.685561117290817 0.1802414205083838 0.07029415399826973 0.06385696040868453
0 0.6668288839451243 0.2447850148999574 0.028194907922382863 0.06797676430601904
10 0.6367028179458658 0.39412790617833254 0.09308181930540103 0.08926241777558055
0 0.8831578554360813 0.6012212929775653 0.07747162485065714 0.22733306783485993
0 0.9488197244623656 0.7394609756674593 0.10168850806451613 0.2845935803257744
0 0.9057669690860215 0.1640832821772049 0.1877940188172043 0.32647799956434786
0 0.8098740541616886 0.18803929377406078 0.06658203902827563 0.1736802513385548
3 0.9480162285941856 0.37720695606000265 0.10142871365989657 0.09181822204522323
3 0.8197244623655914 0.31391875746714454 0.06283602150537634 0.1081242532855436
0 0.7768817204301075 0.5301672640382318 0.051075268817204304 0.09976105137395459
0 0.8513104838709677 0.45280764635603343 0.021841397849462367 0.07048984468339307
0 0.7728494623655914 0.4543010752688172 0.02620967741935484 0.10454002389486261
0 0.8590389784946236 0.3685782556750299 0.03931451612903226 0.06810035842293907
10 0.9069220430107527 0.4348864994026284 0.10618279569892473 0.0955794504181601
0 0.9676299283154123 0.564715252887296 0.05973715651135008 0.07467144563918758
0 0.05701164874551969 0.6202708084428515 0.11200716845878135 0.10354440461967339
0 0.08613351254480284 0.5684986061330147 0.1388888888888889 0.08164078056551173
