3 0.608854166666667 0.684722222222222 0.108333333333333 0.128703703703704
0 0.6609366157328805 0.1879519587499214 0.11672325976230895 0.10375400867760796
0 0.4614285173406028 0.2088865330573645 0.04922005149174623 0.0950746293772191
0 0.4627932551319648 0.3488468918576446 0.24947051156728578 0.21089026465370553
0 0.43148216031280545 0.4850657108721625 0.058549201694362986 0.15567865030230624
0 0.5195605246008471 0.76745954165309 0.10640681003584232 0.18826255385395163
0 0.5842192082111437 0.7407588429093805 0.051421472792440526 0.10589768654284783
0 0.3194749918540241 0.7575033489011983 0.04225724991854024 0.13757648166250314
0 0.7206588881262869 0.5320928340832253 0.1851692976435598 0.2345001143902997
0 0.7421917714598141 0.6973553652066502 0.11020366320393653 0.08251827551991572
3 0.5673963133640553 0.6081669226830517 0.06576420890937022 0.06187062638675541
