10 0.1421875 0.613888888888889 0.252083333333333 0.298148148148148
3 0.6083227221279004 0.8599949695026096 0.33160016977928686 0.26881720430107514
0 0.9470235568760611 0.8146241094834155 0.10528084323712505 0.20864400262657917
0 0.6852539615166949 0.6799974847513047 0.06278296547821174 0.14777086084386587
10 0.2728726362625139 0.4464425493346517 0.1367259918427883 0.2873563218390805
10 0.3786035409714498 0.5169941910765048 0.10138579903596591 0.4202199975281177
10 0.48462411939191696 0.5829110534338566 0.2357944011865035 0.32134470399209003
0 0.19668845012977385 0.7549128661475714 0.0828466814979607 0.19569068512338822
0 0.5992790811339198 0.6543933963288803 0.09049670087976545 0.1303356142065819
0 0.25857585320243104 0.6785621526154486 0.10080645161290319 0.16882239883642391
