10 0.714322916666667 0.588888888888889 0.233854166666667 0.559259259259259
0 0.5376344086021505 0.757013966135212 0.032443455691509124 0.2396352600282893
0 0.37252039302929185 0.7130693912303108 0.1687832159189223 0.18882434529449724
0 0.5062675942590797 0.5062275344706468 0.04456250865291424 0.037688248957804565
0 0.46080619062532624 0.7449745392119335 0.07014041131642133 0.14789296029509003
0 0.4994649754671678 0.8026817923466842 0.04371541914604862 0.10323508600990597
0 0.7875970728793309 0.6022169122527545 0.07280465949820783 0.08429576529934958
0 0.7728494623655914 0.7230187176423737 0.11424731182795698 0.09491570423470067
0 0.7125522700119474 0.7681534581176158 0.10416666666666674 0.09624319660161966
3 0.911193451516032 0.4577157802964254 0.10353095030514378 0.0963328920318168
0 0.8921219606703477 0.5588922255588922 0.024217766153249977 0.06942426297265009
0 0.9829573570320441 0.6966062180050016 0.03341324292515916 0.10816359898824324
0 0.5154965211891208 0.21009909340080113 0.09724857685009483 0.07871248857966127
0 0.9234414531941808 0.5863114062829433 0.06201573371283996 0.053587743341064045
0 0.865255376344086 0.6418757467144564 0.045955882352941096 0.07598917703282032
0 0.9111652913228308 0.6441425171107591 0.048449612403100764 0.07409259722337991
0 0.2888355067490277 0.7221078319225197 0.043611301761610585 0.10485777472736971
