10 0.3171875 0.747222222222222 0.064583333333333 0.075925925925926
0 0.3803064205357698 0.7251331137215903 0.043896450991360525 0.050414016477786795
0 0.2539215216940336 0.6688779909830038 0.12566100798022523 0.06819055469448715
0 0.25729646697388625 0.7060931899641577 0.08688556067588325 0.08363201911589008
0 0.2638144870152556 0.7481140742466003 0.03784790963083731 0.021134445263943303
0 0.19518049155145922 0.3281987824998578 0.09840629800307221 0.083205325140809
0 0.16006842619745842 0.6799174541110024 0.06190941674812641 0.0275152963325006
0 0.13827794069729554 0.6471525288729589 0.027289019224503087 0.039462727634770614
0 0.12341153470185727 0.5799934832192896 0.04276637341153469 0.027515296332500667
0 0.6022655720236365 0.6635667925990507 0.0681124673060157 0.0419774613323
0 0.5751719461396879 0.5804191288062256 0.03269398430688753 0.05327908553715004
0 0.538845296909813 0.5755755755755755 0.04661919984500635 0.05327908553715004
0 0.48980432044948174 0.6199748135232005 0.037537537537537496 0.07211512587856672
0 0.5969679356776131 0.8301312064752924 0.05993897122929379 0.0306758371274501
0 0.6267860602538021 0.710925979743184 0.04813281022958438 0.06027532909253344
0 0.4640729439116535 0.8298621201847008 0.018163324614937484 0.02475593873443346
0 0.49934006587232393 0.8263639984070091 0.052370919306403196 0.028523146802716715
0 0.4806769171688527 0.7945829558732785 0.044125900980739735 0.03150970892906379
0 0.48344632518019603 0.7281171636010346 0.026770944109653794 0.054157312221828326
