10 0.673958333333333 0.33287037037037 0.15625 0.184259259259259
10 0.7409627900396153 0.4583411934855059 0.24671052631578952 0.18864365214110537
10 0.3872559422750425 0.33572281959378736 0.1706635540464063 0.27667735647362135
10 0.12462860780984726 0.3530151543733887 0.05040322580645161 0.11947431302270016
0 0.23560413129598193 0.5455888826007672 0.1697792869269949 0.1336225869332829
0 0.1622099603848331 0.6870716217065962 0.2422891907187323 0.1367666478023015
10 0.3417161856253537 0.6202603282399547 0.15386247877758907 0.17921146953405018
0 0.5702992359932089 0.6210463434572094 0.11407045840407476 0.08960573476702509
0 0.5422691879866518 0.6874510773287191 0.2155172413793104 0.18230132245705108
3 0.48954857248794964 0.842973674453096 0.16685205784204668 0.16994191076504764
