10 0.853645833333333 0.659722222222222 0.263541666666667 0.312037037037037
3 0.4261699227623808 0.5214548942399919 0.04022792669998486 0.0774058929442846
3 0.39943018325003793 0.6905699429552224 0.06720430107526881 0.1699564171167987
3 0.8631161971830985 0.46506638396688377 0.02815954868998934 0.043330472680768
0 0.7675157125548993 0.40364649065239705 0.04756360745115854 0.04922005149174618
0 0.622613760324139 0.5878482503073432 0.06866526414212248 0.22855955534777406
0 0.6920095059996884 0.5705331324779664 0.10031946392395202 0.19912385503783347
0 0.5274076671341748 0.5800564472841238 0.07110020258687862 0.28916246775059307
0 0.48187431821723536 0.6843800322061191 0.09691055010129343 0.1601648399217356
10 0.9767305107526881 0.33116786140979687 0.04578293010752688 0.08139187574671446
10 0.9536290322580645 0.47565710872162487 0.09114583333333333 0.09408602150537634
10 0.8830645161290323 0.47976403823178015 0.06258400537634409 0.05600358422939068
10 0.8215305779569892 0.5402479091995221 0.1268481182795699 0.09184587813620072
10 0.7885584677419355 0.42786738351254483 0.10206653225806452 0.05675029868578255
10 0.6814516129032258 0.4289874551971326 0.09282594086021505 0.06795101553166069
10 0.7278645833333334 0.5536887694145759 0.04200268817204301 0.06197729988052569
3 0.698252688172043 0.6619623655913979 0.08526545698924731 0.13664874551971326
10 0.5529233870967742 0.39053166069295103 0.11382728494623656 0.10752688172043011
10 0.6348286290322581 0.3718637992831541 0.050823252688172046 0.053763440860215055
