3 0.732291666666667 0.115277777777778 0.215625 0.230555555555556
0 0.21703452178834187 0.4630572847890335 0.07958404074702886 0.1414827391058291
0 0.09825125757428296 0.8805728478903352 0.19158463821872335 0.2376595610891027
0 0.5269701471420487 0.6603471043199396 0.2820812110922467 0.20279192605168833
0 0.7104555744199208 0.5369427152109665 0.10964912280701752 0.3081179651638055
0 0.5223443247736277 0.8931490913664087 0.22412855475382001 0.21250707413695527
0 0.45976584606677984 0.8191221782053701 0.24317345783814373 0.18392756083757777
0 0.3907489642395703 0.9607464000503049 0.1263621050495989 0.07731245676916305
0 0.9191691426146009 0.8555332224710133 0.16098967176004522 0.24731746676180888
0 0.8731607243916243 0.32471860655222284 0.12910299943406894 0.15405898258190284
0 0.748921194114318 0.07397975224800353 0.15120967741935476 0.12104634345720934
3 0.8194199207696662 0.0924039489404515 0.2578070175438597 0.184807897880903
0 0.5506657426075269 0.23661514336917563 0.3139700940860215 0.3761574074074074
4 0.6025565636200717 0.12849711270410197 0.13615871415770614 0.1250746714456392
0 0.6095570116487455 0.035780067702110716 0.09975638440860216 0.07156013540422143
0 0.4138944892473118 0.07778275587415373 0.12635808691756276 0.15183193946634807
0 0.43227066532258074 0.15120967741935484 0.033602150537634407 0.09956192751891678
0 0.4097720031859816 0.42256294526306476 0.1136665339174299 0.1607740755490656
0 0.33198924731182794 0.3665132675487116 0.07508628700384974 0.08407451657152973
3 0.3987787070224346 0.6061993893535113 0.25927585291384575 0.19617387200023598
10 0.5760989879822896 0.5199123855037833 0.18645899219903012 0.2682315459039051
10 0.8701178051865907 0.6616417176189473 0.2539927261227072 0.26881720430107525
10 0.8476222478238608 0.46942026511918983 0.20241295442908344 0.25032713204756213
10 0.7280145929339478 0.405416168857029 0.18241167434715824 0.25317175854810253
10 0.6824116743471582 0.3961711327302725 0.04960317460317479 0.15503214427945616
0 0.15357782898105474 0.13517665130568352 0.07680491551459293 0.17636684303350975
0 0.2485001966955153 0.05692097627581497 0.042170113521411694 0.1138419525516299
0 0.20546263108987123 0.5918182220452233 0.10163613434222754 0.14971163915807492
0 0.156096508695075 0.5907119784061242 0.07010819062790391 0.23747363452660145
0 0.11544205495818397 0.4675501865864271 0.08172374883844417 0.12242429606029763
0 0.036414774990043794 0.47824387509771826 0.07052303199256603 0.10251191055651432
0 0.018161754944909052 0.5652683747068455 0.03401699190229656 0.2618109945867812
0 0.045126443647948995 0.35987580571411715 0.08545732112040354 0.08554950809032845
