10 0.165104166666667 0.338888888888889 0.201041666666667 0.238888888888889
0 0.5212224108658744 0.06297553920643904 0.09550084889643459 0.07702949129095138
0 0.9558662280701754 0.1389786319855386 0.08759550084889645 0.2645818795867421
0 0.8590124504810414 0.4072502043639565 0.06543576683644586 0.13991070867131994
0 0.6937685391175381 0.5504675977423474 0.11992491657397114 0.18436122440571823
0 0.7709293394777263 0.22008875234681693 0.08544546850998462 0.1228878648233487
0 0.37990342493030665 0.4299379028570586 0.07218239745121469 0.07374957593993836
0 0.3164326961369972 0.5859182559700282 0.047291915571485474 0.2618109945867812
0 0.342982543475375 0.6179993215039014 0.028209212797026404 0.08554950809032845
0 0.34972371565113497 0.4958515863533784 0.06907108721624854 0.34514801539891143
10 0.4039894916911046 0.49954744578400495 0.06364043662430763 0.35661272220412
10 0.4658479960899316 0.4456934940805909 0.06007657217334635 0.4661308424749285
10 0.5330522971652003 0.5321313493356504 0.13440860215053763 0.3113573006046125
0 0.6073747210387502 0.4442077500507202 0.16357273280584306 0.11722008070151707
