10 0.491145833333333 0.317592592592593 0.1375 0.162962962962963
0 0.7568795981890211 0.3294346978557505 0.23786785512167521 0.1446267999748476
10 0.9196112761743067 0.07275356850908635 0.16010540464063383 0.1455071370181727
0 0.342874451007118 0.543330472680768 0.045907163410571 0.16490820670738887
10 0.5016564440405877 0.5353374728658691 0.06341814326821144 0.10180557658976558
0 0.5234268514311676 0.6695357329160146 0.1694305618658186 0.1564945226917058
0 0.6128748296228987 0.5883436821646726 0.10790549750113583 0.23810725764383184
0 0.46048197788883855 0.5008413684015683 0.03312888081175218 0.14555673347131778
10 0.42948281084355605 0.44867652750433307 0.07335680751173712 0.061419893314486676
10 0.6711096176821983 0.520244258595513 0.12656810035842297 0.3239081375282092
0 0.756981780167264 0.5056418425594054 0.08400537634408602 0.25222354971458916
0 0.6167861409796894 0.48938006106464893 0.0918458781362007 0.1679277844152396
0 0.6743445279128001 0.251223384232664 0.10586978936514947 0.11129114089785767
0 0.8589262041537783 0.5871425999574474 0.060760053026955474 0.2103075236084516
0 0.9443124907939314 0.5384527258146349 0.10540948593312706 0.12602085072257413
