10 0.2484375 0.39212962962963 0.141666666666667 0.217592592592593
10 0.8899617996604414 0.5628812173803686 0.14325127334465193 0.0990379173740803
0 0.7436155913978495 0.6186882978054455 0.10522778720996037 0.15091492171288431
10 0.6860902708265357 0.7634565805193989 0.3155874460107398 0.4718920958309752
10 0.3542829818031431 0.412117452440033 0.13117762613730352 0.17231872070581747
10 0.47802936311000827 0.44256042643139415 0.13440860215053763 0.24239500045951656
10 0.4285954301075269 0.7257375241246208 0.06526571546732839 0.22975829427442326
0 0.2460452853598015 0.697592133076004 0.16284119106699751 0.1757650951199337
10 0.16688637303556658 0.3535290874000551 0.14797870140612074 0.20908004778972517
10 0.6369933829611248 0.4339444903961033 0.11243796526054595 0.1608308059920963
10 0.7474927626137303 0.4971280213215697 0.10856079404466494 0.11487914713721163
0 0.7980708412397217 0.613149202333263 0.03162555344718529 0.08644317942230645
10 0.5794592030360531 0.5066765057277391 0.051391524351676175 0.1321245344015743
10 0.6229443390259329 0.5186239370300091 0.05060088551549657 0.08574038934570243
10 0.32583674087535974 0.6413498914634762 0.1699038315917008 0.20950073199050928
0 0.31968423443889143 0.548799367290962 0.10175299106466765 0.11526747101485862
0 0.5217704073905801 0.640929207262692 0.11027184613054675 0.1177915762195635
0 0.43208579433590794 0.5521648408972353 0.07572315614114795 0.09507462937721914
0 0.39398758140239293 0.48695878977569124 0.03644176889292748 0.07067494573173808
10 0.1972926267281106 0.6126472094214029 0.11232718894009217 0.07851169141491716
0 0.04224270353302611 0.6344086021505376 0.07296466973886329 0.0759515275644307
0 0.11016705069124423 0.5012800819252432 0.06192396313364054 0.11862092507253796
0 0.12024769585253453 0.5678443420378905 0.04176267281105991 0.10496671786994358
