3 0.57109375 0.251851851851852 0.1859375 0.22037037037037
3 0.774122807017544 0.26105137395459976 0.2228353140916808 0.27510532603911214
0 0.19227504244482177 0.23118279569892472 0.14678834182229766 0.10532603911211726
0 0.35164355781927936 0.326982330377916 0.08194208639879264 0.08174558259447898
0 0.5671099792491983 0.422876186882978 0.061309186945859254 0.06392923767004127
0 0.5815530088662516 0.5040977593326207 0.12910299943406908 0.07755350143578776
0 0.7429297392841362 0.5155398438650759 0.13901163647076153 0.10965450647288916
0 0.48994807462549395 0.43413595564133206 0.08041540299604814 0.06484289638411501
10 0.3153701836917563 0.5684488251692552 0.2499159946236559 0.28250696933492625
0 0.4024404053087469 0.8937549780963759 0.5108619934131927 0.2112953006770212
10 0.273717517921147 0.4639088012743926 0.15540994623655918 0.09582835523695736
3 0.19496247759856633 0.6642771804062126 0.09870631720430108 0.2028574273197928
