10 0.519791666666667 0.602314814814815 0.144791666666667 0.171296296296296
3 0.9469970288624787 0.7389486260454002 0.10522778720996037 0.13362258693328305
10 0.7745367192862046 0.5679986781565368 0.136553420269961 0.11184829304252768
0 0.753034376018247 0.2673871329785309 0.20263115021179537 0.2063647224937547
0 0.5761503281664572 0.404963614641034 0.06414956011730208 0.20791633694859502
0 0.6265535539729088 0.5628403854210305 0.050621421589163544 0.23351797545345937
0 0.5368750872783131 0.7242082887244178 0.10342480100544618 0.08301137333395392
0 0.9515145554681355 0.2119940554244252 0.0917912404930502 0.06750784353721673
0 0.8393707929014774 0.31252731882157536 0.06365285427047805 0.1821254771687502
0 0.43951612903225806 0.5734767025089607 0.08624551971326168 0.12345679012345684
3 0.19507915173237753 0.7120669056152927 0.13179510155316604 0.08097703438205237
3 0.6285282258064516 0.8786340103544406 0.1271281362007168 0.17821585025886097
