10 0.7953125 0.530555555555556 0.226041666666667 0.331481481481481
0 0.9112107385398981 0.1921990609738205 0.17690647990945102 0.36691714351589855
0 0.7294673174872665 0.2736276174306735 0.10522778720996037 0.2216562912657989
3 0.4747983870967742 0.7279444130038358 0.35459111488398415 0.32541029994340687
0 0.2628218732314657 0.327930454639642 0.5256437464629315 0.6506850254500124
10 0.47037705149971704 0.9275922781865058 0.3386743067345784 0.14305476954033824
0 0.02937535370684779 0.7887700345315307 0.05875070741369558 0.15151982131106478
0 0.09192772952853596 0.4477299880525687 0.13763957816377173 0.13096222773642124
3 0.6414277180406212 0.5839638922076199 0.0642174432497013 0.05973715651135013
10 0.902559363799283 0.967368578255675 0.12333109318996414 0.06406810035842293
