3 0.364583333333333 0.498148148148148 0.213541666666667 0.253703703703704
0 0.8130305602716469 0.5589511412940955 0.16801075268817203 0.18549959127208707
0 0.8413271080928126 0.6650631956234673 0.07427843803056032 0.08646167389800664
0 0.9297023244781782 0.7168450414813476 0.1399233080328906 0.1302989535121099
0 0.5007149393731412 0.5845217214469102 0.0993765728666209 0.1525203996034469
0 0.44609751575824996 0.5319284802043424 0.13093251761216163 0.13698347958637166
0 0.396273637374861 0.691055905738887 0.14251946607341492 0.09475548963869315
0 0.4187508506873554 0.6434977239387203 0.052317272356063656 0.05898098997323158
0 0.34282700421940926 0.6177880616426962 0.08421804818293177 0.08015365304054566
0 0.5976062467997951 0.5916823121124196 0.01706775900324289 0.0493068593427017
0 0.22288596840568164 0.6607740755490656 0.20368711004911721 0.16372405858666308
0 0.25873655913978494 0.8975839638922076 0.19489247311827956 0.14071419089340229
0 0.034358955729923465 0.6137858288395922 0.06569069069069068 0.14476842433831674
0 0.14303618134263293 0.5658884691142755 0.06629613484452195 0.05973715651135006
3 0.13728446188123605 0.6872463861711172 0.07901046207497821 0.10225279042483344
3 0.3535426267281105 0.7248677248677248 0.12144777265745005 0.18689196108550934
3 0.4677899385560675 0.7922853729305341 0.12720814132104458 0.1766513056835638
3 0.5523710064206698 0.6790180758618911 0.09821497640597195 0.07129780046930197
3 0.5430300920553879 0.7576433476874415 0.12884853407596505 0.09970518209088637
3 0.5863114062829433 0.8830205917492444 0.28462998102466797 0.19092463747745222
