10 0.343489583333333 0.204166666666667 0.1703125 0.202777777777778
0 0.5463246199480906 0.20646397231491784 0.13440860215053763 0.32031475301775636
0 0.8174040976460332 0.550857308921825 0.1789087474571346 0.14853563240660028
0 0.5833215431050744 0.5994676056928462 0.14207225051877007 0.11318619128466323
0 0.43977551405395204 0.4915215158565469 0.12143935106583664 0.09222578549120708
0 0.45510281079041687 0.8693328302835942 0.10021694019996229 0.23161248401769058
10 0.32074780058651026 0.6208319756706855 0.12218963831867054 0.3190507222765288
0 0.6765925968902298 0.01823487446601861 0.043030092055388 0.03567038842044643
10 0.27258544546850993 0.8473431188484953 0.09640616999487968 0.2951299994310747
0 0.15357782898105482 0.7099713640932279 0.11894094555384878 0.24321556579621093
0 0.2406645906526137 0.6182913990323763 0.08350633450441818 0.11060245809527185
0 0.08363275843713407 0.6108981865928528 0.1553683594165868 0.16205921667435555
0 0.15189264795873764 0.45361385513496716 0.13659410787656265 0.09810492370156677
