3 0.869270833333333 0.349074074074074 0.111458333333333 0.157407407407407
10 0.26743774759479344 0.39860403697415586 0.27235427277872093 0.2986857825567503
10 0.37487620260328247 0.3600892913286801 0.10169071873231462 0.15877507388543044
10 0.10605899830220718 0.4952839086964724 0.21133984153933222 0.2279444130038359
10 0.33552631578947373 0.6139722065019179 0.09903791737408027 0.16034710431993965
0 0.036201895868704065 0.6289064956297553 0.07162563667232597 0.1682072564924857
10 0.5610144312393888 0.7420926869144187 0.2511318619128466 0.2908256303842042
10 0.8475169779286926 0.6540589825819029 0.1308715336728919 0.20279192605168844
10 0.9010151386530844 0.49842796956549085 0.14236700622524037 0.14934289127837516
10 0.9673351726089419 0.544016852166258 0.06455149971703447 0.14619883040935683
10 0.5008842671194114 0.6831415456203233 0.20868704018109788 0.21065207822423437
10 0.5888688455008488 0.5605231717286047 0.26970147142048667 0.3615669999371188
10 0.6158389926428977 0.4056781739294473 0.129102999434069 0.21536816952776214
10 0.7073606395019807 0.2767716782996919 0.16712648556876056 0.19964786518266991
10 0.7184139784946236 0.5149342891278376 0.15739954725523486 0.3961516694963214
3 0.7984401528013584 0.21310444570206885 0.03802348613469156 0.19178771301012387
3 0.7780590981078603 0.4035731155010975 0.0724139368175376 0.061589471441934544
3 0.9425533466700009 0.3804191788687913 0.07736309077269315 0.08659572300482522
3 0.8718325414687005 0.2866457355079511 0.041677085938151205 0.03148935381993647
3 0.8830447501581278 0.4024878768711786 0.04249683744465529 0.060791341626256226
10 0.7596291162634409 0.10920698924731183 0.03885248655913978 0.03733572281959379
0 0.9859185987903226 0.27908452807646356 0.027301747311827957 0.042936081242532856
