3 0.100520833333333 0.469907407407407 0.159375 0.187962962962963
10 0.3868138087153367 0.42454253914355783 0.23875212224108652 0.4920455260013834
0 0.574720571590266 0.5455888826007671 0.08046830786644027 0.14934289127837516
10 0.24180788076766027 0.6503032227817854 0.08124064243909077 0.1572826399286179
10 0.26435109568531373 0.5387686584093281 0.026796651694569212 0.17467447030534008
0 0.20820573023002586 0.4949109991984635 0.11526813665441676 0.16560047184791976
3 0.07337178440179666 0.6283743931763531 0.12207363549748196 0.09225231765043934
3 0.18651320266775553 0.6083359799162167 0.12547638491901456 0.17467447030534
3 0.09166156254253437 0.5599413214766421 0.1263270722743977 0.06881115496877031
3 0.11179177005789909 0.5031591765462733 0.0827129859387924 0.05629078209723374
0 0.11631513647642679 0.22371565113500597 0.07108147229114971 0.05916276077566401
0 0.7411674347158218 0.4884792626728111 0.11040706605222737 0.1100870455709165
0 0.5165130568356374 0.5217613927291347 0.048003072196620596 0.09984639016897079
0 0.43898809523809523 0.09549411162314395 0.08592549923195086 0.09045912271718722
0 0.8738239247311828 0.4077890614628966 0.03873581242532857 0.06886366653391746
