3 0.135416666666667 0.706018518518518 0.270833333333333 0.321296296296296
0 0.9147212790039616 0.36637741306671695 0.07427843803056032 0.09589385650506198
10 0.26231503461667505 0.2519650380431365 0.5185463114517993 0.503930076086273
4 0.6088838916459884 0.4465811965811966 0.15314826302729526 0.10339123242349044
4 0.5936983043837881 0.6143047514015256 0.18610421836228286 0.17002113776307334
0 0.29223688497882044 0.6072553491908331 0.059058325187357444 0.15748886716628657
4 0.74881592421915 0.505689253001081 0.113073903396484 0.07111566251351197
10 0.5581690561529272 0.7641709810168591 0.31735364396654725 0.24558608787999467
10 0.7082586618876942 0.7389486260454002 0.2396953405017921 0.2243462100092925
10 0.8064516129032258 0.6672640382317802 0.198626045400239 0.2190362405416168
10 0.9588793682795699 0.7940188172043011 0.07770497311827956 0.22028076463560334
3 0.9114007954043305 0.6039181028133745 0.16386802179997045 0.09819806549810975
10 0.9802161584916778 0.7291206363234645 0.03728457799381342 0.09819806549810961
3 0.18550487231182797 0.8173536439665472 0.14385920698924728 0.13254181600955794
3 0.2926117271505376 0.8929584826762246 0.14595934139784947 0.17547789725209081
3 0.4759357756791171 0.9116450119474313 0.21823933573853993 0.1755152329749104
3 0.040220755946562395 0.879240433003874 0.07840501792114694 0.22899243329350852
