10 0.258854166666667 0.447222222222222 0.144791666666667 0.172222222222222
10 0.60078125 0.385185185185185 0.1171875 0.138888888888889
0 0.7693422379032258 0.31953156113102354 0.057403673835125346 0.05040322580645161
10 0.7191140232974911 0.4841198725607328 0.04095262096774194 0.1393866985264835
10 0.5826918377321603 0.7131530357336809 0.18022971652003908 0.2294449875095036
10 0.44408296676441833 0.478956228956229 0.12600806451612903 0.13305093950255242
10 0.5021230449657869 0.5665254697512763 0.1107343597262952 0.17242315629412397
10 0.37229655425219943 0.6187954816987076 0.23445136852394913 0.2145106983816661
0 0.29755741404486924 0.5188061418646843 0.09665803796628168 0.35768544330870095
10 0.23657573343953273 0.5291310824962757 0.04189897783087747 0.11726182574450197
10 0.17683857692818267 0.5383497794887679 0.03526151599628306 0.126849270616694
10 0.1923951281030134 0.6574553446317684 0.1335789194212133 0.14971163915807487
10 0.28122880945461587 0.18028781469641683 0.0920275113823501 0.11516893237323343
0 0.14576856728354423 0.06296580758946355 0.26736796869285356 0.12593161517892704
10 0.14557731694828474 0.22691585594811403 0.16534391534391538 0.11662968652215965
10 0.028503157535415626 0.2586808518708161 0.05280337941628264 0.08533879501621436
10 0.0703725038402458 0.35776867497297604 0.08853899982932241 0.073012080180539
