3 0.712239583333333 0.356944444444444 0.1484375 0.175
0 0.49730548792858587 0.21471562859268276 0.031066139176303485 0.052974459547801
1 0.23213379995942376 0.11862897590225648 0.04406319740312438 0.05241090146750524
10 0.2701739703793873 0.13271792790965037 0.045331203083789844 0.030995694416266536
3 0.7633470867716929 0.6896307410185879 0.1828582145536384 0.12780973021033037
3 0.588694048512128 0.623642021616515 0.13675293823455864 0.09307882526187099
10 0.7723337084271067 0.5944680614598093 0.11487246811702927 0.09863577005362444
0 0.89619279819955 0.6319774388041455 0.018754688672168056 0.08752188047011752
10 0.580971848864994 0.7458847736625515 0.11760752688172044 0.10454002389486261
3 0.43406778033794163 0.6642771804062126 0.14184907834101382 0.2116402116402116
10 0.42374711981566815 0.6429424816521591 0.09528609831029182 0.23553507424475156
3 0.2739084392310199 0.7461894935013216 0.17412023460410558 0.15296332500633572
3 0.2338792645692287 0.6854801834889449 0.16095844948891547 0.09366196144372167
3 0.2127223549714589 0.5722745844211395 0.0763308110978362 0.09882443175951738
3 0.34733837780432764 0.6618803191881646 0.07342692154520106 0.07301208018053906
3 0.09572412634408604 0.6958445340501792 0.0866305443548387 0.09240591397849462
10 0.3578909050179212 0.5643916766228595 0.03885248655913978 0.09458383114297095
