10 0.527083333333333 0.756018518518519 0.257291666666667 0.30462962962963
0 0.3540959252971138 0.5385147456454757 0.2935766836445953 0.2578129912595108
10 0.5325969580001838 0.5822024119515159 0.06749149894311186 0.10058307549346975
10 0.6092787887142725 0.5643323223968385 0.11229436632662439 0.185338357381368
10 0.7596241631162506 0.453664254638083 0.10112345303306962 0.12398277766506614
0 0.7195697878749845 0.4913787893579534 0.029679720513785982 0.029287477511401212
0 0.7916159737671487 0.8710424133811231 0.18424117074527258 0.2567204301075269
10 0.06970579450418157 0.4211801407141909 0.13254181600955794 0.8296827293243064
10 0.22390232974910393 0.6590999601752291 0.20497311827956993 0.20708880923934692
10 0.33450940860215056 0.759657506969335 0.09800627240143368 0.15730784547988858
0 0.40281602412798323 0.4031043894668337 0.0505398199143282 0.05148080154636669
0 0.33151389981641755 0.3593942749463337 0.03469490340064691 0.19523851152490018
3 0.10287781705700398 0.9435197459943373 0.2048350272499632 0.10965450647288916
10 0.11139343054941818 0.8694620382645127 0.21818382677861245 0.21685406130832557
