3 0.229427083333333 0.465277777777778 0.1078125 0.187962962962963
10 0.7860604131295982 0.23196881091617935 0.06101443123938871 0.08488964346349749
10 0.6764112903225806 0.312172594430659 0.11114557485525225 0.19069938424777128
10 0.7601553166069295 0.5726802070888093 0.0903524492234169 0.06637461834594456
0 0.7915173237753883 0.5720164609053499 0.05824372759856636 0.11150935882118676
0 0.894937275985663 0.41935483870967744 0.08288530465949816 0.08363201911589008
0 0.7597819593787336 0.34999336253816543 0.029868578255675116 0.04845347139253948
0 0.6128658900836319 0.4014336917562724 0.03546893667861405 0.06371963361210671
0 0.5981182795698925 0.802668259657507 0.06869772998805254 0.11482808973848398
10 0.9173387096774194 0.5328554360812425 0.1605436081242533 0.1606265763971858
0 0.9531810035842295 0.7820921279702642 0.05451015531660691 0.12146555157307841
10 0.9559811827956989 0.662617814947564 0.07952508960573487 0.06571087216248507
10 0.9052045997610513 0.7349661489446436 0.0862455197132616 0.06040090269480949
10 0.925179211469534 0.8690428780034515 0.09707287933094393 0.07102084163016065
10 0.7823700716845877 0.8030001327492367 0.13328853046594977 0.134076729058808
10 0.8553614097968937 0.9168326032125316 0.13067502986857835 0.09624319660161952
10 0.732900238948626 0.9324306385238285 0.12768817204301067 0.10487189698659238
10 0.6691202576587543 0.7743288023263678 0.13884662203286668 0.08791506052613779
10 0.6203020389531345 0.6509095827415973 0.11031649421789405 0.09016929284732084
10 0.51402976388427 0.6065415265614801 0.12470901230462253 0.11947431302270019
10 0.5334289435761003 0.4707472687186688 0.0616616783061745 0.04495682912709848
10 0.5811577364680153 0.4961221472976531 0.04727082194277382 0.03341230787922971
0 0.6006640696190997 0.45587550371585367 0.02591352287224348 0.04505599092805219
10 0.5783100965919447 0.3371605613267724 0.07403863677783852 0.17819897535589166
10 0.46910310734463273 0.4834659700706721 0.06748906506287591 0.10327440617216452
10 0.46098733369783124 0.20654881234432904 0.06435666119919813 0.09821193528137215
10 0.4296632950610534 0.25514853289593586 0.05923090942227086 0.05771216815503311
10 0.38381629305631493 0.22958305489743436 0.02904592673592127 0.1189680659336209
10 0.3046519045015491 0.17541461636595593 0.04499271004191729 0.09264321730150052
10 0.25652679059595407 0.30703885952655774 0.08998542008383455 0.07846829880728186
10 0.31162862219792237 0.49662839438673234 0.029330690723528334 0.09517445274689672
10 0.34451886276653904 0.4799222404471175 0.037588846364133344 0.09314946439057976
10 0.3569060962274467 0.5695279752141426 0.07204528886458901 0.0739120750055687
10 0.2951123109167122 0.5993965534698176 0.03445644250045559 0.10732438288479842
10 0.19868597906055466 0.49990567817392945 0.11451259196378044 0.10689806954662641
10 0.24864707130730057 0.5969785575048733 0.038465619694397296 0.07309941520467841
10 0.21504492076966616 0.6284191661950574 0.08798457838143747 0.099823932591335
0 0.48676012461059187 0.757321988856508 0.19156366194352323 0.18256121662814462
10 0.5647987639433223 0.7517390770330172 0.05495678826248623 0.06532006833484062
10 0.47372751482263087 0.8036601569914805 0.05181640036177271 0.1390145044049175
10 0.4156303386594312 0.7749081611005035 0.0807079690483368 0.08821000681115244
10 0.5729637724851773 0.888241271117364 0.12153301175761223 0.07481101843477479
10 0.4096223056578848 0.9385181835438091 0.09900481085285659 0.12176888978215479
10 0.12150910991636796 0.6907108721624851 0.08820564516129033 0.1186446302933758
10 0.04637096774193544 0.8209710606664012 0.05460349462365592 0.18335988318067165
10 0.0935073178016726 0.8425428116288332 0.08260528673835126 0.11698526483472729
10 0.06480548088410987 0.6040090269480951 0.12880824372759858 0.08296827293243066
10 0.017669130824372714 0.5513241736360016 0.034535543608124254 0.07716049382716048
10 0.026264972097454743 0.3612434402552819 0.023181230434190823 0.09565506707197192
10 0.03976963386416224 0.2502760007864132 0.06380155165373622 0.09527698380291276
10 0.09112988294541989 0.142333227470018 0.04827650741799374 0.0896057347670251
10 0.3797648454906519 0.41735283670767537 0.02815315315315314 0.057584466186616744
10 0.34934127676063154 0.33151431000893367 0.0538845296909813 0.05704629360543336
