10 0.765364583333333 0.698148148148148 0.1765625 0.209259259259259
10 0.5403479137031769 0.11362635980632584 0.10191823827222811 0.22725271961265167
10 0.48629385964912286 0.4866377413066717 0.11230192416525181 0.1980758347481607
0 0.2435625353706848 0.0983462239828963 0.12026032823995471 0.14148273910582906
0 0.11313313525749864 0.15100924353895492 0.20957130730050935 0.15563101301641197
10 0.5733941709111489 0.4096082500157204 0.06013016411997731 0.10060994780858958
10 0.5871003112620261 0.7004338803999246 0.08931097906055464 0.1540589825819029
0 0.4920415959252971 0.6100421304156449 0.12733446519524622 0.20908004778972522
10 0.20730758347481615 0.4496950260957053 0.08842671194114317 0.11790228258819097
10 0.2643428126768535 0.5880337043325159 0.08754244482173178 0.11475822171917252
10 0.35321165817770234 0.637552663019556 0.08312110922467454 0.1414827391058291
10 0.32314657611771364 0.7719612651700939 0.06189869835880023 0.1304785260642646
0 0.4571051167964405 0.7610925719935732 0.1471542454579162 0.15037284225270872
10 0.4550774008157212 0.6349235776377045 0.06778364849833146 0.08548593086969061
10 0.7062245087133853 0.4469575248218185 0.06372821653689281 0.14007333250937254
0 0.5975968668891362 0.5164792155893381 0.024911939191694484 0.12462406789436825
0 0.9344944743130227 0.6908270277445904 0.06067054958183979 0.07799017655648487
10 0.971046146953405 0.6053780034514802 0.05723566308243733 0.07631421744324977
10 0.8008512544802866 0.2770919067215364 0.07591596973317394 0.04867472012035933
10 0.7986733373158104 0.3855037833532457 0.07404918359219437 0.0619496437895482
0 0.3165059034366435 0.1152224330592452 0.08235821210204512 0.1101037786679785
10 0.6196737016700984 0.6417168712982029 0.05254804392587515 0.10040926307226929
10 0.6948924731182796 0.6099163679808841 0.056451612903225805 0.06571087216248507
10 0.6785892074870569 0.7157175096243198 0.0696933492632418 0.12611177485729455
