10 0.226041666666667 0.752777777777778 0.234375 0.277777777777778
0 0.4836410582908885 0.8717851977614287 0.13175580079230337 0.13833867823681065
0 0.5667621675155631 0.7672451738665661 0.06985710243350317 0.13362258693328305
0 0.6529782116581776 0.8568509086335913 0.06543576683644595 0.10218197824309874
0 0.8868668647425014 0.8466327108092813 0.14944114318053203 0.20121989561717915
0 0.8743563531728004 0.6724805223215037 0.08566182038467356 0.10348831339290226
0 0.8166174466151749 0.5340754202635166 0.048746781765864076 0.08918505056624096
0 0.857082008178101 0.42133205445336297 0.06341814326821144 0.08077136655055789
0 0.8054349324510616 0.4310725117176731 0.021539840088227142 0.017870089554677365
0 0.8180716386361548 0.4149894311184634 0.012923904052936194 0.019401811516506908
0 0.9644297235023042 0.5877709506741765 0.05040322580645161 0.09742845764351146
0 0.9887563713168552 0.7393310990085185 0.021815214355536874 0.05429564461822518
0 0.5757168458781362 0.4764370104871898 0.08363201911589009 0.049117217575998975
0 0.5425535430988895 0.5858648177527078 0.024237616781244507 0.026930685312493843
0 0.4513653084323713 0.6633968433628874 0.048045180154687804 0.05868913622167729
0 0.4800289105295192 0.4390117445503933 0.058645262730777095 0.0721354342778567
0 0.583768741481145 0.33970249213320547 0.027449644101166112 0.052585525098019406
0 0.5221253596849917 0.3662055967826073 0.020587233075874584 0.027344473050970146
0 0.5437774496441012 0.34054386053477376 0.016564440405876128 0.018930789035287013
0 0.5636547781311526 0.36767799148535174 0.05773890655762529 0.0647853669207599
0 0.36182315668202764 0.5761648745519713 0.06312403993855605 0.09600614439324114
0 0.30949980798771115 0.6096603515958355 0.03432219662058371 0.0529100529100529
0 0.25905775616698296 0.493850586829714 0.03137847881087919 0.09882985452245417
0 0.20556609740670462 0.58872724717127 0.09141761543327008 0.11991355682057771
0 0.20914867963314357 0.45278129172816084 0.0610274351676154 0.12298826340572071
0 0.10104113329919784 0.4681781115472872 0.109873698583376 0.1275340881075648
0 0.14037698412698416 0.5153515010145834 0.022134749957330592 0.016119550169729383
0 0.011127027919260516 0.5332746441971117 0.02019076589322769 0.014934289127837515
0 0.12353731815306768 0.6668975834061223 0.13299674708593115 0.1320241358192023
3 0.18969586146536635 0.8782195548887222 0.24654601150287575 0.13961823789280645
10 0.44537126133648325 0.9767703920929728 0.1280135868089495 0.04526447268382751
0 0.692033342765516 0.4024397912343582 0.037139219015280084 0.061833197090695666
