3 0.56328125 0.830555555555556 0.1296875 0.153703703703704
0 0.21115799460701093 0.06017732503301264 0.12265554778787577 0.12035465006602528
0 0.283161122311828 0.5002986857825568 0.08978074596774194 0.07280465949820789
0 0.27003528225806456 0.6151060334528077 0.08453040994623656 0.12694145758661887
0 0.49664996741609646 0.48913869881611827 0.08604187031606385 0.08055465044712358
0 0.5760732323232324 0.5511386264074437 0.07891414141414138 0.19369320444589255
0 0.5279610622352557 0.6366713732305131 0.13339035516454864 0.07512399985518264
0 0.4785760834147931 0.7308026501574889 0.08553274682306938 0.10408746967886753
3 0.6058569566634082 0.7697223127330655 0.1384815900944933 0.1348611563665327
0 0.6349864335242689 0.545729630746212 0.07913777509798016 0.07313614488772764
0 0.8893578534820621 0.5789479560959814 0.11556627474625653 0.11500798356390761
0 0.8786805346196362 0.7034468897598231 0.05778313737312834 0.05694570059960478
0 0.9626859109637222 0.7207539164126441 0.07191488292633913 0.12840697194028527
