3 0.81015625 0.398611111111111 0.108854166666667 0.128703703703704
10 0.6848118279569892 0.3514431239388795 0.13971420486700625 0.644532478148777
10 0.4229236188357435 0.5808511514851894 0.16685205784204676 0.17921146953405018
10 0.5697964669738863 0.5836320191158901 0.14592933947772654 0.24918928144734587
10 0.7776844384707288 0.7240143369175627 0.25854988052568695 0.23065179875215722
10 0.7663157108721625 0.5514403292181069 0.09893966547192365 0.15044913491747436
10 0.5830595380326562 0.4159254834284703 0.11325169255276779 0.2843046152484623
3 0.9431977559607292 0.3301127214170692 0.03973819541841986 0.08363201911589008
3 0.9552344683393069 0.4207929554405062 0.08873456790123467 0.053542192132395264
10 0.16537858422939067 0.6685583432895261 0.29961917562724016 0.21405814416567115
10 0.2801859318996415 0.6147949024293111 0.27273745519713255 0.22799681401831937
0 0.031711535420619906 0.9372584159111673 0.06292101518026559 0.1242884250474383
