3 0.48203125 0.521296296296296 0.446354166666667 0.52962962962963
3 0.17370543293718174 0.6627051499717035 0.10964912280701755 0.24523674778343713
0 0.933317416525184 0.7553636695906433 0.13269312393887953 0.21083463025844182
0 0.8917303338992643 0.5620952021631139 0.13440860215053763 0.10689806954662634
0 0.790923882286361 0.6296925108470101 0.2440577249575551 0.1414827391058291
0 0.5469039673711532 0.6828162979442178 0.07415647015202081 0.17715156758538295
0 0.6584283463107157 0.753367939686071 0.14309881349647754 0.11638446009969923
0 0.6685669262143121 0.674061714662382 0.10891731553578043 0.10814485230503028
0 0.7786032552658713 0.7581708973666553 0.12474223007806755 0.1121094581103419
0 0.12865315687896337 0.8155347241368747 0.24900055141990624 0.36608154887724803
