10 0.281770833333333 0.716666666666667 0.23125 0.274074074074074
10 0.8842140633842672 0.6296925108470101 0.16358941709111488 0.1666352260579764
0 0.6538624787775892 0.7067220021379614 0.28650254668930397 0.27982141734263977
10 0.11092246745897007 0.6674212412752311 0.22106677985285794 0.2861095390806765
0 0.2908708262591964 0.28463183047223795 0.2148769100169779 0.26567314343205684
0 0.47583735014213324 0.05561735261401557 0.09655790384377703 0.057677254562682814
10 0.5705645161290323 0.5153609831029187 0.3369815668202765 0.517153097798259
0 0.48223886328725046 0.529868578255675 0.2294546850998464 0.17067759003242877
10 0.7035330261136713 0.5076804915514593 0.13824884792626732 0.1058201058201058
10 0.18173963133640558 0.3711384195255164 0.13344854070660522 0.14336917562724014
10 0.01814516129032261 0.4475390986426642 0.03629032258064522 0.1528013582342957
0 0.22022332506203474 0.6102380295928682 0.09822167080231597 0.16174983916919405
0 0.32077129859387926 0.4806543516220935 0.16904466501240695 0.13234077750206782
0 0.08337729876394331 0.2668631851628535 0.13849110642146517 0.09267633626994495
0 0.11588031353632801 0.3162719548007459 0.07662546477740931 0.05527082705255756
