3 0.224739583333333 0.597222222222222 0.2109375 0.25
0 0.7113398415393322 0.5613091869458593 0.36431805319750993 0.4291643086210149
3 0.7343307866440295 0.8466327108092813 0.19277023203169216 0.1540589825819029
3 0.4655135823429542 0.3781676413255361 0.1627051499717034 0.23580456517638182
3 0.07510964912280707 0.8136200716845878 0.14944114318053198 0.17606740866503173
0 0.396273637374861 0.5097845342561694 0.059093437152391536 0.19775058707205537
3 0.4383166598611678 0.9134491780469729 0.19863549748196546 0.1603073060810913
0 0.023269489247311845 0.5644041218637994 0.04620295698924731 0.09333930704898447
0 0.22288596840568164 0.5966119444813193 0.08670184521438999 0.1814239568122484
0 0.35420349094122844 0.6722475900558093 0.07226763882751507 0.2986857825567503
3 0.852486559139785 0.7673237753882916 0.14583333333333334 0.13679808841099164
