10 0.489583333333333 0.630555555555556 0.146875 0.174074074074074
0 0.4034189222593004 0.5259616308930362 0.11316586330490669 0.06866339828890813
10 0.4532428006426894 0.4816737389966904 0.042871709306636974 0.06385696040868453
10 0.3468359906068471 0.5884453233359426 0.10505499938202942 0.06729013032313001
10 0.3290693362995922 0.5242450459358134 0.023946360153256713 0.05287081668245923
10 0.8495557048984469 0.7223549714589143 0.2958856033452808 0.300345148015399
3 0.5872722520908005 0.8459776981282358 0.11107377538829147 0.17921146953405045
0 0.9275114155251142 0.5715945729202467 0.07733097657976132 0.07610350076103502
0 0.9668673589630284 0.5216772229587078 0.06214096332302257 0.09246984501071998
0 0.9775241734874018 0.471327510684893 0.04427961001444386 0.02970539875182824
0 0.5279786182177729 0.3812123209601889 0.022015202076381205 0.026435408341229615
