10 0.451302083333333 0.649537037037037 0.0921875 0.110185185185185
0 0.6012485851726089 0.5526630195560587 0.15651528013582347 0.28925359994969496
0 0.6635459152144358 0.3821118114777736 0.04171301446051169 0.05836388854557188
0 0.4510968701996928 0.21144819935142517 0.1896121351766513 0.166410650281618
10 0.663510464669739 0.1917136030039256 0.09480606758832565 0.1610769755931046
10 0.7715173771121353 0.35865762075439495 0.10560675883256526 0.10667349377026795
10 0.8818614761715119 0.4598064811127336 0.08296827293243066 0.14676165612047729
10 0.8906436678614098 0.4412584627638392 0.15942353643966545 0.07566706491437672
10 0.6856017732503301 0.49361755643589256 0.1249764195434824 0.1592990840302668
0 0.6166352093342483 0.3624138895243906 0.039321665522763664 0.10358677139734103
10 0.46506806222832303 0.34493759373649563 0.12010981468771445 0.11693230636264264
10 0.40662176847403336 0.39927298609522355 0.03324468085106377 0.08833473143699636
10 0.565695778997941 0.4793461958870332 0.08615019446350948 0.10104476473728362
10 0.6539907915808739 0.5994560105747477 0.057552619537863205 0.10104476473728376
10 0.5524694005948295 0.573718193141666 0.0911547700754976 0.11057728971249907
10 0.5227994166094715 0.6220163196827576 0.11403283001601464 0.11057728971249914
10 0.557652711050103 0.7008185261445384 0.10509608785175015 0.1296423396629299
10 0.30550920776171053 0.47412076518491053 0.0757013966135212 0.1641055219104904
10 0.3478015696452849 0.5493071863112649 0.14406439253491532 0.0837693459124679
10 0.1906053021876159 0.4305195072714538 0.18346001730317638 0.22109614249028417
10 0.09827428955453153 0.4146612049837856 0.12600806451612903 0.11414063833418671
10 0.20178091397849462 0.5213346987540536 0.14220910138248846 0.10560675883256525
10 0.35679374389051804 0.47119944969407335 0.02932551319648089 0.07494297816878465
