10 0.666927083333333 0.259259259259259 0.1265625 0.15
0 0.8736717946941085 0.11519839024083506 0.2486169340401696 0.23039678048167012
3 0.8833297962648557 0.20131421744324976 0.23079371816638372 0.31597811733635167
3 0.7436155913978495 0.4261145695780671 0.24317345783814376 0.20593598692070678
3 0.8550597764572722 0.5562709731865286 0.2892084040747029 0.2241561072232114
3 0.6591680814940577 0.773533295604603 0.571236559139785 0.4165880651449413
10 0.8700657894736842 0.8780733194994657 0.1901174306734578 0.23580456517638193
3 0.5467279905913979 0.42096027479091996 0.052503360215053765 0.05040322580645161
10 0.4625476030465951 0.3316656710473915 0.0710545474910394 0.07093787335722819
10 0.38911290322580644 0.5332821300563236 0.38690476190476186 0.4778972520908005
10 0.16157834101382493 0.4470899470899471 0.15841013824884792 0.261136712749616
0 0.048387096774193575 0.28603594732627 0.09677419354838715 0.09263854425144756
10 0.04598694316436255 0.4443306593844229 0.0919738863287251 0.1907606531262445
10 0.22712564715252886 0.6432585512633302 0.08089406610911984 0.13274923669188898
