10 0.478645833333333 0.52962962962963 0.259375 0.42037037037037
0 0.7714700056593095 0.4693454065270704 0.13264006791171468 0.1351946173677922
0 0.5658779003961517 0.8733572281959379 0.22902518392756083 0.2043639564861976
0 0.19404357668364464 0.5801735521599698 0.1308715336728919 0.5957995346789913
0 0.05678763440860219 0.6450187275625657 0.11357526881720434 0.19728765948908783
0 0.3938310404807084 0.9371659435326668 0.3023055444588701 0.12447336980443933
10 0.4988181312569522 0.30739916779961274 0.2977845754542084 0.4706875952704651
0 0.35195355951056734 0.4794009805133276 0.4072812384130515 0.3697523997857702
0 0.6182795698924731 0.20861542546130363 0.04778972520908003 0.04978096375945837
0 0.8773894862604541 0.22587282623124919 0.05899044205495806 0.09226071950086288
0 0.8719758064516129 0.3008761449621665 0.03696236559139785 0.061728395061728385
0 0.7284199522102748 0.13759458383114298 0.0574970131421745 0.06305588742864726
0 0.750261350059737 0.2879330943847073 0.07653823178016728 0.06902960307978229
0 0.6989247311827957 0.2198991105801142 0.06123058542413372 0.05641842559405284
0 0.7732228195937872 0.1817337050311961 0.06048387096774194 0.07301208018053895
0 0.7846102150537635 0.3343953272268685 0.05712365591397849 0.023894862604540025
0 0.8579749103942651 0.10540289393335993 0.05824372759856636 0.04646223284216115
0 0.804958183990442 0.0904686048055224 0.04704301075268817 0.061728395061728385
0 0.6992980884109915 0.061263772733306826 0.05899044205495814 0.055090933227133945
0 0.8249327956989247 0.18803929377406084 0.051149940262843474 0.053763440860215055
0 0.8225059737156512 0.2773131554493562 0.03658900836320184 0.03716978627372893
