3 0.6015625 0.487037037037037 0.145833333333333 0.172222222222222
10 0.7995797364834167 0.5075723156141149 0.17842268665757988 0.13041210224308813
10 0.7877479933363624 0.5058895788109782 0.08376874148114495 0.1085365238023121
10 0.7584052703316675 0.3519191613239773 0.04117446615174917 0.09507462937721914
10 0.6805524004240497 0.5471166304878254 0.08518855065879133 0.12368115503054168
0 0.6542859306375891 0.6581772594948424 0.033602150537634407 0.10180557658976558
10 0.6964069362411026 0.6745839433254244 0.09702029380584577 0.0824541033536945
0 0.7948470392245949 0.762506941289313 0.08755489928820233 0.16238410150268406
10 0.860394896259276 0.7225419422148182 0.03596849916704533 0.15144631228229596
3 0.5675029868578255 0.578985795831674 0.1314217443249701 0.22301871764237358
10 0.6421744324970131 0.8166069295101553 0.18219832735961766 0.16726403823178015
10 0.47005675029868577 0.7562060268153459 0.1351553166069295 0.1234567901234567
10 0.45250896057347667 0.6539891145625913 0.20161290322580638 0.17390150006637461
10 0.23894862604540024 0.7522235497145892 0.06272401433691759 0.15000663746183457
10 0.20049283154121864 0.6579715916633478 0.09483273596176821 0.11018186645426796
10 0.08925969636040447 0.7942152091771814 0.11568610309759012 0.13239793688259455
10 0.35023557636721014 0.48554746213435074 0.042273673257023914 0.16572243419277757
10 0.4201497282922882 0.44508035611053304 0.08165683894091802 0.07065685178761834
10 0.30850387328014806 0.5831823846045143 0.059255405249161765 0.043678781105073165
3 0.3032648283038502 0.6509487288190029 0.03504740432419931 0.14195603859148778
0 0.25702070464424615 0.47140242507435365 0.05648021047815143 0.08769922977198201
0 0.2491563715396934 0.5613259106738859 0.025022878059940523 0.08579272477693893
0 0.18266700983756576 0.5381300999008617 0.12153969343399677 0.11184829304252782
0 0.12006622082349856 0.38343483793260874 0.08605428796223447 0.10344727103185014
3 0.08646407028586414 0.5135938456158755 0.0636528542704782 0.04419578245961672
0 0.03168983302736253 0.6719215937679089 0.06337966605472506 0.24331963749745028
