3 0.797135416666667 0.689351851851852 0.2296875 0.271296296296296
3 0.7750070741369554 0.5290825630384205 0.30241935483870974 0.3269823303779162
0 0.2745118845500849 0.613972206501918 0.16977928692699484 0.1351946173677922
0 0.4044991511035654 0.6949317738791423 0.2705857385398981 0.22165629126579886
3 0.9478318359743445 0.8852889391938628 0.10355817298622888 0.22822737848204736
3 0.9662571892973242 0.457753327220694 0.04818913061598722 0.04954942439313533
0 0.5256346303070614 0.5277131138454717 0.09179968961312499 0.19337594994395801
10 0.56477940361379 0.5643560088189288 0.10773473007427115 0.1053098326127925
0 0.4634547057747091 0.5753016134995221 0.046422215008014765 0.11421097196879636
0 0.44076321915530425 0.4264062865659141 0.12436259838155417 0.08190764758772742
