10 0.472916666666667 0.558333333333333 0.271875 0.322222222222222
10 0.7648380022637238 0.4111802804502295 0.13706140350877183 0.11947431302270012
10 0.8059829513299378 0.6257439758513363 0.38736205432937176 0.3536699299457713
10 0.47037705149971704 0.22175061309186947 0.13352433503112623 0.1839275608375778
10 0.3641715886718159 0.2097279014589328 0.124469937907012 0.16070136469954738
0 0.49893326506229735 0.34496785572054395 0.08587216248506574 0.06068536534486354
3 0.5418693463048301 0.5583148432610798 0.18241167434715824 0.24653429671350816
10 0.5538701143539853 0.4340994860708123 0.13920890937019967 0.11188864235459213
10 0.2900118758285462 0.639842228441433 0.24860528060097214 0.34516620022585554
10 0.3269489247311828 0.5943847072879331 0.1523297491039426 0.1513341298287535
10 0.3219086021505376 0.5500796495420152 0.22289426523297484 0.2937076861808045
10 0.44427643369175623 0.6152927120669056 0.06104390681003587 0.10951812027080847
10 0.40423387096774194 0.3624054161688571 0.16129032258064516 0.13142174432497017
10 0.14523883374689825 0.6504916827497472 0.10468362282878413 0.25158533223049356
10 0.043253434886499374 0.4692637118899067 0.08650686977299875 0.36845518607017985
3 0.0435707885304659 0.10838975175892736 0.08400537634408602 0.17755210407540162
10 0.20184305494181765 0.5544099114580776 0.1477574016791869 0.1824847383839872
0 0.2859079532814238 0.37589090759279864 0.07125973303670746 0.09475548963869321
