10 0.340104166666667 0.41712962962963 0.207291666666667 0.24537037037037
0 0.6520939445387662 0.6116141608501541 0.08488964346349742 0.2405206564799094
0 0.5641093661573289 0.5432308369490034 0.09638511601584608 0.2672451738665661
10 0.3859295415959253 0.3341507891592781 0.22814091680814935 0.22637238256932657
0 0.4756826542161856 0.6744953782305225 0.18127475947934357 0.14305476954033824
0 0.18627222911497104 0.24094752320558774 0.1738265095119934 0.20448488190423672
0 0.2883710711331679 0.5051695616211744 0.14410153019023986 0.2871978678430291
0 0.24895316377171214 0.6608308059920962 0.17899607113316787 0.14130135097877042
10 0.15472497932175353 0.548697270471464 0.2886166253101737 0.17027387188677506
0 0.07265531660692949 0.6938128419440833 0.14531063321385898 0.1868424633916845
0 0.06676327284946237 0.0943132443809738 0.13352654569892475 0.17988992962216252
0 0.4763734879032258 0.45799731182795705 0.08295530913978495 0.09333930704898447
