3 0.2859375 0.174537037037037 0.141666666666667 0.167592592592593
0 0.7992691532258065 0.4075816407805656 0.06825436827956989 0.09707287933094384
0 0.6914622535842293 0.3578006770211071 0.07455477150537627 0.13440860215053763
0 0.5764448924731183 0.1960125448028674 0.03738239247311828 0.1232078853046595
0 0.8748668022861571 0.5478596876446338 0.02482321030708128 0.02152690324733338
10 0.8164414414414414 0.22630157038759188 0.04298653492201884 0.051126395212416686
3 0.9811087570621468 0.5490249681064334 0.0355954984508838 0.05011846181884453
3 0.3079708087233076 0.11106062900701702 0.09347077086172954 0.07151631413330642
0 0.061995967741935484 0.25507765830346474 0.08904569892473119 0.05973715651135006
3 0.060315860215053765 0.06929510155316607 0.08904569892473119 0.0931899641577061
