3 0.58984375 0.371296296296296 0.1203125 0.142592592592593
10 0.8430956423316356 0.05590140225114758 0.03890775325410296 0.11004213041564485
10 0.9262167515563102 0.3082122869898761 0.1432512733446521 0.14619883040935666
10 0.9257746179966043 0.4512670565302144 0.14236700622524054 0.2310884738728542
10 0.9138370118845501 0.7240143369175627 0.15916808149405773 0.10060994780858958
3 0.9390651528013583 0.7691666787592085 0.12119765138653085 0.1612201858381825
10 0.7458013502634369 0.32160222227536134 0.08317092709055683 0.05979250969566379
0 0.686704906860518 0.44404900129570735 0.10695895804937153 0.11106062900701699
10 0.6557057398152355 0.46844868494118835 0.13961456913524148 0.08581957695996772
10 0.8191659401336819 0.44479963834802544 0.09626562045916875 0.06296619199845001
10 0.7978240337111304 0.5572777078153421 0.15529642545771574 0.10494365333075008
0 0.9074882162321403 0.6497438667124924 0.0980446310207689 0.08837825894829865
10 0.7463820150243041 0.6444248048313448 0.048331860362350904 0.08428667288587746
10 0.6992009132420091 0.6599728318685455 0.07641036971571664 0.13011243678499537
10 0.7740002209456475 0.7373038084483069 0.12290101634997788 0.10474460319798368
10 0.6233828965053764 0.758549880525687 0.5197832661290323 0.4816308243727598
10 0.21018145161290322 0.08837365591397857 0.07140456989247312 0.09333930704898447
10 0.36327658303464755 0.2729988052568698 0.09408602150537634 0.07367582636399843
10 0.4980585424133811 0.4953537767157839 0.2912186379928315 0.40090269480950486
10 0.24075760203491736 0.33620457085597566 0.12971152734420163 0.10983928777893395
0 0.23280870620881028 0.524408730617541 0.251112845415655 0.17664212946904584
10 0.31825933633946124 0.6258976631852109 0.07659845068794081 0.08799989722639744
10 0.07895487129358099 0.7289924332935086 0.155791788856305 0.23532819231743973
10 0.24671052631578944 0.7147498375568551 0.18569609507640064 0.13624263765746497
