10 0.15703125 0.316203703703704 0.163020833333333 0.193518518518519
10 0.5937323146576117 0.5031440608690184 0.2352150537634408 0.28453750864616734
10 0.4995578664402943 0.7208702760485444 0.3333687040181097 0.2578129912595108
10 0.7095713073005093 0.6210463434572093 0.24936332767402378 0.2782493869081306
10 0.711781975099038 0.21939256744010563 0.1264501980758348 0.08174558259447905
10 0.9337330220713074 0.6367666478023014 0.1282187323146577 0.1524869521473936
3 0.924890350877193 0.7444507325661825 0.12821873231465752 0.16034710431993965
10 0.8033036219581211 0.6823555304030686 0.13440860215053763 0.13991070867131994
10 0.8572439162422184 0.5675973086838961 0.09019524617996612 0.11161416085015408
10 0.856359649122807 0.5070741369552915 0.08665817770232022 0.06602527824938695
3 0.9624982314657611 0.5384459015540335 0.074331494057725 0.041010479480124026
3 0.9770886389360498 0.48789885905524466 0.04515067911714774 0.06540345287751437
3 0.9146817954488622 0.4656256656756782 0.07267441860465114 0.053254054254304295
10 0.7223415025834381 0.5089217831153315 0.1557917888563051 0.12102592747754039
3 0.8408218125960061 0.42940154230476807 0.05673090350509702 0.04422101196294746
3 0.7166684122329283 0.41931604834830644 0.06764069264069268 0.04577262641778773
3 0.7956552855746404 0.4724588434265854 0.07025904203323555 0.041893590280687065
3 0.46118951612903225 0.4477299880525687 0.07358870967741936 0.03763440860215054
0 0.3669491990344525 0.3178260551532441 0.05088325652841778 0.040231146221929616
3 0.3334842001316655 0.35622851291054053 0.04265415843756862 0.03267256723477919
0 0.43012879406560495 0.4688081303026178 0.04870185109568528 0.06200565612570514
0 0.4685160609772696 0.48903558519728385 0.06890567578603508 0.07297007092842131
0 0.38856604469744893 0.4594431559959707 0.04710889732236982 0.043338721390587275
0 0.4610811220950398 0.3758286121709638 0.0333311654526535 0.05708752456931434
3 0.3192204301075269 0.4415338468186787 0.06362960420956307 0.05592414652126391
0 0.28102598566308246 0.5440063719633612 0.14538530465949823 0.12186379928315412
3 0.23900111785372088 0.3858487999337568 0.032271372298520194 0.03134722074357974
0 0.20789417651442565 0.47220152122739156 0.11977004152028106 0.13662656588239475
0 0.14002448631959974 0.4739758922128772 0.05522729692324072 0.07984669434685404
3 0.13952544447993187 0.44972615541124 0.05489460236346215 0.04435927463714112
0 0.059938971229293814 0.4790112693338499 0.05267364138331881 0.041170202460524996
3 0.07716285146597217 0.9233657620754395 0.1431889901823282 0.15207373271889407
