10 0.471875 0.696759259259259 0.338541666666667 0.400925925925926
0 0.5008842671194114 0.20838835439854114 0.12026032823995471 0.1572030434509212
10 0.3417161856253537 0.29563604351380246 0.10080645161290319 0.2405206564799095
10 0.5729520373514431 0.522008426083129 0.20780277306168649 0.3505627868955543
10 0.5446554895302773 0.5416588065144942 0.22725664968873796 0.3772873042822109
10 0.37576046972269384 0.5125762434760738 0.09284804753820028 0.14934289127837516
10 0.094368986983588 0.1560685493010679 0.1887379739671761 0.30900356668114404
10 0.03821802490096211 0.4971178290363351 0.07643604980192421 0.22846819281454267
10 0.1927171760045275 0.6281204804125008 0.07162563667232599 0.326982330377916
10 0.1728211658177703 0.69964786518267 0.3024193548387097 0.5863673520719361
