10 0.826041666666667 0.371759259259259 0.245833333333333 0.291666666666667
3 0.5839968694705322 0.5417933245618015 0.19310602967197493 0.15047714108555266
10 0.4200268817204301 0.43652927120669055 0.354502688172043 0.28972520908004773
0 0.5212533602150538 0.7927120669056152 0.4107862903225806 0.40471923536439663
10 0.8488743279569892 0.6490628733572282 0.3015793010752688 0.5325940860215054
0 0.7027049731182796 0.21848864994026287 0.12852822580645162 0.13440860215053763
10 0.47631048387096775 0.20355436081242537 0.198252688172043 0.2031063321385902
0 0.23227486559139784 0.1251493428912784 0.306619623655914 0.246415770609319
10 0.2784778225806452 0.5933393070489845 0.42758736559139787 0.3643966547192354
10 0.234375 0.31780167264038234 0.31418010752688175 0.20459976105137392
10 0.5708165322580645 0.23043608124253284 0.22261424731182797 0.45101553166069297
10 0.03192204301075269 0.30062724014336917 0.05880376344086022 0.11648745519713258
