10 0.4859375 0.506481481481482 0.23125 0.274074074074074
10 0.14585101867572162 0.12821480223857135 0.2679329371816639 0.19807583474816068
0 0.5053082890975908 0.4646643376737293 0.15737716074588262 0.09905781649350452
0 0.44576017422077036 0.6223250608714063 0.11399210562134204 0.21928829605432298
0 0.3908908397985572 0.5372563253330914 0.03828093099224178 0.07183582112124375
10 0.6392162944582299 0.7499310725117176 0.16387510339123249 0.3896700670894219
0 0.3909323367427222 0.9043185593146253 0.23603461841070023 0.16609843517790013
0 0.8974232887490164 0.8278258589037503 0.0967086283766064 0.1296733397441501
0 0.8863591660110148 0.9378296471136754 0.11555861526357201 0.11656030538800019
10 0.36284427466515745 0.6812131882873251 0.11849179400113183 0.21379613909325274
3 0.22195104697226936 0.7079377056739817 0.18098000377287302 0.2546689303904923
