10 0.322135416666667 0.552314814814815 0.216145833333333 0.256481481481481
10 0.5961484983314794 0.4788860050261608 0.0973303670745273 0.11329460717669834
10 0.5492213570634038 0.5968153915873604 0.10775862068965522 0.17818151855971653
10 0.6405675786035115 0.6888677162258215 0.09697835851367899 0.11191264764151647
10 0.762215870423302 0.6646703870060342 0.07741254933986669 0.05898098997323172
0 0.49020858853953986 0.6688293029656852 0.13653532053899553 0.12325514571329188
0 0.47553423165918063 0.7440678735084614 0.23138696066421668 0.24802262450282042
10 0.7127856182795699 0.8882915173237754 0.17557123655913978 0.16577060931899643
10 0.9570452508960573 0.4430848469632169 0.08523745519713272 0.13341514726507728
10 0.9223603643966547 0.7663281561131023 0.0980062724014338 0.11283685118810582
10 0.3338560334528076 0.8318730917297226 0.3864247311827957 0.2638391079251296
0 0.030223772159256007 0.8090041888545861 0.060447544318512014 0.14172564336192175
