3 0.843229166666667 0.43287037037037 0.186458333333333 0.221296296296296
0 0.6392720713073005 0.4229705087090486 0.11937606112054323 0.33798654341948065
0 0.7206246462931521 0.4732754826133434 0.05570882852292016 0.24995283908696486
10 0.7900396151669496 0.5227944413003837 0.17862195812110915 0.2295164434383449
3 0.2538277232351566 0.8246584593008154 0.33090813464235624 0.24803906290582303
0 0.4883122954651707 0.5467508181393175 0.06647381954184199 0.1857046387200664
0 0.5942321178120616 0.55973715651135 0.05624707807386634 0.18830190639447292
0 0.4791812762973352 0.39091475767492606 0.0978845254791959 0.09220300244143168
3 0.046650985663082414 0.5714854639585822 0.0912858422939068 0.09159697331740352
3 0.8831578554360813 0.6675959113235098 0.22681451612903225 0.2439267224213461
