10 0.573177083333333 0.461111111111111 0.258854166666667 0.307407407407407
0 0.8850983305036786 0.547946928252531 0.2148769100169779 0.4778972520908005
0 0.9487655631013017 0.11799660441426146 0.09461658177702312 0.10218197824309874
0 0.08154711375212229 0.05561893583021669 0.16309422750424454 0.10431894151946973
3 0.04592883418222981 0.5377287304282211 0.08754244482173175 0.1619191347544488
10 0.3039402942840973 0.7021245546408119 0.6078805885681946 0.5881766701192014
3 0.8144026570795562 0.9252801188285059 0.31023856843315756 0.1482450192127611
0 0.7503689647902171 0.7032234638180241 0.1554923044486612 0.20849438939255502
0 0.6637281256588657 0.6516855248670554 0.08762913767657615 0.11947431302270005
10 0.4248893105629349 0.4894581488509383 0.118595825426945 0.11596036263967953
