3 0.587760416666667 0.792592592592593 0.077604166666667 0.092592592592593
3 0.04440789473684213 0.6676788124156544 0.08881578947368426 0.10323886639676119
0 0.3798587937214189 0.5520537222428212 0.09153689284390067 0.2320822862165094
0 0.4310344827586208 0.672557986239855 0.027808676307007767 0.0569906205797937
0 0.5032597948337659 0.6711847182740769 0.11586948461253244 0.10505499938202939
0 0.5028735632183908 0.5616665980032683 0.054072426152515084 0.11535450912536564
0 0.24776758126313186 0.5596066960546011 0.10235137807440368 0.10299509743336216
0 0.3116889136077123 0.6001181010450569 0.06952169076751946 0.06042379049423918
0 0.4587777488727021 0.851678421397464 0.14253815469996534 0.09635025243766136
3 0.5537192275042445 0.7105577563981639 0.119818194680249 0.09589385650506198
3 0.45799731182795705 0.7781550650820599 0.09638511601584608 0.14619883040935672
3 0.31017369727047145 0.6727322856355115 0.15922249793217538 0.10476978218913709
3 0.3636786600496278 0.7802591673559416 0.08529776674937968 0.13417884385626316
3 0.3047456575682382 0.8229942100909843 0.030500413564929676 0.2012682657843948
0 0.10883879547014413 0.6207262513027785 0.07006405856783345 0.09754950557970464
