10 0.623177083333333 0.4875 0.058854166666667 0.521296296296296
0 0.8262945670628183 0.16515751744953783 0.19277023203169216 0.18392756083757777
0 0.9080892756083757 0.3451550022008426 0.17596915676287495 0.24209268691441865
10 0.7206246462931521 0.5385147456454757 0.08754244482173178 0.3867194868892661
10 0.8178940294284098 0.4103942652329749 0.09815365025466888 0.23108847387285417
10 0.8749292586304472 0.7185122303967806 0.2475947934352009 0.3002578129912595
10 0.8744871250707414 0.6068980695466265 0.2484790605546123 0.17449537823052244
3 0.7325848164627364 0.12715774729122892 0.0921162402669633 0.06488691138301818
10 0.47216814979606975 0.5947554896386933 0.2479606970708194 0.23791867507106673
10 0.4881002039302929 0.6720018127137148 0.1570031516499815 0.2688172043010752
3 0.5657327586206897 0.8589379145552671 0.15352706711160555 0.27808676307007796
10 0.4791812762973352 0.36883798244247057 0.19723001402524545 0.22206638616175778
0 0.4426571996259934 0.1532647654667291 0.29511453950444133 0.3051789517427666
10 0.30459618980832165 0.7597267674406525 0.15778401122019636 0.3882915173237752
10 0.1265223831468071 0.5067051910369882 0.24755870089971474 0.3413551800648575
10 0.0538320166776388 0.7907614658766733 0.10629251700680273 0.3998732109331189
10 0.14975347847783357 0.8353448906444297 0.10509036584442062 0.3281154755809133
0 0.28892758227435644 0.4221606748488469 0.17055637015314432 0.1638246261902176
10 0.2759449332029977 0.26014626552260967 0.08349625285109157 0.11675898772672962
0 0.7637987012987014 0.35725147015469594 0.07287739142577858 0.16524693944048788
