10 0.349479166666667 0.326851851851852 0.325 0.385185185185185
10 0.2165923882286362 0.0944161478966233 0.17773769100169778 0.16191913475444886
3 0.9465814233163554 0.1268163394266264 0.10616511035653646 0.0758045961015708
3 0.6832437275985663 0.3821118114777737 0.10968977876653077 0.05973715651135006
3 0.6956031392905698 0.4703442782790206 0.1351810653812879 0.09200895370713692
3 0.8230595723643555 0.3872615663494418 0.0957854406130267 0.07552973811779896
10 0.9330197132616489 0.32145227664940934 0.12992831541218633 0.19713261648745523
10 0.8265008960573478 0.555057745917961 0.29009856630824377 0.2698128235762644
10 0.8220206093189963 0.7402429311031462 0.3438620071684588 0.3016726403823178
10 0.5378024193548387 0.3505409531395195 0.15821012544802865 0.2580313288198593
10 0.5115301496942863 0.5784782252207932 0.33668037107316046 0.4439290650549346
10 0.6646502936100765 0.8741537236160891 0.27659133147484416 0.25049780963759466
10 0.09506560962274466 0.7288236842638154 0.18908328777109537 0.2713484397464714
10 0.06359206989247315 0.5477150537634409 0.10962701612903226 0.1172341696535245
10 0.21879200268817203 0.5249402628434886 0.3040994623655914 0.4032258064516129
10 0.2981708070695835 0.5142888531839218 0.22555926337906315 0.35842293906810035
10 0.28166118421052627 0.04241338112305854 0.22162386813808715 0.08482676224611709
10 0.4299955197132618 0.6298601940933576 0.0489294472740992 0.11842629273302728
