10 0.713802083333333 0.178240740740741 0.377604166666667 0.356481481481481
10 0.21261318619128472 0.5172923347796013 0.1503254102999434 0.28139344777714903
10 0.24223613469156768 0.6446267999748475 0.2148769100169779 0.2059359869207069
10 0.7887132144878325 0.4827076652203987 0.28738681380871534 0.297113752122241
10 0.7610547747030949 0.7886090674715462 0.4672849880026811 0.42158712192668046
10 0.5123797396717601 0.37109350437024463 0.26704867006225247 0.37571527384770176
10 0.28335455574419927 0.7200842608312897 0.14148273910582906 0.19650380431365141
10 0.45534451046972274 0.8002578129912594 0.26970147142048667 0.23423253474187264
10 0.45313384267119416 0.9417405520970885 0.30065082059988674 0.10532603911211719
10 0.46769023986765923 0.6091351897803511 0.15508684863523578 0.15738443157797996
10 0.3723764474772539 0.568927488282327 0.06785049627791559 0.11143277272309537
10 0.603068134822167 0.5017231872070582 0.21130583126550875 0.3630181049535888
0 0.3087262200165426 0.37880249977024166 0.0620347394540943 0.13325981067916545
10 0.9514448924731183 0.4626693829202789 0.09643817204301075 0.25057439573568585
