3 0.81875 0.676851851851852 0.201041666666667 0.238888888888889
0 0.8965938030560271 0.577815506508206 0.1989601018675721 0.1572030434509212
0 0.7212875417130145 0.5276782158502589 0.10853108392040542 0.10505499938202939
3 0.6971480657520702 0.6619151595050743 0.10351007292052897 0.08376934591246797
3 0.7207081942899518 0.7405347505458739 0.12513904338153514 0.10230846345047304
0 0.6085079100234829 0.5287081668245925 0.08921950315164995 0.19363078317472096
0 0.6040662464466692 0.625523558411953 0.0911506612285255 0.07552973811779896
0 0.5134408602150538 0.6874751095181204 0.054883512544802844 0.09657506969334931
3 0.4005936379928315 0.6267423337315811 0.07336469534050177 0.10055754679410603
3 0.4305555555555555 0.9129828753484668 0.13440860215053763 0.16925527678215846
