2 0.540885416666667 0.618055555555556 0.0796875 0.09537037037037
0 0.8244263970922309 0.5052417251417706 0.0842420112070271 0.051323472495666995
2 0.8328269347266395 0.5452067242162654 0.05560919279115545 0.039544314873710636
2 0.7976866575798879 0.6371262220876033 0.049693321217628386 0.04922005149174625
2 0.8424106466757535 0.6402813535934844 0.037861578070574095 0.045433893684688746
2 0.8879628577919128 0.6663637740421022 0.0291060881417538 0.04038568327527884
3 0.39835820520550697 0.9393249143023035 0.05621294342277162 0.054154244687859496
2 0.4578210767726897 0.6182210859630215 0.05334047672757348 0.0701807153420057
2 0.4040106398977366 0.5749847524041073 0.052870516580193976 0.0497113400339207
2 0.3399785698172795 0.5996315512444543 0.0319572900218062 0.06057264121780243
0 0.36935413866487465 0.7095342990840303 0.009275593637992857 0.023957088809239257
0 0.37556703629032256 0.7238463261648745 0.012250784050179186 0.017112206292313775
0 0.39123053875448033 0.7333358223815214 0.018726198476702458 0.022401433691756272
0 0.42816653309290054 0.751166915262287 0.04695952714886798 0.027085791461668052
0 0.4765870233086222 0.7877141818235787 0.011061577506177736 0.03190928857128028
2 0.5106036463753035 0.6141750491386286 0.0302148369753729 0.05251088757852551
0 0.6010064644137225 0.525189167662286 0.03240207373271886 0.03911361438243159
0 0.28232087227414326 0.7151710045891535 0.013189629182996654 0.031264306211547674
0 0.06798939805044718 0.65152580980136 0.0379986935986333 0.031264306211547806
0 0.022139734700030143 0.7550888241271118 0.04365139181991759 0.030706015029198643
0 0.016801075268817203 0.647338625933742 0.03297407295749171 0.04633816813497241
2 0.08464339186062338 0.48752325212104713 0.05104124132298898 0.05633440708981747
2 0.10335851367905267 0.5633289475674123 0.04933986661222267 0.05671249035887664
2 0.1656713624608684 0.5497179498812819 0.03487818157070914 0.07712898688807224
