1 0.461197916666667 0.513425925925926 0.081770833333333 0.097222222222222
1 0.7936687948028672 0.6773322381521306 0.06965445788530461 0.06409299084030258
3 0.7992247841890051 0.7660659296279468 0.06081515977585944 0.08750231376310427
0 0.9300728854894135 0.4747502740519035 0.09422458707460375 0.06897486112650725
0 0.9503380999889146 0.5089297811279853 0.04191608469127584 0.02401803199940883
0 0.9073827735284336 0.6622756777395953 0.05507981376787495 0.036334971486284985
0 0.717894357610021 0.4294855214376332 0.10149927945903987 0.06343223835741299
0 0.663406944025726 0.1898190019986824 0.032974072957491676 0.036847218035038334
0 0.8292194251833986 0.2319699862660369 0.024809064415636586 0.02512310320570794
0 0.7026617927846448 0.2543016335599996 0.031089840217063625 0.03070601502919861
0 0.3396057347670251 0.6296296296296297 0.023297491039426497 0.09956192751891674
3 0.39068100358422936 0.6087216248506571 0.03001792114695338 0.06571087216248507
0 0.1776073388976614 0.5304951917855144 0.023967967516354605 0.027570995312930748
0 0.29815211670050373 0.39034263227811605 0.0643845401909918 0.04302746238230104
