9 0.134635416666667 0.718055555555556 0.069270833333333 0.082407407407407
0 0.7838497453310697 0.39860403697415586 0.08488964346349742 0.125762434760737
0 0.784734012450481 0.7161541847450167 0.08842671194114317 0.08488964346349735
0 0.6977274131751329 0.7319518257597605 0.04209924607588678 0.0975020255702495
0 0.7394404276356445 0.7721199137587718 0.052141268075639534 0.08033617599802256
0 0.5738417629098632 0.5011062436390991 0.0925096243196602 0.0803870377745328
0 0.6794188902163811 0.5593684086316504 0.038165405548918056 0.06416213106774642
0 0.5852499004380725 0.63164299305279 0.05558874286472853 0.050887207398557475
0 0.5143120270808443 0.55973715651135 0.048951281030134144 0.039824771007566685
0 0.43362538165405545 0.4955750254436037 0.060151997876012255 0.05014971163915805
0 0.5589074737820258 0.7607047509476821 0.09416898977830884 0.07153708866174022
0 0.5981099827425992 0.9565098750682185 0.17091464224080705 0.08554950809032852
3 0.4327956989247312 0.9502411611133236 0.1099329616354706 0.09513695296252038
0 0.33219666799415903 0.833716831128221 0.061396521969998674 0.12168680030089826
0 0.34422706756936144 0.7640234818649794 0.06720430107526879 0.07079959290234078
0 0.1957138590203106 0.9476599259554257 0.034016991902296546 0.05014971163915805
0 0.25565843621399176 0.6242680354587962 0.06347072879330945 0.06563712258654514
0 0.3089655515730784 0.5877619953685267 0.020742068233107664 0.038349779488767964
0 0.1858713552261939 0.7806193290064257 0.06478252445994381 0.09202751138235017
0 0.2801692821854112 0.793266384664234 0.018466046691853134 0.06888609039146672
0 0.05324365759408603 0.49372024177363444 0.10648731518817206 0.10071706658191647
0 0.12013818884408604 0.6907108721624851 0.03150201612903226 0.054136798088410994
9 0.17092423394866058 0.7258237166870394 0.01942320840325689 0.02278989785982141
9 0.1908330225619989 0.7092492455162603 0.015344334638572932 0.013812059308982692
9 0.24172182857853192 0.6748917479851659 0.03554447137796008 0.019682184515300318
9 0.2397795077382062 0.7004440577067839 0.03632139971409036 0.0258976112043425
0 0.26677776741873327 0.7073500873612751 0.021559761327615144 0.01622916968805468
0 0.2928048666790975 0.7228886540838807 0.02272515383181054 0.0258976112043425
9 0.32990319472931817 0.7045876754994786 0.028163652184722474 0.02313519934254596
0 0.35983967838806546 0.7226312333839215 0.03163445703768287 0.03740299439224168
