1 0.333333333333333 0.588888888888889 0.109375 0.12962962962963
0 0.5342094727209238 0.03423882286361062 0.3065103131885996 0.06847764572722126
0 0.9085314091680816 0.33965289568006035 0.13264006791171468 0.12419040432622783
0 0.8002086870401812 0.4056781739294473 0.10522778720996037 0.14619883040935683
0 0.6963073005093379 0.4606992391372698 0.044213355970571584 0.14305476954033824
0 0.6702214204867006 0.444192919574923 0.2166454442558007 0.24838080865245557
0 0.6534203452178834 0.32864868263849595 0.06278296547821166 0.1965038043136516
0 0.47745118845500845 0.6061120543293719 0.059245897000565914 0.16663522605797654
0 0.9483234295415958 0.7027919260516885 0.09726938313525747 0.14934289127837516
0 0.86741298811545 0.5786015217254606 0.1795062252405207 0.24995283908696472
0 0.8652023203169213 0.911085958624159 0.12202886247877773 0.12261837389171842
0 0.6737584889643464 0.8725712129786833 0.2148769100169779 0.13047852606426447
0 0.4633029145444256 0.8144060869018424 0.2537846632710809 0.1304785260642646
0 0.4602079796264856 0.7161541847450167 0.18392756083757786 0.11633025215368167
0 0.5565930956423316 0.6186882978054455 0.08665817770232037 0.08488964346349735
0 0.664915817770232 0.6021819782430988 0.04332908885116011 0.09903791737408042
0 0.7192982456140351 0.6328365717160285 0.13264006791171476 0.11004213041564492
0 0.7215089134125635 0.6414827391058291 0.12291312959818898 0.14305476954033824
