3 0.163020833333333 0.514814814814815 0.241666666666667 0.287037037037037
0 0.675969156762875 0.4952839086964724 0.1715478211658177 0.2059359869207069
0 0.6778377967133292 0.683877730438899 0.14360164333536216 0.14032596199364297
0 0.5993799452221545 0.6478100132999707 0.12743457090687765 0.1200378711029958
0 0.5008235821210205 0.4175744371822803 0.09586495888678051 0.2916578817907091
0 0.5199306873286949 0.4893175908356174 0.09850042167404592 0.16925527678215846
0 0.5441440016866962 0.5300208494389392 0.08499367488931057 0.12064562981704034
0 0.48484608897322373 0.5862440555672687 0.05600358422939071 0.12298826340572071
0 0.42307742989668984 0.3950265888912315 0.07873445076955511 0.07086466605758193
0 0.607724541429475 0.4784829104879706 0.03821421041534894 0.05739452292266969
0 0.31589048726145497 0.4830098916120421 0.11896977622784075 0.12431786625335013
