1 0.901822916666667 0.859722222222222 0.086979166666667 0.102777777777778
0 0.17591610073571032 0.514148273910583 0.09107951329937747 0.07074136955291455
0 0.326758723879083 0.4914226460178986 0.08876039764658152 0.08453371204436326
0 0.4036315682694258 0.5973715651135005 0.05293923716778246 0.041703297941885854
0 0.4329541996348144 0.5722932305403394 0.03994217894096168 0.09298708324879962
0 0.39618203489551634 0.7106467392529473 0.06149827551227433 0.04508464642366045
0 0.46639784946236557 0.6280854804896192 0.017435078109149914 0.05241090146750525
0 0.5274281479248316 0.5175359260375841 0.05809717616319967 0.0904431715405487
0 0.6363178152492669 0.2786602584989682 0.05994929130009778 0.06991962637123929
0 0.7296783357771262 0.39032801129575323 0.026728983382209328 0.1031823612468774
0 0.7075578990901571 0.404374597922985 0.0240384615384615 0.05422295744876387
0 0.6243279569892473 0.46778788714272584 0.08038668320926387 0.18564470177373407
0 0.6568961952026469 0.4891554085102472 0.11967535153019025 0.08501056888153667
0 0.5675920181968569 0.5355665839536806 0.02222911497105039 0.11717673007995584
0 0.7226268932824602 0.4836204570855976 0.031072956411145804 0.04817512621883075
0 0.7853488130486729 0.5240708996358053 0.082787907121708 0.06983764191181986
0 0.6568646734854446 0.6392895649386602 0.06343430369787575 0.05828015269400023
0 0.6903029110936271 0.6172888072966752 0.043436926304746916 0.03875630154151011
0 0.7037437713086809 0.7121397558061604 0.06966299501704708 0.0670221755981001
10 0.6659787173124643 0.7988519154772256 0.10716898899281037 0.05867673361469886
0 0.39626678119233955 0.8536404318042036 0.04016351721066361 0.10816313545842074
0 0.8365446780999047 0.7741103700679037 0.04955253845106848 0.040454909789332034
0 0.8625969783585137 0.4544409660783691 0.09357560909214646 0.1701374710766299
0 0.8222956648972368 0.32154469700406824 0.06188750510412418 0.10850989821998398
