1 0.139583333333333 0.509722222222222 0.089583333333333 0.106481481481481
0 0.40318229287537716 0.7015591827613178 0.05028235476135214 0.033951333556810466
0 0.3550756169258142 0.7230473685567674 0.047381449678966576 0.05457999192044211
0 0.5212733039374952 0.4428414257841039 0.08920283128336035 0.1190445493067911
0 0.5213941749825945 0.5201988946477227 0.033843892627833196 0.04770377246589823
0 0.5053183259843738 0.5556544012102146 0.04085441324359871 0.061885975090895017
0 0.470990949176143 0.598630772801114 0.056325907016322445 0.03867873443180939
0 0.49238512415873753 0.6355904523692874 0.06285294345169024 0.048993063613625286
0 0.64335824809861 0.4431719944439588 0.06392604248623132 0.06847917941545006
0 0.5792956115045022 0.4815397616341755 0.06146734854445321 0.09081990461481675
0 0.5933648046157881 0.4931957921729755 0.03059708016435009 0.1481287214305835
10 0.6866585802954803 0.532049227302309 0.0439833027362532 0.05293780536371672
0 0.5723204994797085 0.5756349481635642 0.06467510694878013 0.051065633791960545
10 0.6186589490114464 0.7437661386672832 0.08003092843103243 0.058452486478847855
0 0.5827985894323042 0.6568903277193253 0.03649265811076422 0.08575172466951861
10 0.6336534570470573 0.6575326627355764 0.048957972019886706 0.06969334926324165
10 0.6454864724245578 0.6247735769067716 0.0437189270435889 0.06134299405197772
10 0.6001416348710834 0.6829048958774939 0.041189732917100215 0.06391233411698206
10 0.5302777247566329 0.7361102274253639 0.052093274797989406 0.06892748828232691
10 0.5359443596106127 0.8020331841671792 0.0892743526118216 0.05160724763702427
10 0.4822604504676465 0.8357899797105752 0.030420881847680874 0.055495464924745275
0 0.41855310318807765 0.5501739713680857 0.017980098094699148 0.04192081158691229
0 0.41560554612337286 0.6163302521536816 0.030065082059988656 0.05213900941122221
