10 0.4375 0.479166666666667 0.552083333333333 0.65462962962963
0 0.8183361629881155 0.3585172608941709 0.14855687606112064 0.1399107086713199
0 0.8240838992642897 0.5951078412878074 0.10876485568760613 0.08174558259447905
0 0.053250565930956444 0.2908408435819576 0.10650113186191289 0.16490497836683296
0 0.0870472552348614 0.4190404326227756 0.17331635540464066 0.1037540086776079
0 0.07908885116015851 0.5007860152172546 0.11672325976230899 0.08488964346349749
0 0.2731854838709678 0.5259385021694021 0.13706140350877194 0.09432182607055269
0 0.2988292303338993 0.4166823869710118 0.18304329371816633 0.09589385650506198
0 0.10473259762309003 0.6186882978054455 0.0919637804187889 0.09746588693957113
0 0.07732031692133565 0.7122241086587436 0.1361771363893605 0.08960573476702509
0 0.5444873542329245 0.7755481515136218 0.05726563683174322 0.06730947212546479
0 0.6448205361199456 0.7755481515136218 0.035495229441163095 0.06730947212546479
0 0.7359249583522641 0.6699564171167988 0.0388081175223384 0.09002641896780923
0 0.68930789035287 0.6602806804987632 0.023190216568226504 0.060578524912918465
0 0.7181773436316826 0.6203156814242684 0.025083295471755345 0.08329547175526271
0 0.5939440405876117 0.5824541033536945 0.027449644101166112 0.036178841267437416
0 0.4514898530970772 0.7238039948171706 0.08613509011055587 0.11863294462113184
0 0.7948775388291518 0.42897915836983935 0.02389486260453994 0.04845347139253955
0 0.8012409375271184 0.01772414143725059 0.04125446713842809 0.035448282874501184
