10 0.669010416666667 0.733796296296296 0.208854166666667 0.247222222222222
0 0.6504264693993047 0.036596868515374456 0.08822459374242045 0.07319373703074893
0 0.8386244888686961 0.39104279199690384 0.07572315614114788 0.07235768253487476
0 0.8374413145539905 0.4764416847560873 0.1812623050128731 0.11021926060544865
10 0.7482299712252007 0.5988607871842765 0.16280478570346804 0.14471536506974939
10 0.521136836628512 0.7832697421667245 0.17957278298069143 0.15094872881900273
0 0.4710949242687016 0.5574889839544713 0.15753266273557634 0.12975167328271742
0 0.5440802404902301 0.5790072069988823 0.10550352641923923 0.14837938875399853
0 0.36125563648976766 0.47912411197184007 0.06070065903572667 0.09763492247016357
0 0.34860966585732456 0.7110070528384784 0.06286853971557403 0.08992690227515061
0 0.8002912186379928 0.6841895659099961 0.07877837514934286 0.061064648878269054
0 0.8811230585424134 0.7097437939731848 0.09781959378733579 0.05774591796097177
0 0.9406735364396654 0.6108456126377273 0.06832437275985653 0.08562325766626837
0 0.8249327956989247 0.7827558741537237 0.10267323775388294 0.08296827293243066
0 0.9733422939068102 0.5371697862737289 0.03957586618876943 0.13739545997610514
0 0.08484543010752688 0.43428912783751494 0.14448924731182797 0.11200716845878136
