4 0.460416666666667 0.168981481481481 0.154166666666667 0.182407407407407
0 0.38501764112903225 0.332910195141378 0.10780689964157704 0.07840501792114699
10 0.45677223342293916 0.425004978096376 0.12950828853046598 0.14809836718438874
3 0.40059363799283165 0.3920250896057348 0.10535674283154124 0.06098168060533654
0 0.33566448252688175 0.41007068896853843 0.032902105734767054 0.14063122262046998
0 0.2770357302867384 0.43029420549581837 0.08155521953405015 0.11636300278773395
0 0.1940104166666667 0.2975657108721625 0.054603494623655914 0.11872759856630824
0 0.6059646764761365 0.0675973086838961 0.07015185813997356 0.044016852166257926
0 0.6140704584040747 0.11633025215368167 0.096385116015846 0.06078517680102285
0 0.8867644452321871 0.11581130935969651 0.05686517783291986 0.03610487481455223
0 0.8401460770412382 0.08856854018144346 0.02086287368545436 0.03216616119841925
0 0.6829187490534606 0.0990711292846686 0.03738830834469171 0.03744089386978984
