1 0.586458333333333 0.06712962962963 0.06875 0.080555555555556
3 0.36735993208828527 0.22803873482990636 0.3077249575551782 0.24366471734892786
0 0.4993633276740238 0.4902748768925195 0.9987266553480476 0.9787890796983887
0 0.3012468542667581 0.1212410076514401 0.08793754289636242 0.08515722311192454
0 0.10785575383207505 0.22228577238872368 0.05004575611988104 0.0660921731614937
0 0.21509665980324866 0.034812781209486825 0.04718599862731638 0.0673631764915224
0 0.482126515671471 0.07167187778031983 0.05648021047815143 0.05719514985129259
0 0.4746196522534889 0.13903505427184223 0.05147563486616338 0.06736317649152239
0 0.2015128117135667 0.27185490225984393 0.04146648364218716 0.04575611988103412
0 0.04994566460764128 0.4504308701288797 0.04289636238846945 0.04702712321106279
0 0.037434225577671024 0.3957777269376446 0.03074239304506977 0.0419431098909479
