1 0.395052083333333 0.338425925925926 0.050520833333333 0.210185185185185
0 0.3502705185790118 0.7160897115980823 0.06082414590989519 0.12703597840388364
1 0.6010584677419355 0.15203106332138594 0.07140456989247312 0.13590203106332138
0 0.8976814516129032 0.18565335778389042 0.20396505376344087 0.23442805145730874
0 0.7049731182795699 0.5460829493087558 0.24289554531490015 0.1928656767366445
0 0.7493979614695341 0.4110165272799682 0.1281081989247312 0.12943050577459178
1 0.8075149720974546 0.6506813060508446 0.042109024091465865 0.08695915188361084
0 0.887266911664625 0.5773331518533641 0.12505104124132305 0.2623897887270692
0 0.7237222675922145 0.69416088199265 0.06167483326527832 0.10586331533656976
0 0.6509249134317477 0.8974039649272016 0.09795881173683253 0.2035113298098536
3 0.5523965737197011 0.8204544073871576 0.15718972115910332 0.1528866209019299
0 0.5310392746491708 0.6559241034364052 0.08258155640605068 0.14174918494218658
10 0.9219157298794395 0.81655981889736 0.15549649723036826 0.17513477120770254
0 0.9499175219941349 0.4303478734970272 0.09949291300097748 0.10507502363139531
0 0.7795698924731183 0.8921317630995049 0.07200460829493086 0.0844854070660523
