1 0.357291666666667 0.518518518518518 0.04375 0.051851851851852
0 0.8258524335031127 0.47091743696157956 0.09992218449349183 0.11947431302270012
0 0.8868668647425014 0.6721373325787587 0.12645019807583474 0.08488964346349749
0 0.9430443548387096 0.7619543387087248 0.11323924731182795 0.08845624705839755
0 0.6633527994067483 0.6920858567132205 0.09501297738227667 0.09063568574135868
0 0.5349307872945248 0.5939383951990552 0.13904338153503892 0.09063568574135868
0 0.6635459152144358 0.2842664689160796 0.08188110245952293 0.07003666625468627
0 0.5955691509084168 0.2732803251898543 0.1089173155357805 0.07964954201513344
0 0.41674391298974167 0.41507024265644954 0.031670992460758864 0.02403218940111785
0 0.515812322333457 0.49609305263736114 0.10080645161290322 0.07484310413490984
0 0.5160054381411445 0.6825141789917467 0.07956371276727228 0.06179705846001723
0 0.5538561364479051 0.6959035416580837 0.05098257322951425 0.0954421236215822
0 0.2038530465949821 0.5073012080180539 0.03136200716845879 0.0371697862737289
