1 0.373177083333333 0.446296296296296 0.094270833333333 0.140740740740741
2 0.783407611771364 0.7224423064830535 0.11407045840407468 0.19178771301012382
0 0.3831800235215054 0.6015718339307049 0.11865759408602147 0.07000448028673835
0 0.21009909340080118 0.3570993510904959 0.16471642420409024 0.07613559163211278
0 0.22431222832303818 0.40531025191286 0.05397792267215741 0.026691069930603214
0 0.43092970716083273 0.40944101273545336 0.1233270418668496 0.22179008109001241
0 0.5981882840501792 0.4010603345280765 0.04690300179211467 0.18170051772202314
0 0.5379844310035843 0.46639784946236557 0.09030577956989247 0.16552170450019907
0 0.4457372970985188 0.9323352250099562 0.1221902803549339 0.1341348068498605
0 0.021505376344086013 0.4701751318588455 0.043010752688172026 0.08951831453798403
