9 0.2265625 0.815740740740741 0.054166666666667 0.068518518518519
0 0.9385964912280701 0.3931019304533736 0.03183361629881146 0.042444821731748676
9 0.973742995608057 0.5708684604640989 0.045907163410571 0.03533747286586907
0 0.9141110101469029 0.5187036195668636 0.04070119642586701 0.06646810372389658
0 0.9355264652430713 0.5132347249566696 0.024373390882931962 0.02608242044861767
0 0.8454868998939875 0.590009591599778 0.030762532182341335 0.015565315429013788
0 0.8372046796910496 0.8270651387416496 0.07193699833409051 0.05637168290507683
0 0.5731751447477254 0.7613500597371565 0.04394127377998352 0.045377263119198666
0 0.4275583982202448 0.9650640629506035 0.03862316153751086 0.05012428075090287
0 0.29836392287727104 0.9540779192243783 0.02587751823013226 0.05287081668245936
9 0.13924028392719096 0.6895151529349295 0.025915384074776858 0.05153793895096866
0 0.04170619860847565 0.7862112586970271 0.04269449715370019 0.04743833017077804
