3 0.498697916666667 0.4875 0.119270833333333 0.141666666666667
3 0.7025594426775709 0.502944789405489 0.14340072694229894 0.08750231376310434
0 0.3713380513495721 0.3244459073952161 0.03771669958305901 0.076804915514593
0 0.5424347158218126 0.3128642137858728 0.06994733377221862 0.08046229244385923
0 0.2540734035549704 0.7267573696145125 0.20367017774851875 0.20847048496818082
0 0.47145874478823785 0.8297734864555141 0.23110050471801627 0.19993660546655942
0 0.7830615942028986 0.6324606513947327 0.24251986909770926 0.3129707547659861
0 0.6559578073866292 0.6214222637785051 0.13440860215053757 0.15843332813879787
0 0.9467405913978495 0.32213261648745517 0.10584677419354839 0.18189964157706093
0 0.9285954301075269 0.7865315687896334 0.14213709677419356 0.18357687712526427
0 0.8907450076804915 0.5000000000000001 0.17473118279569894 0.12459464072367304
