9 0.45703125 0.074537037037037 0.111979166666667 0.132407407407407
3 0.42851617975248524 0.31390185072473564 0.0836883749239197 0.1003133382926444
3 0.39919354838709675 0.41506052613782374 0.22855802393994729 0.17413944681138835
0 0.5257972873900294 0.6459487346584122 0.353586265884653 0.35842293906810035
0 0.7789589442815249 0.3764526990333443 0.07636852394916918 0.20500705984576958
0 0.6636424731182796 0.37848919300532213 0.1359359726295211 0.20093407190181395
3 0.5996924343698538 0.32021268580408363 0.07325874261358131 0.10225279042483341
0 0.5875835512932287 0.2674717728481169 0.12229971907391264 0.08826030331406674
0 0.7098832703671413 0.12781598803104177 0.12835416061222513 0.14369207917595012
0 0.6045359876005038 0.04924279117827504 0.09444928799767507 0.06942426297265006
