1 0.963020833333333 0.819907407407407 0.097916666666667 0.115740740740741
1 0.14907049825836743 0.6922526797583589 0.02555656519763744 0.030289262456459166
0 0.19510085854797032 0.6985542681966788 0.03438359589897472 0.035657062413751626
0 0.24980203384179375 0.5735230103822252 0.0468867216804201 0.04214016467079732
1 0.3663718348942075 0.6435618761321155 0.01734304543877909 0.037576598450688
0 0.39150492072170584 0.5239657371970111 0.033602150537634407 0.03746228459186361
0 0.3973425824676507 0.4933377883077173 0.009966739566247497 0.03493104914646744
0 0.4253918352469473 0.43714436141992186 0.06435666119919813 0.05923090942227084
0 0.6203377016129032 0.1437425328554361 0.016801075268817203 0.05600358422939068
0 0.5297655505648563 0.6402688928209548 0.030624744793793377 0.030624744793793502
0 0.46088499663978505 0.581348317403425 0.04672799059139785 0.04760304659498208
8 0.5059503808243728 0.7597819593787336 0.09415602598566314 0.09458383114297088
3 0.5621409633230225 0.7616487455197133 0.025546840477242618 0.06178294954256065
