9 0.468229166666667 0.473611111111111 0.065625 0.076851851851852
9 0.3736329381490671 0.3917583146973828 0.03503813987684959 0.027060421325654282
0 0.5941613908149934 0.43909601491754036 0.037056577228419256 0.02512310320570794
0 0.6203836297859511 0.4631025357585502 0.03611446085820527 0.03852209158208553
0 0.708785549191036 0.3642849964827655 0.043337353029846294 0.024006520841009817
0 0.5778313737312832 0.48236358154959297 0.04396543060998895 0.039080382764434624
0 0.6236810370817003 0.5214439643140276 0.037056577228419256 0.03684721803503837
0 0.5859963822731383 0.5267477305463437 0.03956888754899004 0.0318225973938967
0 0.534965078886544 0.5125113053964425 0.0530725555220581 0.035730635670340176
0 0.5453283589588985 0.5630366573990331 0.043651391819917625 0.03182259739389677
