1 0.270833333333333 0.723611111111111 0.076041666666667 0.089814814814815
0 0.35804958183990443 0.5248904818797292 0.10229988052568702 0.0929244656843223
0 0.3509557945041816 0.6085225009956193 0.08960573476702512 0.06902960307978236
0 0.3629032258064516 0.6599628302137263 0.15531660692951013 0.1320854905084295
1 0.26153673835125446 0.6569759723881587 0.05339008363201909 0.08363201911589008
0 0.22513440860215053 0.6592990840302667 0.03658900836320192 0.025886101154918312
0 0.21599074648469807 0.756467695983825 0.044264371381306844 0.07122507122507112
1 0.07857302867383506 0.769115890083632 0.10360663082437277 0.08604995164134949
2 0.1279761904761904 0.729646697388633 0.05120327700972863 0.09529498776810598
1 0.8236207117255504 0.5710587699835011 0.09200588837685614 0.07253797576378222
0 0.5548035074244752 0.6293736132445809 0.028001792114695313 0.04266939750810713
