2 0.81484375 0.518055555555556 0.071354166666667 0.084259259259259
0 0.626008064516129 0.12507074136955293 0.07339417091114885 0.20121989561717915
0 0.8899617996604413 0.33022071307300516 0.2139926428975665 0.17763943909954105
0 0.7312358517260894 0.2862038609067471 0.12645019807583474 0.13047852606426458
0 0.6127440577249575 0.26576746525812744 0.11407045840407468 0.08646167389800667
0 0.5172432088285229 0.20681632396403193 0.1441355404640634 0.10689806954662641
0 0.31784097340124506 0.3459410174180972 0.1627051499717034 0.0927497956360435
0 0.03929683078664408 0.4606992391372697 0.07427843803056028 0.22480035213481744
0 0.1940435766836446 0.7790354021253851 0.3731607243916242 0.23266050430736335
0 0.5282965478211659 0.6509149217128843 0.18392756083757777 0.2876815695151858
0 0.422184493491794 0.5086461673898007 0.08135257498585168 0.0880337043325158
0 0.4168788907753255 0.40253411306042886 0.16093661573288057 0.10218197824309887
0 0.5349285512167515 0.43240269131610387 0.12645019807583474 0.11161416085015408
0 0.49381013016412006 0.5534490347733132 0.10788058856819466 0.31597811733635167
0 0.6251237973967176 0.3915299000188644 0.059245897000565914 0.16191913475444894
0 0.6410406055461234 0.5267245173866566 0.09107951329937737 0.08331761302898834
0 0.7312358517260894 0.5872476891152613 0.16535795132993777 0.12890649562975545
0 0.9204955432937181 0.6660202234332938 0.15833687040181102 0.11352821646980671
2 0.9686615732880589 0.5605231717286047 0.06189869835880027 0.09432182607055269
0 0.951418364459536 0.00987235112871786 0.07693123938879468 0.01974470225743572
