1 0.90859375 0.839814814814815 0.0859375 0.101851851851852
0 0.9116997280929428 0.5688762548236037 0.03514707699913479 0.032271797195786794
0 0.9613304906686442 0.5115423172523654 0.010042021999752753 0.037078235076010393
0 0.8294323940180448 0.5832955684642744 0.040554319614386256 0.035018333127343156
0 0.7797307232791105 0.5814365509706012 0.019529455013326008 0.018380663541953834
0 0.7722635787151916 0.5995619275189168 0.04135649296939628 0.02603927335110121
0 0.7425385993934381 0.6187084520417854 0.033027754801948306 0.054120842651308565
0 0.7064952669791381 0.6266223488445711 0.026996599577244748 0.01787008955467743
0 0.7059208712434518 0.658533223049352 0.014359893392151378 0.019401811516506908
0 0.7243015347854058 0.6853383573813681 0.029868578255674964 0.017870089554677296
0 0.8132198185802375 0.7016992531439864 0.028824593589155685 0.026895876154399378
0 0.1246354276477616 0.8349536548988372 0.02042483660130718 0.04646223284216119
0 0.0846971853257432 0.975261789303535 0.03933428209993676 0.032679738562091526
0 0.016109266287160025 0.958043432426734 0.03221853257432005 0.04954670040059024
0 0.4336159867172676 0.9776776301918617 0.03804949399114485 0.041288917000492024
0 0.8080197132616487 0.7897252090800478 0.01881720430107527 0.03265631222620461
0 0.7476478494623656 0.8076463560334528 0.02620967741935484 0.03424930306650746
0 0.8355674222609706 0.6736575284962381 0.01740651942264851 0.030944923418041656
0 0.902162003771085 0.9617399083841526 0.0500050960607451 0.052093065393783965
