9 0.3875 0.596759259259259 0.057291666666667 0.067592592592593
0 0.21234448009908236 0.6935452594969569 0.02181500872600346 0.03659291786297358
0 0.2811321285818837 0.7024589189763991 0.01020379440409842 0.019391118867558763
0 0.5825020200136739 0.5947818039930663 0.026027099260364204 0.014157360791707242
0 0.6869017651811797 0.5725098583573317 0.03670986388215552 0.0193368830325757
0 0.7174933184163094 0.5913287891658207 0.017092423394866007 0.022444596377096858
0 0.7260395301137423 0.6104930214570342 0.018646280067126635 0.03522075123790583
0 0.620085928273976 0.597026263630776 0.030494437193113302 0.017955677101677434
0 0.6311571570638325 0.6167084481460764 0.03282522220150417 0.017265074136228332
0 0.6540765429796757 0.6301752059723343 0.020005904655354553 0.01795567710167757
0 0.6544650071477407 0.6025510873543691 0.013013549630182102 0.0193368830325757
0 0.5893972589968302 0.6139460362842798 0.029329044688917946 0.020718088963474105
