9 0.730989583333333 0.365277777777778 0.1078125 0.128703703703704
0 0.850049339866612 0.4468944240279479 0.08209132979447391 0.05898098997323172
0 0.9763191442190444 0.39992486666913 0.043994568229686316 0.051115298870536625
0 0.9505113069504489 0.3016972742612915 0.03533422015297637 0.03202404266587837
0 0.9740674537190999 0.4550431708729015 0.042262498614344356 0.03695081846062894
0 0.418706797235023 0.523468168629459 0.057843701996927795 0.03840245775729643
0 0.42770737327188935 0.43898276156340676 0.05424347158218123 0.04949650110940429
0 0.3591829877112135 0.49765318313705414 0.03864247311827957 0.0541901348352961
0 0.29121863799283154 0.5115491835921944 0.046594982078853035 0.03464755077658303
0 0.19223104905579638 0.41381206274481835 0.07756914352966353 0.044282767762145035
0 0.1992523939442573 0.441897442298662 0.02541058150109666 0.04101357014212097
0 0.21120539774247055 0.47176602055433703 0.02290295832664634 0.032989175983879834
0 0.23695032900016058 0.4898952073562891 0.02390600759642646 0.04071637035848238
0 0.209617236398652 0.5046065966463977 0.022067083935162886 0.038635971873012466
0 0.23235301984700163 0.5132253903719158 0.019392285882415896 0.033880775334795526
0 0.23912360241801753 0.5521585620285668 0.033602150537634407 0.039824771007566755
0 0.18211696891884668 0.5325433763084221 0.021565559300272846 0.042202369276675186
0 0.18663069063285734 0.4757782176334575 0.021231209543679432 0.032097576632964205
0 0.19289974856898312 0.5130767904800966 0.022735783448349634 0.038933171656651056
0 0.16531589365002952 0.4893008077890119 0.017051837586262265 0.021101184638337593
0 0.06679048148736691 0.4809871050138012 0.05247232374596112 0.039138137024677624
0 0.024415355686212194 0.38270035489167853 0.04585121033953069 0.038549593610772724
0 0.025077467026855236 0.4409661528682663 0.042871709306637 0.047966288233251476
0 0.48356549364613877 0.44585641359834904 0.04582111436950151 0.040186814380362756
0 0.426645487129358 0.37380978241193297 0.03421309872922774 0.03656638065240211
