1 0.896614583333333 0.826851851851852 0.0734375 0.087037037037037
0 0.8142510979857641 0.6607013646995473 0.10553914887172491 0.1001228397866289
3 0.6987732848705135 0.8462230972453598 0.1310957140693624 0.2557759940767665
3 0.5601052551870362 0.8264509398085045 0.1746365288505225 0.10012283978662904
3 0.6088520369529002 0.9232083059888603 0.1017529910646676 0.10180557658976572
0 0.9834450249886415 0.7814377303245998 0.030289262456459336 0.04879936729096197
0 0.9032258064516129 0.6657495751089572 0.037388308344691784 0.0479579988893937
0 0.7831770976932269 0.817832307079619 0.04078209723371017 0.025528699363824806
0 0.8332931256318354 0.840552849513423 0.020391048616855086 0.06892748828232705
0 0.8707724473853508 0.9487945348160401 0.05284440768311729 0.040335344994843286
0 0.7942342156051834 0.8558700691317178 0.03015577612351809 0.0546314166385851
0 0.7897826486536165 0.5502915377467349 0.03216616119841938 0.01633836759284789
0 0.7018205262697788 0.6896484735456674 0.07922458256840632 0.05050946566813336
0 0.6189079027887053 0.5983429009917339 0.012293469708890687 0.03205408398170008
0 0.6813314100882945 0.4490000097133588 0.024586939417781374 0.030597080164350046
0 0.60401914503016 0.40407572534506714 0.02513331584928751 0.02914007634700008
0 0.56468004196171 0.3924196948062671 0.02731882157531259 0.05245213742460009
0 0.6832437275985663 0.49829530553370055 0.024586939417781298 0.024283396955833345
0 0.5425517964857068 0.28897242377441695 0.017484045808200007 0.04176744276403339
0 0.49515364105253956 0.5359345708152422 0.035241279832153125 0.04613845421608339
0 0.4324569455371973 0.4310302959660421 0.0300507037328438 0.06847917941545006
0 0.4573170731707317 0.3397247234121087 0.0278651980068188 0.03253975192081671
0 0.3876540781536847 0.35550893143340034 0.03387533875338752 0.020398053442900077
0 0.417568187778652 0.27585938941826693 0.0439833027362532 0.04662412215520005
0 0.46455656088818953 0.26930287224019195 0.028684762654078193 0.050023797729016724
0 0.3607450389020019 0.5633748093753339 0.08004414721566572 0.07479286262396677
0 0.31102478363493313 0.585958368544259 0.029231139085584407 0.06362250002428346
0 0.3603352565783723 0.23020660314130023 0.04808112597255006 0.04468145039873335
0 0.30091681965206746 0.2673602004837253 0.027592009791065655 0.04031043894668338
0 0.23985925343124398 0.41111791046225876 0.04207098522598127 0.12287398859651683
0 0.22770237783022995 0.299171450495867 0.022128245476003155 0.04079610688580005
0 0.22346796048605647 0.46308437994774215 0.03168983302736255 0.017969713747316707
0 0.2830229915202378 0.4086895707666754 0.01966955153422501 0.05779448475488339
0 0.1266891891891892 0.48435532306500045 0.09596289838225322 0.0947183742882668
0 0.14454979172721105 0.5868771997804255 0.10625544899738446 0.08772213073288339
0 0.09081662307468757 0.30622019869331696 0.05933352707546255 0.04843553230650002
0 0.2704821757241112 0.1033291355872001 0.029969485614646896 0.04628284198176671
0 0.10459047757434853 0.22172710344753352 0.12744599438147824 0.0904129936388001
