3 0.3796875 0.817592592592593 0.110416666666667 0.131481481481481
3 0.5795840407470289 0.913444004275923 0.09196378041878893 0.1367666478023015
3 0.6458121109224677 0.9780387348299064 0.13459252971137484 0.04272778720996029
3 0.526742656912366 0.9175155631013017 0.17642413722224018 0.1637741306671697
3 0.4113366703744902 0.8843845699611366 0.08110863922877266 0.12222084895425635
3 0.262444382647386 0.9660940139249371 0.03591954022988505 0.06454359439157359
10 0.39859102706711164 0.6677515483596315 0.049437646768013876 0.07621637210068795
0 0.3169030404152762 0.8339169722187891 0.06295575330614263 0.04188467295623392
9 0.2122342726486219 0.8462763839107924 0.04055431961438633 0.08720251582691325
0 0.24583642318625634 0.6306733132836211 0.036692003460635274 0.051497548716681114
0 0.27152082560870106 0.4682843763303533 0.031670992460758864 0.03570496711023221
0 0.41056420714374 0.5850121534214971 0.03398838215300958 0.06729013032313001
0 0.351663885799036 0.6093876598140595 0.05909343715239158 0.0432579409220121
0 0.3234689778766531 0.6660349634024086 0.024332591768631808 0.046691110836457585
0 0.38487980472129524 0.7158159271618671 0.046734025460388066 0.05012428075090287
0 0.3597747497219132 0.49643636962880566 0.03823692992213569 0.06866339828890806
0 0.4009084167593623 0.3944712231697771 0.029353602768508222 0.03776486905889945
0 0.4057363119515511 0.42021999752811773 0.017380422691879845 0.03570496711023221
0 0.3350559263379063 0.5407242615251514 0.031284760845383765 0.05012428075090294
0 0.04190613026819924 0.7710899627844381 0.051368804844889385 0.04943764676801381
0 0.07763255469039675 0.8424998970049026 0.05252749969101471 0.04119803897334486
0 0.1786321221109875 0.8153778546807838 0.04750648869113831 0.04188467295623392
0 0.2479606970708194 0.7134127082217554 0.05252749969101471 0.03433169914445403
0 0.2178687360519375 0.7534771533554248 0.039625177520795286 0.046211762584251935
2 0.44571960297766744 0.7384380520581237 0.020678246484698064 0.05667371258769111
2 0.47257260362099074 0.7210785364907228 0.014072695524308478 0.04544108486760812
0 0.535181738810771 0.5418670669566727 0.04681325245841381 0.04646223284216112
0 0.5176626688723462 0.4890226592735553 0.020391048616855086 0.05718428657496758
0 0.48793768955059275 0.4147341441248251 0.024699016634500484 0.05054682474037314
0 0.43236490212296663 0.41907402301667535 0.032453359066262275 0.0490151027785436
0 0.4362420733388475 0.4532824801642006 0.042505284440768336 0.04595165885488465
0 0.41556382685414944 0.5074033228155092 0.033314952669791356 0.0500362507530966
0 0.33945639187574667 0.44332628741230895 0.010339123242349032 0.034208457147525254
0 0.6462961554067762 0.4040711435720565 0.02092209373097987 0.05184734338720944
0 0.94443599107324 0.3510966840242555 0.065619293974437 0.06762696963549067
0 0.9301709271657537 0.4009715741304299 0.022507100831811688 0.03775839137981558
0 0.9889303104077906 0.5296401714807788 0.02146733617366612 0.050511379232155505
0 0.8165259180361127 0.4012533531705777 0.03233414485696883 0.037194833299519836
0 0.7952868228849665 0.4373210703095061 0.013314059646987328 0.04621176258425187
0 0.9027503043213634 0.46578075336444175 0.025994116453641716 0.043393972182773216
0 0.8702576587543113 0.4736705664885823 0.018703083789815417 0.043393972182773154
3 0.8493355650233313 0.5390433038028899 0.05547524852911331 0.05917359843105432
3 0.8288889734226009 0.47113455512725144 0.049452221545952586 0.04846599490543498
