10 0.643229166666667 0.649537037037037 0.092708333333333 0.110185185185185
0 0.6034316196236559 0.48505326563122264 0.12250784050179209 0.1225856232576663
0 0.5509282594086021 0.48287534846674635 0.04060259856630822 0.20036837913182004
0 0.5173261088709677 0.5214555953803266 0.03850246415770607 0.0684488251692553
0 0.5014000896057349 0.5930157307845481 0.061253920250896085 0.0821385902031064
0 0.5064072791758149 0.5815771860358923 0.04626892979789451 0.0453501973515485
10 0.4947960648539098 0.6700882608668455 0.04486150988008781 0.049103317132366285
0 0.6907149084568439 0.5239110077819754 0.05161411411411407 0.043053806494666697
0 0.6465931657463915 0.5107257795429838 0.026639542768575036 0.06888609039146677
0 0.3037217637742769 0.5607883452344568 0.0677252646494957 0.0453817157993202
0 0.414426523297491 0.551063691848888 0.046365758106193214 0.04630787326461245
10 0.4374791614570309 0.6436794383781131 0.05391972993248308 0.030563196354644193
0 0.46694274920081374 0.6635506474216152 0.028698052891601284 0.06328909554716013
0 0.5786433310455273 0.708902107323521 0.05165436970944862 0.05274663819619209
10 0.5313679649965684 0.7417893184880143 0.04611358956760469 0.053064389028699185
