1 0.279166666666667 0.518518518518518 0.1125 0.133333333333333
0 0.8059564233163554 0.2932779978620387 0.2829654782116583 0.24523674778343715
0 0.40684122771199127 0.2877213677540341 0.059122771199128926 0.044613825748982996
0 0.5355076902136926 0.3440557748438516 0.02977405743841017 0.0710796545831254
0 0.6046260378385736 0.16408813877168307 0.019991152851504018 0.04083299305839117
0 0.5376344086021505 0.14934289127837516 0.06550292636450249 0.13837847647565898
0 0.4236736267400183 0.34429903772239356 0.03047636909227309 0.0884480379354098
0 0.37276489066086743 0.6510209012927389 0.02756131448592489 0.05503872847113151
0 0.46941826748822035 0.7228397299075082 0.06003080826386374 0.08054448068946066
0 0.5403980910958076 0.8762098452203563 0.12496979581974138 0.1698146134536131
0 0.21935981680605335 0.5807557856542325 0.08379795566175494 0.10841187663170933
0 0.15044100077306907 0.6485190651330225 0.02986857825567502 0.033577748104419054
0 0.1774544943425399 0.6293875574921327 0.023719165085389005 0.04529091604782104
