1 0.27734375 0.579166666666667 0.069270833333333 0.082407407407407
10 0.7898185483870968 0.7888291517323776 0.10383064516129033 0.10692951015531661
0 0.6439852150537635 0.5492831541218638 0.06821236559139784 0.04958183990442055
0 0.5471657878411911 0.49310725117176735 0.14054745657568238 0.06031155224703611
0 0.4529828370554177 0.33974358974358976 0.17188792390405291 0.1510660784854333
0 0.43085065136476425 0.4824809300615752 0.06300403225806452 0.09075452623839719
0 0.4092031120760959 0.6812218546089515 0.06365022746071132 0.10913518978035117
0 0.4565369106699752 0.6502044848819042 0.04846464019851118 0.07467144563918758
0 0.5033860628618693 0.7044848819042367 0.06849669148056244 0.05916276077566394
0 0.19897273425499232 0.4590373783922172 0.22609447004608293 0.1297149684246459
0 0.14832949308755758 0.6288615804744837 0.04032258064516129 0.04949650110940429
0 0.23936590765338395 0.6017288635884461 0.026091081593927926 0.04041042940473679
0 0.9480006720430108 0.024118876941457604 0.10332661290322581 0.04823775388291521
0 0.3492711338403707 0.5291352196676089 0.07130212431156567 0.08887723285835007
0 0.3700334382376082 0.5458907635671338 0.05327170207185942 0.047595458033433354
