4 0.739322916666667 0.301851851851852 0.1046875 0.124074074074074
4 0.70859375 0.254166666666667 0.088020833333333 0.10462962962963
3 0.88729978718638 0.4212714058144166 0.051103270609319046 0.06347072879330944
4 0.7098384296594983 0.3792687176423736 0.11410730286738349 0.08649442453205898
0 0.7779177867383511 0.12600806451612903 0.04375280017921152 0.04915870171246515
3 0.3439373966087676 0.10826210826210828 0.041679590570719606 0.052270011947431305
4 0.29818943706514867 0.524246257642842 0.09052814674256798 0.07168458781362007
4 0.45256166982922197 0.41847635111392223 0.07511068943706514 0.05973715651135006
4 0.0503407101775444 0.7534597904428734 0.1006814203550888 0.12210115405681728
10 0.07997311827956992 0.8209135617237643 0.13675293823455867 0.11808507682476178
