2 0.069010416666667 0.381018518518519 0.030729166666667 0.117592592592593
2 0.24621533672891913 0.21860655222285102 0.05305602716468592 0.09903791737408035
0 0.22440056853293786 0.07518642112635439 0.04016808799901124 0.05012428075090292
0 0.2896737115313311 0.17646493360249388 0.048665183537263616 0.02883862728134141
0 0.35340192806822396 0.1744050316538266 0.022401433691756296 0.023345555418228758
0 0.319606661722902 0.05115423172523655 0.009655790384377696 0.021285653469561513
0 0.33428346310715606 0.026435408341229625 0.025105054999382034 0.04325794092201211
0 0.5473082908885116 0.05868913622167725 0.021811922278815288 0.04820893332494917
0 0.5082531597811734 0.031702613762602444 0.06101443123938879 0.06235720723553208
0 0.4693454065270704 0.006026116665618646 0.04332908885116011 0.009956192751891675
