10 0.065625 0.525462962962963 0.104166666666667 0.123148148148148
0 0.05442498319892474 0.42748978449804786 0.10884996639784948 0.1319110703899627
0 0.04847110215053765 0.3578006770211071 0.09345598118279572 0.0908502588610115
0 0.15295278897849465 0.2635279769016328 0.10990703405017922 0.09022799681401837
0 0.329714101702509 0.34504430505774597 0.08050515232974916 0.06284846674631624
0 0.22015709005376344 0.5220778574273198 0.09730622759856632 0.05475906013540427
0 0.3015372983870968 0.4402503982477101 0.11725750448028671 0.08027180406212664
0 0.31483814964157714 0.49034249303066507 0.07875504032258064 0.09209478295499805
0 0.3197384632616488 0.551013042612505 0.08925571236559139 0.06907108721624851
0 0.21543178763440865 0.6095056750298686 0.07805499551971329 0.04542512943050582
0 0.11427531362007169 0.7604042214257268 0.06195396505376344 0.06222620469932289
0 0.14840249775985667 0.767560234966149 0.12810819892473121 0.08649442453205898
0 0.4783266129032258 0.6723416965352449 0.08030913978494623 0.08064516129032258
0 0.5246830611973982 0.5888682390076256 0.0879463693083764 0.06416213106774628
0 0.45090453356582383 0.46229024723648376 0.05418725176789695 0.14315390659476682
0 0.6280013571354004 0.2006704480866711 0.06524689424783373 0.042917957105241794
0 0.5795555381563837 0.244748349978541 0.02642499217037263 0.07655635591745832
0 0.5761300762083724 0.31666492674948676 0.04697776385844039 0.0695966871976894
0 0.608916640567909 0.34131375346533505 0.069487942373943 0.06785677001774713
0 0.602228833907506 0.4729674867476308 0.0959129345443157 0.08641588660379766
0 0.5728677314959807 0.5419842015520061 0.037843198663743596 0.04465787428518406
0 0.6593198663743606 0.5086357889364467 0.10243762396909899 0.07307652155757383
0 0.6046755924417998 0.5675029868578255 0.050566343042071235 0.0806161626706569
0 0.655241935483871 0.5895419378037605 0.06687806660402973 0.1594924081613715
0 0.9575822264389626 0.7916578817907092 0.07906388361796322 0.10717548668212809
0 0.8831185885551848 0.5712794737637155 0.12166295884315907 0.09200895370713685
0 0.8684417871709306 0.5242450459358134 0.045961562229637876 0.06111042447712824
0 0.8205490668644172 0.47309081421057697 0.059093437152391536 0.043944574904901154
0 0.7834708317884068 0.4325794092201211 0.03823692992213569 0.04943764676801381
0 0.7819259053269064 0.22075282549883957 0.04750648869113826 0.06385696040868456
0 0.8937399579780001 0.10642826734780758 0.04480286738351259 0.06454359439157362
0 0.8363845630947968 0.29147612573641496 0.045961562229637876 0.062483692442906386
0 0.8699867136324312 0.3457202103846524 0.07068038561364481 0.07209656820335354
0 0.9634547645532073 0.36803581482854747 0.03437461376838475 0.04531784287067934
