3 0.19609375 0.642592592592593 0.158854166666667 0.188888888888889
0 0.9500919637804187 0.6784254543167956 0.09019524617996612 0.06288121738036836
0 0.6266607959461129 0.7013966135211964 0.04905141515263871 0.08582924786113515
0 0.6069629835619824 0.820527609552452 0.049051415152638785 0.0384515030417885
0 0.5835959708317884 0.6368530191296227 0.01776665430725494 0.04188467295623392
0 0.5217145972813958 0.5567953833322062 0.029164130655305275 0.0247965555330132
0 0.5114120511259891 0.6790874867563851 0.039625177520795286 0.02817790401478773
0 0.5588037634408602 0.6241405739275491 0.026628119293974427 0.023105881292125968
0 0.5946249239196592 0.7658754311219315 0.02282410225197808 0.03494060097833693
10 0.2750576036866359 0.40484724355692103 0.0998463901689708 0.0930192865676737
3 0.09277087851269539 0.9150985663082437 0.10679695265202856 0.16860812425328556
0 0.027255077658303466 0.9715916633479357 0.05451015531660693 0.05309969467675563
