3 0.245052083333333 0.6375 0.1546875 0.184259259259259
0 0.14717741935483875 0.7845375086461673 0.12556593095642332 0.07074136955291455
0 0.13717333605553284 0.5111685797680081 0.04125833673608275 0.1436716422424875
0 0.26669048591261735 0.5690153199340623 0.0842180481829318 0.080909819578664
0 0.1837484687627603 0.5365001587949729 0.0876207976044644 0.05973715651135006
0 0.3358088335374983 0.49339866612222677 0.06252552062066148 0.06124948958758673
0 0.48680583911800734 0.4593711719069008 0.06848033210834359 0.037052160367799444
0 0.36345617258745067 0.3969874325121364 0.06422689533142775 0.039320659982154456
0 0.3696236559139785 0.35199552349409435 0.039982305703008036 0.058224823435113315
0 0.38599938750510415 0.28394053506344236 0.054018647066829996 0.056712490358876606
0 0.4753215598203348 0.3232611950455968 0.054018647066829996 0.056712490358876606
0 0.23415169456921192 0.3081378642832298 0.054018647066829996 0.056712490358876606
0 0.14100142915475702 0.266170621417661 0.09315026541445487 0.06805498843065198
0 0.13118226908294284 0.37013145775225537 0.08641727754120565 0.07483636196035821
0 0.18077956989247315 0.167178699436764 0.10240655401945727 0.055944321177296065
0 0.30132061785287595 0.26579241812216725 0.053336746885133964 0.038876562174053206
0 0.5648041474654378 0.29518689196108555 0.05120327700972859 0.06732282717945805
0 0.8349904256886139 0.26922636290731744 0.03866548828988066 0.07692181797351928
0 0.7305015466195316 0.36906106283039564 0.061680659891000154 0.08510499009836169
0 0.7158938172043011 0.4525089605734767 0.05880376344086022 0.11648745519713262
0 0.7849462365591398 0.4764038231780167 0.06451612903225806 0.05197132616487455
0 0.7775537634408602 0.6511350059737157 0.051075268817204304 0.07765830346475508
0 0.08402636388058225 0.6364112304283244 0.056708323612790115 0.07037987490151809
3 0.1250672928442914 0.707676736194735 0.10014237749160608 0.10837689659569041
