1 0.502864583333333 0.688888888888889 0.0828125 0.098148148148148
0 0.4685160609772696 0.4881055003553983 0.16460800326663944 0.12325514571329188
0 0.5537974683544303 0.6926485489164134 0.033176806859942766 0.0710796545831254
0 0.4617105621342044 0.6310209760597674 0.03190077582686815 0.08847148495984758
0 0.4268323805634953 0.702856797181011 0.05657070913297946 0.10661948187468796
0 0.3445283789301755 0.8072077794413441 0.05869742752143732 0.07637282034995391
0 0.5010548523206751 0.6238373939476429 0.053593303389138425 0.0453699922871013
0 0.078125 0.9578853046594982 0.14751344086021506 0.07825567502986858
0 0.7092236467236469 0.9380724810832338 0.019816652881168982 0.0781178200533039
0 0.7599140703979413 0.9554319966506346 0.03848451429096591 0.08322355992606885
