9 0.152864583333333 0.275925925925926 0.0890625 0.105555555555556
0 0.04018109790605551 0.4606992391372698 0.07074136955291455 0.18078349996855933
0 0.057229767968307886 0.6225703855942442 0.11445953593661577 0.11780630599324204
3 0.11718218320402886 0.638582641440951 0.08804614128215599 0.10510714879845129
0 0.3504831904178576 0.40379293135520167 0.061249489587586754 0.13762230993754063
0 0.199060841159657 0.35086127368691683 0.074009799918334 0.09225231765043934
0 0.2426585681230434 0.368253104063639 0.041258336736082736 0.0816659861167824
0 0.19480740438274124 0.45067525671853964 0.11229073091057573 0.0756166538118355
0 0.508490865996069 0.30473015505967294 0.06612036073534512 0.06744517670636295
0 0.5504032258064516 0.3211096979740754 0.024930627818244903 0.06680284169011189
0 0.5312536131344664 0.415211777854858 0.045886807723436215 0.0815765470638866
0 0.6772242455775235 0.28513893706401516 0.04299630015030641 0.07836487198263127
0 0.6214013180714534 0.4229197980498709 0.08382471962076535 0.11883197800644901
0 0.5028404795574409 0.35611695635975904 0.0802115851543529 0.08286121709638881
0 0.4304471615215632 0.46659857915494407 0.11670424326511733 0.1586567490140157
0 0.4868120591975952 0.470131421744325 0.07334662966816972 0.06551817165760972
0 0.4947609550237022 0.550744466283835 0.12754364666435425 0.12011664803895115
0 0.5653977338420627 0.6548027389165092 0.09394149612671983 0.13553268842897695
0 0.6947680207088809 0.5258123515789784 0.09790256206026814 0.2595985073085829
0 0.6875082968272932 0.41445049190967154 0.04106929510155322 0.07079959290234078
0 0.6962199654851985 0.4878313199699102 0.06595977698128244 0.0803870377745328
0 0.7957818930041152 0.5081124533533932 0.05600358422939063 0.0943994572031211
0 0.8418292844816143 0.4708689175037244 0.044388026018850266 0.1113618596693069
0 0.9129745785211736 0.5029499830375975 0.05475906013540425 0.08407451657152973
0 0.732726005575468 0.6965426198799357 0.12154851984601096 0.10103691903771539
0 0.7968189964157705 0.7566485242709854 0.07052303199256608 0.11209935542870626
10 0.9370353776715783 0.7057613168724279 0.12196336121067292 0.08259952505273094
0 0.7781511350059738 0.6246367833384958 0.04148413646621533 0.04867472012035926
0 0.832910195141378 0.6309054972933905 0.07052303199256608 0.039087275248167394
0 0.7262959644232045 0.6150493384663038 0.055588742864728605 0.05457468619555434
