9 0.486979166666667 0.66712962962963 0.066666666666667 0.078703703703704
0 0.621630319551719 0.7822790987261682 0.036441768892927405 0.045433893684688746
10 0.426560633213859 0.9220319483162972 0.09147252090800476 0.15266162219567245
0 0.44953120902176763 0.6736214315548172 0.03797316198968441 0.04565278627696662
0 0.4216660110149489 0.6988761643888841 0.019942739749978115 0.04273877864226668
0 0.06080569438134183 0.7330422198663907 0.06436468271997578 0.052585525098019475
9 0.12706345600484628 0.6036818281252629 0.03644176889292746 0.05048210409409865
9 0.12422383764955325 0.6737257475558248 0.03880811752233832 0.029027209854106756
9 0.20408810389217025 0.6663637740421022 0.02910608814175376 0.027765157251754213
9 0.15723440102983494 0.6718326686522961 0.03620513402998637 0.04290978847998379
0 0.13877688172043012 0.6465916166052467 0.02863281841587157 0.02692378885018594
