1 0.827864583333333 0.41712962962963 0.0609375 0.071296296296296
0 0.7498416204369562 0.5043414073617484 0.012627559756181071 0.015600149152645513
0 0.49071519524618 0.44357458760401597 0.030065082059988656 0.01624431448992848
0 0.3821558382553385 0.41731872717788215 0.03265561108587003 0.01851010483450281
0 0.9026849907743209 0.43724770771917176 0.03260800407202386 0.019794560737488805
0 0.841743812432398 0.3951842661520081 0.06263122733346048 0.035347429888372826
0 0.7072080520130032 0.5121558167319608 0.0075539718262898695 0.011576968316153128
9 0.2307347670250896 0.4310126353137106 0.02973281199087651 0.02063647224937552
0 0.21821032909742583 0.4626914304333659 0.022197784294558508 0.023894862604540025
0 0.1605775496904529 0.5023351797545346 0.07881231671554252 0.055392636037797344
0 0.03380579993483219 0.5135585243112124 0.04887585532746823 0.06552985047608706
