10 0.412239583333333 0.734259259259259 0.106770833333333 0.125925925925926
10 0.2427465702632555 0.5892624177755805 0.05523112099864048 0.064200277400129
10 0.2980742491657397 0.5396531125118444 0.045382214806575234 0.05218418269957017
0 0.33988382153009516 0.5003433169914445 0.036305771845260223 0.13423694365481537
0 0.42599361873178576 0.43909601491754036 0.09640990855190432 0.1579964046047857
0 0.40636619435232635 0.5150236157170134 0.07850969751783735 0.09881753927578468
0 0.4632072153552406 0.5091615583023481 0.05024620641141591 0.05471253587020846
10 0.3146795989537925 0.7765830346475507 0.057819916690884425 0.06350436457963332
10 0.30533154121863804 0.7172441258462763 0.03270609318996417 0.11150935882118683
10 0.26825716845878134 0.7413381123058542 0.02934587813620073 0.06491437674233363
0 0.25392025089605735 0.6991238550378336 0.06518817204301075 0.06969334926324178
10 0.7083333333333334 0.6819992035045799 0.09094982078853049 0.05854241338112306
10 0.7359991039426523 0.7021107128634011 0.05846774193548387 0.04619673436877733
0 0.5116421568627451 0.5221378874130297 0.027474699557242247 0.049898095438892384
