1 0.900260416666667 0.538888888888889 0.133854166666667 0.159259259259259
0 0.9301959535936615 0.4284726152298309 0.13529286926994918 0.11947431302270012
0 0.7407279065860215 0.40929286140979687 0.0766549059139785 0.1465427120669056
0 0.6092069892473119 0.43776135005973715 0.0656292002688172 0.12134109916367981
0 0.6911122311827957 0.5063657407407407 0.09293094758064516 0.08493876941457587
0 0.5064985291134104 0.45253713847749144 0.03423615337796712 0.1555420301616284
0 0.523616605802394 0.6331575032122811 0.03106613917630356 0.07833457316111
0 0.5649852911341043 0.6728883478731318 0.04152718604179349 0.07889813124140575
0 0.6388466220328667 0.6621807443475124 0.05040322580645161 0.07213543427785656
0 0.6827513187259079 0.7038840422893984 0.02345810509231079 0.06649985347489912
0 0.60762198214648 0.7565767227970513 0.06910630959626703 0.11665652262122134
0 0.4984149928991682 0.8346295169180136 0.08146936498275517 0.07100831811726521
8 0.41361711300466625 0.7754559184869592 0.048818218705619795 0.06649985347489912
0 0.0763888888888889 0.8012748568304124 0.15277777777777782 0.09749920861031963
0 0.03413163897034865 0.6263936007769025 0.06826327794069732 0.17132744267469116
0 0.1951804915514593 0.8933342643020061 0.09906088535120794 0.11249204797591898
0 0.6760839966485127 0.9356157581964033 0.07113182516408328 0.12257754193238066
0 0.7103407345342829 0.8378640475414669 0.07156821672950714 0.06982265046781172
0 0.7694717916492111 0.7308026501574889 0.11477098170646563 0.13343884311626253
0 0.7661988549085323 0.714510698381666 0.027929060187124644 0.09620009620009612
0 0.8628595866499092 0.701321975515524 0.04843946376204438 0.037238746916166264
0 0.9573383605641671 0.8661810113423015 0.08291439743052637 0.1419727226178839
0 0.9654116045245078 0.8114866018091825 0.06676790950984496 0.07292587937749226
