3 0.396354166666667 0.730555555555555 0.16875 0.2
3 0.8678551216751557 0.45676916305099674 0.12910299943406908 0.1351946173677922
0 0.7707251884810283 0.7168458781362007 0.11548325299715725 0.0961287576044714
3 0.6241502904461749 0.7405347505458739 0.08574341861327402 0.2231560444389514
3 0.6840161908293165 0.7103228552987544 0.06256952169076746 0.07072330023757536
3 0.5637050426399703 0.633763166206622 0.1541064145346681 0.10711490133069664
3 0.5734506543302492 0.5987608013114389 0.0679857464366092 0.08705880173747137
3 0.403790068979509 0.8056062757827822 0.16293872996551026 0.20795293162913372
3 0.42978418543315067 0.7678478844029665 0.15786670724284843 0.15948693672369868
3 0.37890545749644955 0.6542909312233719 0.08844339622641516 0.10482180293501044
3 0.4394527287482248 0.6455557809787876 0.04469720024345713 0.07269899235815237
3 0.25036138161898963 0.7681296634431144 0.05262223574761614 0.15216068167985394
2 0.29648508825319536 0.6001893555149794 0.1271175694867113 0.11834719686210857
3 0.36479889429904644 0.5283357002772706 0.09129640900791236 0.05917359843105432
3 0.5399048241790176 0.36299740600815866 0.08930301269010946 0.19858568245665018
3 0.5564031773709193 0.5061513126029255 0.16710258645742518 0.14046304368885013
10 0.4574130582195098 0.4773590795096171 0.05025186476799379 0.21311634214860015
3 0.4793604087958926 0.43941791253619206 0.15166376053472833 0.14907380498778347
0 0.4424283154121863 0.37968075602484197 0.11049355807420323 0.24809755992551685
3 0.24898890826310177 0.5045367948593755 0.0505545868449094 0.07911136943395006
3 0.19949384868739706 0.5454379110293088 0.05691175046013754 0.10494365333075013
3 0.03224231350806453 0.38129106929510154 0.06448462701612906 0.08307198327359618
0 0.8421920821114368 0.6697802396727127 0.05681818181818179 0.052134245682632765
