1 0.331510416666667 0.527314814814815 0.125520833333333 0.149074074074074
1 0.6109375 0.436111111111111 0.107291666666667 0.127777777777778
0 0.2801144790507972 0.4387179170271496 0.0828466814979607 0.17097186173938117
0 0.3363111790878755 0.3527170106702921 0.04229236188357437 0.08548593086969061
0 0.4840447719688543 0.4170889465661435 0.07473581757508346 0.09681539158736045
1 0.6094734890619207 0.5597371565113501 0.07647385984427138 0.13698347958637172
0 0.4355169998485538 0.6188264593534927 0.023900121157049883 0.06310263011762328
0 0.36993852921272274 0.6520582165743456 0.11161553500263183 0.06600329180974336
0 0.3110424521714844 0.7055889152663346 0.10735232509426056 0.07835652996943313
0 0.2194002234324815 0.7067526261074649 0.1562281804217288 0.130335614206582
0 0.6589640198511167 0.5773519590723891 0.13096222773642138 0.19912385503783356
