3 0.166666666666667 0.552314814814815 0.127083333333333 0.150925925925926
2 0.04234817507193701 0.7444175206555943 0.03549522944116311 0.08245410335369437
0 0.11475844313190976 0.7591414676830396 0.07808950477055884 0.041227051676847114
0 0.5674409359382101 0.5959159977787875 0.10601241859760714 0.11863294462113178
0 0.47238372093023256 0.4552063941911404 0.057566474952071324 0.06020023524399622
0 0.5218752604817871 0.44108249284543355 0.020578061181962214 0.03658321987904387
0 0.4937432274735351 0.4869272873773999 0.018494206885054595 0.04954942439313533
0 0.5330759773276652 0.49642040139664545 0.0664228557139285 0.06946180989691864
0 0.4713417937817787 0.5103127633760292 0.044542385596399135 0.0453817157993202
0 0.9548260043866688 0.6095831327234794 0.08169501952602576 0.0474219404768273
