1 0.91875 0.813888888888889 0.076041666666667 0.090740740740741
3 0.5508340226082161 0.8834410644446486 0.08558496461722269 0.11998488700997666
0 0.8286979597463469 0.6863595053559212 0.022114235823913246 0.02603927335110121
0 0.7193260368663593 0.6836917562724014 0.02880184331797237 0.029441884280593918
0 0.6894441244239631 0.46117084826762245 0.04920314900153614 0.0529100529100529
0 0.08344534050179211 0.4893800610646489 0.05936379928315413 0.04579848665870169
0 0.36195873292647485 0.6047714381047713 0.0310290128838516 0.02018147179437493
0 0.4013126029255061 0.6226656764291173 0.01286568826891404 0.03874842584519999
3 0.3741432965223287 0.6489015897618047 0.019979657076431238 0.033635786323958285
0 0.3520445849074881 0.6349091026510381 0.01786060253802187 0.014799745982541739
0 0.8717133418926871 0.503714997295482 0.05767533301235761 0.05349596105494032
2 0.9847235596212486 0.7499450180400267 0.028252554432140278 0.04131076992575949
