4 0.88515625 0.337037037037037 0.1171875 0.138888888888889
4 0.85234375 0.287037037037037 0.097395833333333 0.114814814814815
2 0.5895825608701026 0.49609305263736114 0.05445865776789025 0.08445597989535697
2 0.7251498578667656 0.5654430849091583 0.04209924607588678 0.0913223197242478
0 0.7623792270531401 0.4770314961993316 0.041393953560854 0.05713988883694355
4 0.7214675331454222 0.43207943301898827 0.12494780248460176 0.09743536207676513
0 0.9064926821983272 0.14240674366122394 0.04946983273596175 0.06637461834594456
0 0.49430472024785854 0.157270720693356 0.04670129396755962 0.04961221472976529
0 0.5827065239867659 0.6547996507673927 0.03844861455748552 0.039058910026652016
0 0.46687603391232424 0.6622667953313115 0.036186931348221645 0.044802867383512544
0 0.49094680521091816 0.7251631283889348 0.01583178246484695 0.04767484606194288
0 0.5261644437551696 0.8041425420457678 0.024878515301902365 0.02986857825567503
0 0.6268975332068311 0.6577763721976245 0.02767235926628713 0.03935624428983069
0 0.6587207463630614 0.6398552252442194 0.03913662239089185 0.05692599620493349
0 0.6632669196710943 0.6588305573125305 0.025300442757748245 0.03865345421322653
0 0.6946124551971326 0.663331342094783 0.027535095579450383 0.03733572281959379
