9 0.53046875 0.059259259259259 0.0671875 0.07962962962963
3 0.6114176570458403 0.20760233918128654 0.284734012450481 0.2656731434320568
0 0.8995099411058664 0.06489341633654026 0.1764958301460848 0.12978683267308053
0 0.15734649122807023 0.5471609130352764 0.11230192416525187 0.16506319562346725
0 0.09544779286926999 0.7358045651763818 0.1193760611205433 0.2310884738728542
0 0.2430835573476703 0.6698650935882119 0.07385472670250891 0.16614396654719235
0 0.23818324372759858 0.559102449223417 0.02695172491039424 0.0852499004380725
0 0.09379900313620072 0.40104788928713664 0.04480286738351256 0.08151632815611312
0 0.05284638216845879 0.21685832337714062 0.08260528673835127 0.07778275587415372
0 0.09362399193548387 0.2737953006770211 0.04445284498207886 0.05102548785344485
0 0.14717741935483872 0.22339207487056953 0.056353606630824386 0.06844882516925527
0 0.2520091285842294 0.08400537634408602 0.06440412186379924 0.07093787335722819
0 0.26723510304659504 0.1148073476702509 0.0486531137992831 0.05040322580645161
0 0.3522905465949821 0.10516228594185585 0.08295530913978495 0.07716049382716049
0 0.3038124439964158 0.13627538829151734 0.03990255376344086 0.07467144563918758
0 0.38379256272401446 0.1396978295499801 0.04445284498207888 0.03671346077260058
0 0.262684811827957 0.20596873755475908 0.045152889784946235 0.026135005973715653
0 0.2721354166666667 0.22681451612903225 0.04935315860215054 0.05538132218239744
0 0.07647289426523299 0.35593389088012745 0.03745239695340503 0.034846674631620826
0 0.7854019898652824 0.09956192751891678 0.03128476084538384 0.04806437880223568
0 0.6788020640217526 0.04772106181079114 0.0529137313063898 0.04051140499045579
0 0.6490622296378692 0.026778725332674166 0.04209924607588678 0.04119803897334486
0 0.5436209986404646 0.09715870857880497 0.07377023853664565 0.0693500322717972
0 0.4574913484118156 0.13870006454359438 0.044416635768137425 0.03433169914445407
0 0.44300766283524906 0.059050522528460984 0.09269558769002595 0.07003666625468628
0 0.323082746261278 0.01682253258078249 0.06836299592139414 0.032271797195786815
0 0.15360746050710208 0.02910895762349368 0.07508628700384976 0.05678717347375252
