2 0.851041666666667 0.723611111111111 0.066666666666667 0.078703703703704
3 0.20332838143746468 0.8765012890649563 0.17420062252405208 0.12261837389171842
3 0.3655913978494624 0.7601710369112746 0.16624221844934917 0.08488964346349735
10 0.13479767968307874 0.867069106457901 0.14501980758347482 0.13833867823681065
0 0.14717741935483875 0.7633150977802929 0.07781550650820597 0.07231339998742371
0 0.8222871091336053 0.7594171850753239 0.07338400692127063 0.05355745066534842
0 0.9789040291682116 0.6876639338634147 0.039009393152886034 0.04188467295623392
0 0.6632400769945572 0.7784046491732672 0.073012080180539 0.06268713954894763
0 0.008620403557679531 0.7190362405416167 0.015763971857161822 0.04867472012035933
0 0.20235132085490506 0.46238771627063147 0.025720164609053492 0.08407451657152966
0 0.2938238417629099 0.3362759414133369 0.04272866056020178 0.04424974556396304
0 0.253584229390681 0.11982093602961784 0.04023961237222887 0.039087275248167325
0 0.1870021903624054 0.17660810950337036 0.06969334926324175 0.05678717347375254
0 0.3114545997610514 0.23007655205982566 0.013274923669188884 0.033924804932371606
