9 0.169010416666667 0.67962962962963 0.0640625 0.075925925925926
0 0.03670242442686142 0.7360068528662564 0.04184418746195983 0.03606771713892828
0 0.006587289511057 0.7582673970379387 0.012680056806654492 0.0512837853069137
9 0.13558574755153754 0.6188693316287317 0.027181357441271144 0.05060536188541124
9 0.20739161701253342 0.6744210822698598 0.03467228272036161 0.027014892435069125
9 0.13312444353126499 0.6780357509759605 0.039380864324361345 0.026634400992321717
0 0.14937828058910463 0.6537113477948213 0.02356928094582888 0.024347845781877257
0 0.21522390091193683 0.7323321688368646 0.035303525248400705 0.03629599382968104
0 0.4398826979472141 0.6803751803751805 0.037529674626448795 0.04654843364520786
9 0.47304845691942465 0.6803751803751805 0.04538472280407765 0.04344520473552733
0 0.41468108504398826 0.7009340719018139 0.012873551180002817 0.03801455414358646
3 0.5381798980589304 0.6924001924001923 0.017673858399664854 0.03025648186938513
10 0.4263739545997611 0.9148413646621532 0.10902031063321382 0.13805920615956457
0 0.6072910771552538 0.7925653440650611 0.03330739483116394 0.03510867970403902
