3 0.902604166666667 0.305092592592593 0.086458333333333 0.102777777777778
3 0.6718879239040529 0.3115981986949729 0.10712480470544991 0.07913896802785693
0 0.348261154855643 0.37299974599949204 0.2241025315383964 0.15428179004506157
0 0.3012975192617052 0.2829236399213539 0.07937515875031752 0.06444086962247997
3 0.27050077596718763 0.7543448004039957 0.15588626538077813 0.17366884676495586
0 0.31865231127369464 0.6958393378413333 0.060968850460037666 0.10592567958713618
0 0.17576509511993382 0.6002320558772172 0.3030655500413565 0.1573844315779799
0 0.7498826591568526 0.7052872124556713 0.13120839733742956 0.18395251370161766
0 0.6581434545144222 0.6962792285372931 0.2037463731012118 0.3043750355578313
0 0.4525302952722307 0.7545940717983729 0.1018731865506059 0.3015304090572908
0 0.8640232974910395 0.7199844493751304 0.05120327700972859 0.1583508751967533
3 0.9629629629629628 0.3444937513037872 0.07200460829493086 0.08059775084864691
0 0.8018859873698585 0.1600671331854128 0.09227257211128174 0.06447820067891752
0 0.9216269841269841 0.20984809694487117 0.14827615634067254 0.200072063871347
0 0.8332133256528417 0.3941798941798942 0.018481182795698926 0.05803038061102582
0 0.6380025712949976 0.46854708846293697 0.17794530154277696 0.12259103423198797
3 0.648083216456288 0.5511402005090644 0.154862085086489 0.1371357332086645
0 0.4748129967274427 0.16986130590618667 0.12914913510986434 0.10389070697626097
0 0.4119915848527349 0.07194431458106072 0.12681159420289853 0.09609890395304138
0 0.35925081813931736 0.16284868318528906 0.13411640953716691 0.08986546153446573
0 0.21286231884057968 0.19141862760376083 0.07567788686302009 0.15427769985974754
0 0.20774894810659184 0.33141135525427246 0.07772323515661522 0.09661835748792268
3 0.14478143992519868 0.29427042751025917 0.05814633006077605 0.07532076255778918
3 0.12929523141654978 0.4246532647654667 0.11833800841514726 0.053503714092774414
3 0.048503973819541836 0.47244298997454676 0.08122954651706404 0.08051529790660222
0 0.0822522206638616 0.17713365539452494 0.14229780271154743 0.07791803023219572
0 0.16251753155680226 0.8519297698820839 0.3075327255726975 0.20128824476650553
0 0.19612024400330852 0.4965536255858837 0.16284119106699751 0.15910761878503812
0 0.9574932795698925 0.5531660692951016 0.08434139784946236 0.1027479091995221
0 0.8382056451612904 0.6099163679808841 0.09576612903225806 0.1015531660692951
0 0.7609206989247311 0.600358422939068 0.08366935483870967 0.08482676224611709
0 0.8402217741935484 0.5056750298685783 0.09509408602150538 0.1033452807646356
0 0.7726814516129032 0.533452807646356 0.06821236559139784 0.05017921146953405
