9 0.785677083333333 0.091666666666667 0.056770833333333 0.103703703703704
9 0.8015024589480703 0.11090735646874682 0.05991081103609233 0.0680725736989803
9 0.8186942568975577 0.11669584062682335 0.04740768525464691 0.06575718003574968
9 0.8607620655163791 0.05140173932371981 0.04402142202217213 0.054643290452242685
9 0.8834239809952488 0.06344178637251906 0.05235683920980246 0.07131412482750317
9 0.8183035342168875 0.15999370212923603 0.05496165708093678 0.06344178637251906
9 0.823252688172043 0.02060700360275254 0.05131491206134862 0.03936169227492058
0 0.6879323997666084 0.1201689311216693 0.04844961240310084 0.04306632213608957
0 0.6891045678086187 0.25978716901447585 0.03829082270567642 0.04908634566048921
0 0.6545907310160873 0.2810887907161976 0.04063515878969743 0.02871088142405971
2 0.8532080936900891 0.25399868485639926 0.033602150537634407 0.05325405425430433
0 0.6363680002792905 0.3163276389082841 0.04603931015221336 0.03374761439277573
0 0.5970927593911465 0.32466756660305046 0.04123900293255125 0.028704867414544862
0 0.5318522203602849 0.10511412124315352 0.025528906577293703 0.03335971077906561
0 0.5494169808685938 0.25271144625983333 0.03142019271051524 0.026765349345994498
0 0.5143965577433319 0.19568961504445376 0.03818426197458459 0.028316963800834764
0 0.29587187697659706 0.09962927823459139 0.024954538266919665 0.044802867383512544
0 0.33453905755850727 0.22481376062969996 0.03014310562934849 0.030747065851430194
0 0.4358396584440227 0.23008468620423084 0.04200268817204301 0.028111603064164735
0 0.48266030202403537 0.28235469815166214 0.031378478810879226 0.05095228055379856
0 0.4661063013915243 0.20614589921990306 0.035331672991777315 0.022401433691756272
0 0.48377213788741297 0.2252530044275775 0.030637254901960807 0.031625553447185324
0 0.5309633934218848 0.32144739616276624 0.04348513598987985 0.030747065851430125
0 0.3648038474462366 0.29650786539227403 0.034127184139784945 0.026135005973715684
0 0.2897240423387097 0.32606531262445243 0.03727738575268817 0.044802867383512544
0 0.25892207101254483 0.31953156113102354 0.03727738575268817 0.02986857825567503
0 0.19615688393747924 0.3418812893372255 0.06633826626759784 0.06374016184458486
0 0.20204592062964197 0.25458498072398966 0.045553430883494055 0.03818251240931655
0 0.16538837506579435 0.4327434811305778 0.054515377096022256 0.047622628267789534
0 0.12685164298067517 0.38094342933052605 0.049345815474847746 0.04511617414843221
0 0.07768026565464896 0.45818399044205493 0.05099620493358634 0.0309227633705812
0 0.06473355471220746 0.33256026424906876 0.04249683744465528 0.039707639328132704
0 0.11396078186213218 0.21278467765089418 0.04923105776444111 0.03750937734433608
