1 0.80390625 0.735185185185185 0.059895833333333 0.07037037037037
0 0.026032823995472604 0.34436898698358803 0.04951895868704018 0.05502106520782246
0 0.34749793217535146 0.3581242532855436 0.0852977667493796 0.04365407591214044
0 0.43247260132340776 0.4885120852862788 0.06785049627791563 0.06088594798272216
0 0.3358664185277088 0.5821385902031063 0.060742349048800603 0.04365407591214037
0 0.25767679900744417 0.6665747633489568 0.0620347394540943 0.05399319915448939
0 0.12003722084367245 0.7131008179395275 0.07237386269644334 0.055141990625861496
0 0.12359129445822993 0.9371151548570902 0.026494003308519445 0.12406947890818867
1 0.4880453887510338 0.696443341604632 0.03166356492969398 0.044802867383512544
1 0.5177703680727874 0.7458413748736329 0.03683312655086853 0.06777869681095494
0 0.5600756587956514 0.6030561873272551 0.035345890043939544 0.045637070643322154
0 0.8083491461100567 0.6342329046313865 0.04822896900695761 0.03865345421322653
0 0.7773165717900062 0.6215826832525124 0.034392789373814084 0.027408812987560545
0 0.8202087286527514 0.6633986928104575 0.07273877292852626 0.05622320612832954
0 0.7668406072106262 0.8120387940122284 0.10041113219481346 0.055520416051725384
0 0.8983343771210661 0.9619071434525298 0.11524839915335998 0.07499096996471347
