1 0.573958333333333 0.059722222222222 0.077083333333333 0.091666666666667
0 0.4993633276740237 0.6036619088026818 0.9987266553480477 0.7748268044631891
3 0.5212224108658744 0.22017858265736023 0.34486417657045837 0.21851223039678044
0 0.7749697107375436 0.03556464233429248 0.04117446615174917 0.04290978847998385
0 0.786168659621802 0.012103084456560144 0.03990887762615733 0.024206168913120288
0 0.4507799485082539 0.05449543136957947 0.056319097379978755 0.06226126171605498
0 0.4013232621535666 0.03219916872801924 0.029342723004694878 0.026082420448617635
0 0.40605595941238837 0.09992932505426826 0.04164773587763132 0.09086778736937755
0 0.28701136872759864 0.0793384109916368 0.08400537634408602 0.09520609318996416
0 0.2836861559139785 0.19725706889685388 0.04095262096774194 0.05973715651135006
0 0.3130880376344086 0.14872062923138193 0.01295082885304662 0.03982477100756672
0 0.18848006272401435 0.21343588211867784 0.047253024193548404 0.08089406610911985
0 0.04147065412186381 0.44585075667064916 0.07945508512544804 0.05662584627638389
0 0.07104754704301076 0.19072331740342496 0.025201612903225805 0.06782656312226205
0 0.027119735663082446 0.3593563321385902 0.015050963261648745 0.047914177618478715
0 0.07822300627240145 0.02862405416168857 0.050753248207885314 0.052270011947431305
