9 0.893229166666667 0.310648148148148 0.079166666666667 0.093518518518519
9 0.7700422827060931 0.29121863799283154 0.047603046594982025 0.03733572281959379
9 0.7455407146057347 0.32450965750696936 0.04200268817204301 0.0329798884906412
9 0.9629046258960574 0.24112654320987656 0.04970318100358418 0.054136798088410994
9 0.9485537074372761 0.28686280366387895 0.04200268817204301 0.034846674631620854
9 0.9065510192652328 0.28406262445240943 0.04690300179211475 0.026757268020708894
9 0.8428469422043011 0.29588560334528075 0.049003136200716745 0.02426821983273596
9 0.9181017585125447 0.2022351652727997 0.04690300179211475 0.06595977698128233
9 0.9867061491935484 0.292463162086818 0.02590165770609309 0.028624054161688617
9 0.9860061043906811 0.32419852648347275 0.02590165770609324 0.024890481879729236
9 0.6547477862112587 0.32803605313092987 0.019271821631878527 0.028111603064164704
9 0.6562045916884626 0.3539830152733378 0.04555967257580157 0.028254060512125024
9 0.637360142400465 0.3370305789660628 0.028153153153153216 0.021795989537925005
9 0.6110931245585118 0.344905772266262 0.04096028569186091 0.02616225832613867
9 0.5735666352719566 0.34425171580810854 0.04390353975355154 0.03095867235259743
9 0.5395965779766109 0.3235399279665821 0.04316772623812892 0.027034333603676654
9 0.43216638697246573 0.3157782059516164 0.014761638386475213 0.07976464250937493
9 0.41585089191372987 0.31543290446889183 0.025250170924233966 0.03211303789338471
0 0.48023882777052646 0.34167581715595885 0.027775188016657317 0.031422434927935575
9 0.30929252199413493 0.3430929882542786 0.054767141460689825 0.0384024577572965
9 0.3675507959782153 0.34697202439137925 0.03774787040916073 0.02133469875405363
0 0.3458403155983801 0.3248615184099055 0.021819578271191173 0.02986857825567503
9 0.4014802401899176 0.3669490604974476 0.03578410836475357 0.02327421682260393
2 0.1778316710820217 0.35135259928777146 0.02548568905511401 0.03722750333316017
0 0.13004851822711772 0.3461403968878399 0.013604773144505642 0.023894862604540025
0 0.7785793088445522 0.3556605272063038 0.026221331344396685 0.03314894234155846
0 0.7370136428615826 0.2817660099032465 0.03321368636956929 0.04143617792694801
9 0.6854838709677418 0.3714092774401329 0.031556802244039235 0.030128305023115667
