1 0.6609375 0.063425925925926 0.045833333333333 0.126851851851852
3 0.38617863092533705 0.42175273865414714 0.12683628653642287 0.11695020781799517
3 0.6980758347481608 0.4865434194806011 0.129102999434069 0.06445324781487773
3 0.8453063101301641 0.6409954096711312 0.16182088285229193 0.13912469345406522
0 0.88907753254103 0.422876186882978 0.09638511601584608 0.056593095642331684
0 0.5224014336917562 0.22897030842072658 0.09416898977830876 0.06416213106774635
2 0.42212701612903225 0.2797192353643967 0.03977901644528775 0.06149413170286032
0 0.3872894924098671 0.3471431583386043 0.08375830170777988 0.034700260032328366
0 0.7885304659498209 0.3383778043276252 0.06496415770609323 0.07433957254745786
0 0.7153524492234169 0.2554095313951945 0.078405017921147 0.07964954201513344
2 0.339966105656849 0.27946600176614195 0.037692847124824645 0.07168458781362004
0 0.34639434315100515 0.28569944418471765 0.05522440392706875 0.030128305023115667
