3 0.20234375 0.815277777777778 0.280729166666667 0.332407407407407
0 0.48983092812676854 0.37423756523926305 0.12998726655348047 0.15877507388543044
3 0.47524052065648 0.8458466955920265 0.2953452178834182 0.21222410865874367
0 0.5539402942840974 0.6241904043262279 0.2758913412563668 0.24366471734892783
0 0.13062393887945672 0.6571878901083722 0.26124787775891345 0.1933900501297311
0 0.33356434811827956 0.6216397849462365 0.16538558467741932 0.12134109916367981
0 0.24562121975806453 0.49003136200716846 0.21211357526881722 0.1773446833930705
0 0.08791736441624064 0.09277512279304391 0.17452369410658677 0.1855502455860879
3 0.7060931899641576 0.8348267622461171 0.17249103942652336 0.19016328156113096
3 0.5859655017921147 0.8293508562325768 0.22233422939068095 0.17921146953405018
3 0.48655913978494625 0.9543010752688172 0.12432795698924731 0.08064516129032258
3 0.30646034073453426 0.7835575416220577 0.09382418656612199 0.14274852984530398
