1 0.719270833333333 0.598611111111111 0.06875 0.080555555555556
0 0.9695685139233526 0.4645151078842835 0.04020770149802407 0.033697883160248715
0 0.501148791471372 0.501021147974553 0.056865177832919785 0.049525676765820134
0 0.7024744968293355 0.4543036281387535 0.02527341237018659 0.03676132708390773
9 0.40283573952928786 0.5357169712008422 0.05804007820136853 0.03550810002422901
0 0.3840373336341078 0.5127411417733998 0.07119896232799455 0.04469843179520599
2 0.33492649823294984 0.4772330417491707 0.01903338596886986 0.04804037062101575
0 0.3615967365967366 0.4697136793910987 0.041826453116775734 0.04302746238230111
0 0.34514813143845396 0.513158884126626 0.027257688548011187 0.03300164590487168
2 0.2803609431003585 0.48038630027877344 0.012250784050179262 0.05787037037037037
0 0.24305555555555552 0.55973715651135 0.050179211469534066 0.04978096375945834
0 0.23655913978494625 0.4727200318598168 0.026433691756272425 0.02867383512544803
2 0.20038082437275984 0.4619673436877738 0.020385304659498196 0.052568697729988054
2 0.16353046594982076 0.5025886101154918 0.03629032258064514 0.04062126642771804
0 0.1350806451612903 0.44802867383512546 0.08064516129032258 0.06292313819195536
9 0.04858689334495786 0.4330459491749814 0.05963624915237819 0.05525956063590468
0 0.17405913978494625 0.5848267622461171 0.037186379928315416 0.054559936280366414
0 0.16196236559139784 0.5276782158502589 0.05689964157706093 0.0438072481083234
9 0.08747759856630824 0.5282755874153723 0.04905913978494623 0.04579848665870169
0 0.12051971326164873 0.5 0.04614695340501791 0.04818797291915576
9 0.09957437275985663 0.5754679410593388 0.08848566308243729 0.0589406610911987
0 0.04313789596047661 0.5169147642265921 0.03239126222997191 0.050050050050050025
0 0.03995931415286254 0.35008126405975865 0.07870773999806258 0.045744669400583395
0 0.01543882592269689 0.4305380649466671 0.03087765184539378 0.07642050652803342
0 0.32317362428842505 0.03416340650158909 0.02042483660130718 0.01600799618931603
0 0.19774356467904855 0.23858658267260416 0.019143043336591694 0.023170775858947914
