5 0.8088541666666667 0.44907407407407407 0.37395833333333334 0.5444444444444444
5 0.2838541666666667 0.4777777777777778 0.32395833333333335 0.3611111111111111
5 0.2760416666666667 0.6481481481481481 0.3541666666666667 0.32407407407407407
5 0.21458333333333332 0.8194444444444444 0.42916666666666664 0.3592592592592593
5 0.5994791666666667 0.3731481481481482 0.20520833333333333 0.3111111111111111
5 0.4786458333333333 0.2388888888888889 0.10520833333333333 0.21296296296296297
5 0.3958333333333333 0.2972222222222222 0.14375 0.1
5 0.3072916666666667 0.23333333333333334 0.125 0.18703703703703703
5 0.707421875 0.14583333333333334 0.27734375 0.2916666666666667
5 0.8838541666666667 0.09074074074074075 0.18229166666666666 0.17222222222222222
