5 0.71015625 0.46553090860644813 0.5786458333333333 0.4662470023980815
5 0.9059895833333333 0.19583333333333333 0.18697916666666667 0.39166666666666666
5 0.1921875 0.5416666666666666 0.3802083333333333 0.37777777777777777
0 0.2388865427927928 0.02361111111111111 0.04235641891891892 0.04722222222222222
0 0.28854166666666664 0.07962962962962963 0.04791666666666667 0.03518518518518519
0 0.1810515873015873 0.15314520870076426 0.023974867724867722 0.024250440917107596
0 0.13909556878306878 0.23324514991181655 0.009507275132275133 0.03600823045267489
0 0.08887235449735449 0.33649323927101704 0.011574074074074077 0.030864197530864234
0 0.07068452380952381 0.26080246913580246 0.016534391534391544 0.0440917107583774
0 0.029761904761904764 0.1810699588477366 0.015707671957671962 0.033068783068783074
