5 0.6380208333333334 0.12685185185185185 0.171875 0.17407407407407408
5 0.6114583333333333 0.2601851851851852 0.11666666666666667 0.18518518518518517
5 0.5848958333333333 0.47962962962962963 0.17395833333333333 0.2796296296296296
0 0.7421875 0.8342592592592593 0.042708333333333334 0.07037037037037037
0 0.5203776041666667 0.9685185185185186 0.038671875 0.06111111111111111
5 0.40208333333333335 0.3712962962962963 0.225 0.26296296296296295
5 0.45 0.3490740740740741 0.1875 0.3148148148148148
5 0.2390625 0.2953703703703704 0.265625 0.2111111111111111
5 0.13697916666666668 0.262037037037037 0.13020833333333334 0.1
5 0.09114583333333333 0.4639669163545568 0.18229166666666666 0.3149708697461506
5 0.029166666666666667 0.23981481481481481 0.04791666666666667 0.12222222222222222
