5 0.8114583333333333 0.39814814814814814 0.375 0.49074074074074076
5 0.5369791666666667 0.1712962962962963 0.503125 0.3333333333333333
5 0.16927083333333334 0.1361111111111111 0.31979166666666664 0.24814814814814815
5 0.33541666666666664 0.4101851851851852 0.32916666666666666 0.25555555555555554
5 0.559375 0.4 0.14166666666666666 0.11666666666666667
5 0.5541666666666667 0.6157407407407407 0.44166666666666665 0.4074074074074074
5 0.35 0.7240740740740741 0.3645833333333333 0.2351851851851852
5 0.2713541666666667 0.8574074074074074 0.5302083333333333 0.2722222222222222
5 0.09375 0.4861111111111111 0.1875 0.35555555555555557
5 0.13854166666666667 0.37777777777777777 0.12708333333333333 0.07592592592592592
