5 0.9080729166666667 0.22734806629834253 0.1828125 0.2046961325966851
5 0.6374549897119342 0.4033207590306356 0.3853266460905349 0.44335848193872884
0 0.7192708333333333 0.7833333333333333 0.053125 0.07592592592592592
0 0.44635416666666666 0.9111111111111111 0.026041666666666668 0.09074074074074075
5 0.4708333333333333 0.36666666666666664 0.33541666666666664 0.46111111111111114
0 0.6375 0.26944444444444443 0.06875 0.037037037037037035
5 0.8217592592592593 0.1925011431184271 0.08616255144032922 0.14974851394604477
5 0.6346450617283951 0.17306812985825334 0.2224794238683127 0.12917238225880198
5 0.21504103535353536 0.2383557800224467 0.09864267676767675 0.26094276094276087
5 0.27698863636363635 0.35058922558922556 0.10416666666666664 0.25533108866442195
5 0.34485479797979796 0.20258136924803594 0.1830808080808081 0.16414141414141412
5 0.04068396226415094 0.5075122292103423 0.08136792452830188 0.28930817610062887
