5 0.8640625 0.13240740740740742 0.036458333333333336 0.1
5 0.7911458333333333 0.12314814814814815 0.10520833333333333 0.1925925925925926
5 0.7328125 0.20277777777777778 0.090625 0.16666666666666666
5 0.4869791666666667 0.3675925925925926 0.36770833333333336 0.2851851851851852
5 0.3171875 0.2657407407407407 0.22604166666666667 0.2518518518518518
5 0.5416666666666666 0.1398148148148148 0.13958333333333334 0.14814814814814814
5 0.5348958333333333 0.2175925925925926 0.234375 0.1259259259259259
0 0.8270833333333333 0.562962962962963 0.04583333333333333 0.06111111111111111
0 0.5822916666666667 0.6407407407407407 0.04375 0.053703703703703705
5 0.06354166666666666 0.362962962962963 0.12083333333333333 0.21666666666666667
