0 0.6168774801587301 0.5340608465608465 0.07936507936507932 0.06723985890652555
0 0.4931795634920635 0.5930335097001763 0.0415426587301587 0.10361552028218697
0 0.6599702380952379 0.6553130511463845 0.04898313492063491 0.07605820105820103
0 0.527281746031746 0.7197971781305115 0.025421626984126887 0.03747795414462071
0 0.9328926282051282 0.3992165242165242 0.04607371794871788 0.050569800569800594
0 0.9451121794871794 0.4544159544159544 0.05528846153846156 0.03846153846153847
0 0.8727964743589743 0.5527065527065527 0.05328525641025645 0.09401709401709392
0 0.7367788461538461 0.37784900284900286 0.02323717948717956 0.044871794871794914
0 0.7620192307692307 0.5534188034188033 0.03445512820512822 0.04558404558404553
5 0.22167968749999994 0.8221450617283951 0.224609375 0.35300925925925924
5 0.0579427083333333 0.8499529250198211 0.1158854166666666 0.29674226979272844
5 0.9024621212121212 0.41087962962962965 0.19294507575757577 0.23042929292929287
5 0.7784682765151516 0.5092592592592593 0.16394412878787878 0.15782828282828287
5 0.6867305871212122 0.47558922558922556 0.18880208333333334 0.15572390572390574
