5 0.8229166666666666 0.2361111111111111 0.3104166666666667 0.32592592592592595
5 0.6979166666666666 0.5055555555555555 0.24791666666666667 0.17962962962962964
5 0.5286458333333334 0.23055555555555557 0.20729166666666668 0.2
5 0.5328125 0.10925925925925926 0.2677083333333333 0.21296296296296297
5 0.6953125 0.1398148148148148 0.14479166666666668 0.16296296296296298
5 0.5885416666666666 0.31666666666666665 0.1375 0.1574074074074074
5 0.34479166666666666 0.412962962962963 0.16041666666666668 0.20555555555555555
5 0.4552083333333333 0.39351851851851855 0.1875 0.17407407407407408
5 0.32083333333333336 0.6657407407407407 0.42083333333333334 0.4074074074074074
5 0.453125 0.6685185185185185 0.20833333333333334 0.26851851851851855
5 0.7734375 0.8740740740740741 0.334375 0.2462962962962963
5 0.10989583333333333 0.2175925925925926 0.21979166666666666 0.2518518518518518
0 0.18020833333333333 0.6064814814814815 0.03125 0.037037037037037035
0 0.05416666666666667 0.7 0.03125 0.046296296296296294
0 0.08541666666666667 0.8398148148148148 0.03333333333333333 0.044444444444444446
0 0.47552083333333334 0.9342592592592592 0.042708333333333334 0.02962962962962963
