5 0.759375 0.2564814814814815 0.23333333333333334 0.3037037037037037
5 0.7244791666666667 0.6907407407407408 0.328125 0.2574074074074074
5 0.6265625 0.5148148148148148 0.203125 0.19074074074074074
5 0.46458333333333335 0.16944444444444445 0.225 0.25555555555555554
5 0.5864583333333333 0.16944444444444445 0.0625 0.15925925925925927
5 0.49635416666666665 0.30185185185185187 0.19479166666666667 0.21296296296296297
5 0.35572916666666665 0.4981481481481482 0.16145833333333334 0.19814814814814816
5 0.471875 0.4648148148148148 0.15208333333333332 0.17222222222222222
5 0.33541666666666664 0.7212962962962963 0.3770833333333333 0.4222222222222222
5 0.4713541666666667 0.7222222222222222 0.18645833333333334 0.25
5 0.09947916666666666 0.3723029439696106 0.19895833333333332 0.2575688509021842
