0 0.693229166666667 0.733796296296296 0.070833333333333 0.084259259259259
0 0.8824244751664106 0.2014943771216173 0.04693633725891793 0.035083726839999246
0 0.8090864481993514 0.14555005594432116 0.02880184331797222 0.04172118867459368
0 0.7578239081375282 0.6747864949776539 0.014104606398513278 0.022124872781981452
0 0.6949754413912119 0.7452173400002949 0.026964688703040023 0.06563712258654507
0 0.7538829151732378 0.7393173739250998 0.026964688703040023 0.06711211410534393
0 0.7781511350059735 0.7304674248123072 0.01825302004513475 0.04941221587975876
0 0.8051158237090136 0.6965426198799357 0.0365060400902695 0.03613729221056989
0 0.86028972520908 0.6489741433986754 0.05558874286472845 0.09882443175951745
0 0.7569942254082039 0.28944496069147607 0.023231116421080576 0.03908727524816736
0 0.5725972388158769 0.5387185273684676 0.03194278507898578 0.052362198917356266
0 0.5991470861542546 0.6202118087820996 0.030283419620337138 0.033924804932371606
0 0.6864711934156378 0.5099561927518917 0.03235762644364795 0.06416213106774635
0 0.6483057878667198 0.5438809976842633 0.023231116421080576 0.03171231765417346
0 0.4510487189698659 0.5870244996091273 0.02530532324439139 0.03539979645117039
0 0.5277996328350381 0.7731833590737343 0.015298540082175006 0.04371011452050009
0 0.6213687998612556 0.8704667206228079 0.014633194588969809 0.027299238190670753
0 0.6329205069124424 0.7615634067246969 0.016801075268817203 0.02474825055470211
0 0.3461670822294946 0.7330066547769524 0.019966495247000168 0.02597267674406526
0 0.3218176977819334 0.7758615714046602 0.030030907485325463 0.04646223284216119
0 0.7343189964157705 0.30326563122262046 0.01568100358422934 0.019514137793707698
0 0.7734987792841931 0.09869617162744794 0.016882239883642416 0.02366399436681499
0 0.7456593163991482 0.17214112975372134 0.02061581216560171 0.019912385503783343
0 0.7821115936035291 0.31121526820451545 0.02369382409704984 0.020678246484698112
0 0.956368899917287 0.15689428055019453 0.03532533774469257 0.07352265416781545
0 0.9376292390405293 0.15268204515516343 0.02714019851116616 0.04365407591214042
0 0.9197511717673008 0.06575682382133996 0.020678246484698064 0.05207854670220262
0 0.8695633443617314 0.07571301657323164 0.015939481665288125 0.032166161198419266
0 0.9029500964984837 0.11630364856171309 0.018093465674110822 0.027570995312930783
0 0.9934475806451613 0.06894226805564298 0.01243279569892473 0.06049173111991455
