0 0.247395833333333 0.634722222222222 0.189583333333333 0.225
0 0.22150383141762453 0.16444883890193493 0.03282968730688422 0.0514975487166811
0 0.3468359906068471 0.26023427951496175 0.058707205537016444 0.3240912399236463
0 0.3147787665307131 0.5070791963635864 0.1514027932270424 0.12702728683448
0 0.4236960820664937 0.4435655529463464 0.05329996292176489 0.14281986844092892
0 0.48549314052651094 0.3762754226232165 0.03476084538375969 0.07140993422046449
0 0.4557533061426276 0.4778972520908005 0.0718390804597701 0.15243274420137604
0 0.40110153256704983 0.57917576456694 0.062183290075392444 0.09544212362158228
0 0.44513193671981216 0.6584819895906288 0.09771659868990232 0.0659168623573517
0 0.5320340501792116 0.6059544898996141 0.0637282165368929 0.07072330023757536
0 0.5851408972932888 0.3543031351707659 0.04016808799901124 0.07827627404935525
0 0.5951829192930417 0.4487153078180145 0.064114448152268 0.05012428075090294
0 0.584175318254851 0.490943297765693 0.06604560622914353 0.08376934591246785
0 0.5812785811395377 0.5602933300374902 0.0563898158447658 0.08514261387824609
0 0.618356816215548 0.5747126436781609 0.04248547769126196 0.06042379049423911
0 0.5113706587566432 0.49643636962880566 0.040940551229761424 0.06866339828890806
0 0.7796955983600217 0.5984158909431594 0.11386052448363881 0.08724203432952553
0 0.8390432815038292 0.4484283540909208 0.07929140558520927 0.11216832985224728
0 0.7719598514736598 0.43918843419887743 0.06986346406745575 0.08423368831816266
0 0.1003024193548387 0.7183393070489845 0.15759408602150538 0.11529271206690561
0 0.08724768911526126 0.5145779622293487 0.16034710431993962 0.18445157098241416
0 0.0949820788530466 0.6519315013938671 0.02553763440860216 0.08044603743528479
0 0.9104502688172043 0.5194145758661888 0.06955645161290322 0.05913978494623656
