0 0.60390625 0.337962962962963 0.125520833333333 0.148148148148148
0 0.9215203106332138 0.6712465153325369 0.10902031063321398 0.15266162219567236
0 0.789351851851852 0.38583565644497547 0.0657108721624851 0.06770211071286336
0 0.952865347018573 0.07505159118062349 0.08629643206256116 0.1181166503747149
0 0.6240988514173998 0.2182850005430651 0.05956744868035198 0.0760291082871728
0 0.5675861436950148 0.5013576626479852 0.06262218963831864 0.12626262626262627
0 0.6469427376685442 0.4492708274070281 0.09173920464243045 0.11568147768864613
0 0.5424027137736815 0.7043390036221577 0.035202252944188446 0.09292446568432224
0 0.670410906298003 0.7422673569626975 0.08533879501621437 0.1346456543589161
0 0.4479966717869944 0.8039009311410745 0.09920634920634919 0.12705998369080798
0 0.40532727427888715 0.9157895734956667 0.04906980713432326 0.08913163035026832
0 0.37972563577402285 0.700072063871347 0.05973715651135008 0.11852610418918658
0 0.09663059461446553 0.6518957612147577 0.026709401709401694 0.03880362303301368
0 0.273688080139693 0.5219546814528894 0.05514199062586159 0.06892748828232698
0 0.7018976672134134 0.310835712694652 0.020503007107709196 0.04454974383897297
0 0.44775548561937234 0.695962156754184 0.017484045808200007 0.06313683208516677
0 0.8637280058651027 0.07446973576005834 0.030765605362379603 0.06516780710329097
0 0.8239072755201788 0.09173144657015626 0.01701927105152898 0.04771214448633804
0 0.5951870281400138 0.10312921019853076 0.008579272477693923 0.023513561605531412
0 0.6956360100663463 0.1685858816950101 0.018588423701670177 0.014616538295330347
0 0.7217312971859985 0.22006151656117343 0.010724090597117231 0.023513561605531395
0 0.6963509494394875 0.19940771244820665 0.011439029970258512 0.02287805994051706
0 0.5910761267444521 0.17208114085258908 0.015371196522534871 0.02033605328045958
0 0.661497654998856 0.03703703703703709 0.014656257149393743 0.02351356160553141
0 0.7139759586122945 0.03127747345641442 0.01806908094948263 0.028741462095083516
0 0.6971748833434774 0.012116498726358737 0.011095049705822722 0.018597416649759925
0 0.2782667174146478 0.9771887416298519 0.030870769162879015 0.04442777361006927
0 0.7679958183990443 0.1787468472056286 0.020161290322580645 0.024558608787999488
0 0.6261918876666646 0.14732520211815572 0.015371196522534871 0.02033605328045961
