0 0.554947916666667 0.739351851851852 0.049479166666667 0.058333333333333
0 0.3322258821747691 0.752393693102462 0.03360215053763445 0.03828226227135816
0 0.32536347114947756 0.6434364850993656 0.05584582765409672 0.04922005149174625
0 0.28418900499772837 0.6421744324970131 0.05158640012115703 0.04333047268076793
0 0.3298316355404641 0.29134964052904055 0.14796736464817958 0.15301096229222994
0 0.7618167562724015 0.30316606929510154 0.05768369175627235 0.06670649143767425
0 0.7240143369175627 0.5202110712863401 0.07280465949820791 0.05276782158502584
0 0.6903265338393421 0.5632511068943707 0.11414848197343447 0.08301707779886143
0 0.7963215528146741 0.566106191580575 0.05287397216951301 0.0491953053622883
0 0.868423579109063 0.4311955965181771 0.06300403225806452 0.057603686635944645
0 0.8670853639668911 0.6684673766363254 0.016921946313916598 0.021917949511358635
0 0.8516138701941672 0.6740543049431422 0.015471493772723737 0.013322675193178816
0 0.8085837781387792 0.6757733598067782 0.043513576235785494 0.04856329989771627
0 0.712853910420051 0.7168157946760871 0.05269977566334037 0.11001951127270226
0 0.4875574172669381 0.6350697706789157 0.019247833803111004 0.041758012318613674
0 0.45428150120054284 0.7090162508264606 0.062310784006681295 0.0736564939508879
0 0.5077839544837666 0.6863973274872116 0.047303998329679554 0.05973715651135006
0 0.5107158974962719 0.7146395276840296 0.013367278863511571 0.017877543189528028
0 0.5720046082949308 0.8534448426921545 0.12320788530465952 0.23894862604540024
0 0.06220275020678245 0.6533636614281775 0.04329507857733665 0.06892748828232705
0 0.07771143507030603 0.7349278558955978 0.13893196856906534 0.09879606653800194
0 0.13211985189693648 0.7698203376840016 0.07481233515926151 0.06311850499312452
0 0.2544824000811523 0.7523500371948333 0.03994217894096168 0.040576181781294365
0 0.1520837217975014 0.7063141829131013 0.03107713344521102 0.022444596377096858
0 0.9522289426523296 0.6728726934820126 0.06860439068100369 0.03816540554891811
