0 0.814322916666667 0.146759259259259 0.115104166666667 0.136111111111111
0 0.9861523769100169 0.6038483305036786 0.027023203169213438 0.09608250015720306
0 0.933096349745331 0.8293793218159283 0.1331352574985852 0.1572809350234182
0 0.8239531273663487 0.540385683275279 0.059631985461153905 0.07656452454271626
0 0.7624280630016659 0.45120063270903804 0.07288353778585496 0.10685378699917542
0 0.70129590180564 0.47677013593020895 0.09478342462974243 0.13863528775275583
0 0.6455036518563603 0.4556367079191181 0.10365946439440046 0.09073285092761664
0 0.5870168898356665 0.39674488852821166 0.07354432947859608 0.105948919095602
0 0.7194165344614842 0.1894940948351842 0.042966684294024386 0.22425916132949447
0 0.5615965979199717 0.5895371839316842 0.11072184029613966 0.17039779070450684
0 0.6344086021505376 0.601916783543712 0.043098410472183296 0.1480442574411719
0 0.5618043765327295 0.31283405646733314 0.06838332390115076 0.15405898258190276
0 0.5792347006504712 0.2238078381049309 0.04355834328952606 0.050887207398557475
0 0.5792403589646731 0.037698831025839256 0.035931698321503086 0.07539766205167851
0 0.2504887585532747 0.25271144625983333 0.05149420472001116 0.059349252897639995
0 0.31234726295210163 0.4239708917128272 0.14597297863426895 0.11481946965817932
0 0.48367710918114143 0.4623770793125632 0.0975754755996691 0.10224244095211839
0 0.45249819065343255 0.5080415402996049 0.07463554590570717 0.17863707379836413
0 0.42616573614557485 0.6151663450050547 0.10920698924731183 0.08156419446742028
0 0.4859387923904053 0.6286646447936771 0.0329559553349876 0.05686517783291979
0 0.3893326095947064 0.548823637533315 0.08142059553349879 0.06835309254664092
0 0.25043112193142625 0.6842834922567119 0.13440860215053763 0.1510335655192623
0 0.3385575167376749 0.7693807623813711 0.16484073848650838 0.14539798471630488
0 0.3484439086575768 0.6305595585608887 0.17112847799578765 0.1527300496372662
0 0.25719736385709335 0.5616641615601033 0.11995606428488839 0.1381020284939813
0 0.20991461100569261 0.35961768219832735 0.022137887413029727 0.027760208025862623
