0 0.490625 0.730555555555555 0.073958333333333 0.087037037037037
0 0.716927083333333 0.602314814814815 0.0734375 0.087962962962963
0 0.4087296069707082 0.2651711778519342 0.05967278457545418 0.08960573476702506
0 0.8753360215053764 0.5462962962962963 0.12768817204301075 0.2494026284348865
0 0.6124014237796175 0.08161589008363204 0.09913080454848229 0.16323178016726408
0 0.10920698924731183 0.6784534412222585 0.21841397849462366 0.2060705622533581
0 0.13036389884508162 0.8888446391433249 0.09645061728395059 0.14159918580468156
0 0.390625 0.7737953006770212 0.06580421146953402 0.13814217443249702
0 0.5243335573476703 0.9113152130625248 0.14700940860215053 0.16427718040621267
0 0.48128080197132617 0.9243827160493827 0.05390344982078848 0.06595977698128226
0 0.8635052643369177 0.8341547192353644 0.12390793010752688 0.12196336121067322
0 0.9254592293906811 0.7202807646356033 0.078405017921147 0.09582835523695757
0 0.7070452508960574 0.32265531660692953 0.04340277777777773 0.04729191557148551
0 0.752898185483871 0.34505675029868577 0.06090389784946237 0.04978096375945834
0 0.6980550284629979 0.6338815095930845 0.09408602150537619 0.08574038934570236
0 0.6259092346616066 0.6208798931759083 0.033602150537634407 0.03162555344718529
0 0.6375711574952562 0.7287581699346406 0.052182163187855776 0.06465668704757889
0 0.5049414927261228 0.6827254199170707 0.07313409234661603 0.07800969850305708
0 0.6397454142947502 0.8067678684376977 0.043880455407969615 0.06325110689437058
