0 0.240625 0.645833333333333 0.066666666666667 0.078703703703704
0 0.25495790221140185 0.5427064313248123 0.04786721444512073 0.03155925249656233
0 0.3868304930006086 0.564121638376051 0.053573240008115246 0.05184734338720944
0 0.4345392067356462 0.575956358062262 0.048818218705619795 0.06311850499312459
0 0.10612573544329476 0.40519825973264806 0.02789612497463987 0.02817790401478773
0 0.2023356664637857 0.4091431662947183 0.030115134915804417 0.03606771713892828
0 0.21977074457293566 0.43591217510876673 0.01806908094948263 0.018597416649759953
0 0.17998706634205722 0.33813484817745315 0.02219009941164533 0.021415207051238738
0 0.029094390342868728 0.29417731791438423 0.022824102251978087 0.042830414102477406
0 0.09217767295597484 0.4505646851964563 0.032334144856968956 0.03324992673744956
0 0.05984352809900587 0.6292125966502107 0.033602150537634407 0.043393972182773084
0 0.030837898153783717 0.575956358062262 0.03391915195780077 0.023669439372421712
0 0.20899269628727932 0.4984671220215955 0.0326511462771353 0.024232997452717456
0 0.2158082268208561 0.46352652104325864 0.02282410225197808 0.0264872297739005
0 0.2120042097788598 0.5243907937152004 0.024726110772976255 0.014088952007393865
0 0.23324330493000606 0.4505646851964563 0.01711807668898356 0.014088952007393933
0 0.19456913166970985 0.44802867383512546 0.019654088050314444 0.016906742408872653
0 0.17174502941773176 0.39815378372895105 0.021556096571312636 0.024232997452717456
0 0.040823442889024134 0.5421428732445166 0.021556096571312636 0.022542323211830157
0 0.8014310562934851 0.06251317731393642 0.07511068943706514 0.07203598285192216
0 0.45799731182795705 0.34517138674339953 0.02011396334999243 0.017248052232150334
0 0.4846187339088294 0.3714641492924092 0.02082386793881566 0.028606525653322622
0 0.4298377631379676 0.29532030895047706 0.014907996365288514 0.020192841637639455
0 0.34201424559961646 0.38125242563294753 0.02439901376618036 0.023590469450342044
0 0.2925417995982512 0.6129097903291452 0.036740812950490385 0.0626911917234498
0 0.32919029894836344 0.6289928709283549 0.04615680018905824 0.05284440768311742
0 0.9109164394971982 0.37987783330809227 0.01254164773587752 0.04122705167684718
0 0.5706084815596422 0.4988331714288904 0.034544266907848474 0.021773356111613563
0 0.5224035272836901 0.36847218035038354 0.013503667973067983 0.01116582364698133
0 0.625251231032057 0.402248796882502 0.011933474022711263 0.010607532464632233
0 0.717773937532002 0.541247084257837 0.023041474654377836 0.023325937304431922
0 0.5726446492575524 0.5634351709620526 0.029121863799283103 0.027877339705296673
