0 0.876041666666667 0.362962962962963 0.057291666666667 0.075925925925926
0 0.7906228551818806 0.42246879686824784 0.09079730038892712 0.35715193573807164
0 0.7120328764870739 0.0749192912885432 0.1538186699267902 0.1498385825770864
0 0.8435283687943261 0.6379038613081167 0.17944978265843056 0.1626884262436767
0 0.5071493937314115 0.529868578255675 0.16300617707618392 0.19319250616436612
0 0.613675360329444 0.8164798291771524 0.0700640585678334 0.08007320979180964
0 0.4978551818805765 0.7713592109611326 0.0185884237016701 0.10168026640229802
0 0.946479638526653 0.889562520653804 0.10509608785175015 0.1321843463229874
0 0.9479095172729352 0.8094893108619944 0.09365705788149163 0.10676427972241286
0 0.966855410661176 0.5165230432903735 0.021448181194234767 0.06736317649152243
0 0.673106369946917 0.43706425903240925 0.05912277119912885 0.0801536530405456
0 0.6178116918470123 0.3591791056062187 0.053167959711446784 0.07864131996430891
0 0.7775282428201987 0.2635240385342468 0.014461685041513673 0.0355398272915627
0 0.7328671566625834 0.40946418039108934 0.018715121818429322 0.031002828062852535
0 0.7226589083979855 0.5845167339654885 0.03402749421532597 0.02722199537226078
0 0.7130886756499251 0.6253497270238797 0.037855587314550215 0.031758994600970876
0 0.6908003300330032 0.6440197783219181 0.011644309592249616 0.03075576374841787
0 0.654203928457362 0.7602410778712279 0.023621313744277672 0.03253013473390355
0 0.6240950707974023 0.7389486260454002 0.026615564782284686 0.023066822811313472
0 0.8239356587114258 0.31689833027362535 0.022947810123262434 0.022826393138483378
0 0.8229794999562898 0.337782051655642 0.02158186904449698 0.02865440840788338
0 0.883217501529854 0.4320016318442755 0.02458693941778122 0.02379772901671671
0 0.8597233149750853 0.4101465745840254 0.02021592796573122 0.02088372138201671
0 0.8684653378791852 0.30354246194791695 0.01584491651368122 0.017484045808200007
0 0.859176938543579 0.26493186078814196 0.014752163650668795 0.01602704199085004
0 0.8505775138839655 0.22790053435214727 0.020308992083185623 0.01345727152178765
0 0.8655323171452203 0.1483056966927935 0.015877939265036025 0.03807423162261872
0 0.8737482275788728 0.23610618771909098 0.014216294458229965 0.02921212598631951
0 0.969846685572492 0.20410413958801057 0.035817676946709204 0.037417779353263216
0 0.9656002599550987 0.16323998582063104 0.010708377643861549 0.03052503052503055
0 0.9435373094647288 0.11892945763913511 0.008677478435542894 0.03183793506374152
0 0.9505531430934656 0.15683957619441494 0.009415987238567776 0.009846784040332434
0 0.9233206309819214 0.13698189504641123 0.014031667257473821 0.028555673716964044
0 0.977693341604632 0.044914464269303025 0.033417523336878266 0.046608111124240154
0 0.9896563814866758 0.14934289127837516 0.008181393174380545 0.01818087372084567
