0 0.478645833333333 0.4125 0.044791666666667 0.052777777777778
0 0.434635416666667 0.438425925925926 0.034895833333333 0.041666666666667
0 0.35730917764652437 0.4814898951654972 0.08897470846584886 0.10853652380231203
0 0.28442563986066943 0.6358809968532821 0.041647735877631396 0.028606525653322622
0 0.23226673603884845 0.36639431661977623 0.02890507573129841 0.02762040569879627
0 0.16397849462365588 0.23521909005779976 0.03178581807614065 0.05327908553715004
0 0.6266891891891891 0.16983112144402468 0.03087765184539385 0.04520649681940001
0 0.02779095509171409 0.07340642350130011 0.04625237191650855 0.03584229390681003
0 0.012571157495256148 0.19006957621758377 0.02292852624920936 0.02881439314076886
0 0.013560867895545314 0.23459634749957337 0.027121735791090628 0.024748250554702176
0 0.005600358422939069 0.3087862679572201 0.010876058386577323 0.021932482583877304
0 0.03684873513064257 0.3061890002828136 0.03473845514518726 0.043287794573442055
0 0.06769128876422005 0.3129707547659862 0.03603708898239053 0.04069052689903551
0 0.06144161342267935 0.2357741877766812 0.12223390992675708 0.06983764191181986
0 0.7175925925925927 0.7747909199522103 0.21953405017921143 0.1632815611310236
0 0.14075567502986858 0.5484534713925395 0.25612305854241335 0.25753351918226475
0 0.05712365591397849 0.6719102615159963 0.11275388291517323 0.09026948095048452
0 0.14876291888506107 0.34769344979178984 0.0221839440442635 0.028418647272389838
0 0.12869949890385218 0.37292224890095227 0.019247833803110966 0.02203895094593499
0 0.09689163795803318 0.3505933117583602 0.015659254619480114 0.017979144192736454
0 0.09509734836621778 0.3700223869343819 0.009460799665935899 0.020879006159306837
0 0.25376928471248245 0.22414420030128301 0.02249883122954654 0.02649213027894657
0 0.1884642356241234 0.47322217027686875 0.029803646563814852 0.03740065451145393
0 0.24441912108461897 0.26933665783595656 0.01723936418887332 0.023375409069658716
0 0.30811711079943893 0.3049192249753259 0.018408134642356227 0.017661420185964345
0 0.29584502103786814 0.28569944418471765 0.02483637213651239 0.018700327255726967
0 0.252016129032258 0.29712742195210634 0.024251986909770918 0.023894862604540025
0 0.9252884867558351 0.6376868607395751 0.04589562024652502 0.09033423667569997
