0 0.81640625 0.574074074074074 0.099479166666667 0.118518518518519
0 0.4889466610073572 0.15415330440797337 0.1644736842105263 0.1179022825881909
0 0.7064763723825693 0.33100672829025973 0.17862195812110906 0.2075080173552161
0 0.5782576400679118 0.5330126391246935 0.1114176570458404 0.1682072564924857
0 0.27274335031126207 0.6760674086650319 0.149441143180532 0.14305476954033838
0 0.25859507640067914 0.3467270326353519 0.07339417091114885 0.0628812173803685
0 0.388140209394454 0.7263723825693265 0.049518958687040135 0.05502106520782246
0 0.3846031409168082 0.6658492108407219 0.024759479343520106 0.022008426083128984
0 0.6985179683078665 0.625762434760737 0.06366723259762307 0.08960573476702509
0 0.9089735427277873 0.6289064956297553 0.045981890209394465 0.07074136955291455
0 0.7652801358234295 0.7978997673394957 0.034486417657045805 0.11947431302270012
0 0.5000000000000001 0.9126579890586682 0.2679329371816639 0.16977928692699498
0 0.6485568760611207 0.9016537760171037 0.1370614035087719 0.14777086084386598
0 0.4805461233729486 0.6941457586618877 0.07339417091114885 0.11947431302270012
0 0.5424448217317488 0.7821794629944037 0.1989601018675721 0.1289064956297553
0 0.7250459818902094 0.7161541847450167 0.03183361629881146 0.01886436521411054
0 0.7250715790962976 0.9701785826573602 0.07786670092038235 0.05844809155505252
0 0.18210597057159028 0.703577941268943 0.11849179400113187 0.09746588693957113
0 0.14054541595925302 0.9063698673206313 0.13440860215053763 0.11947431302270012
0 0.03628043959519292 0.8941764715009497 0.07256087919038584 0.11894539503647655
0 0.019973513598987986 0.49909390279409266 0.03994702719797597 0.09130749073823079
