0 0.744270833333333 0.326388888888889 0.083333333333333 0.099074074074074
0 0.13293836029161415 0.06665776964335648 0.11927541851537607 0.13331553928671297
0 0.07948695950583391 0.2732337139080448 0.15897391901166782 0.31542444248346785
0 0.44351978952184856 0.43327232517349196 0.1515671471059254 0.1347263529830448
0 0.8792753374513841 0.20766923409339336 0.16086135895676046 0.18429548285416508
0 0.7352150537634409 0.477121940059483 0.14298787462823156 0.13345534965301606
0 0.6265442690459848 0.41738478354813296 0.18445435827041862 0.14362337629324584
0 0.631548844657973 0.550840133201149 0.1801647220315717 0.1715854495538778
0 0.5357469686570578 0.5908767380970539 0.06863417982155115 0.07626019980172341
0 0.5575526195378632 0.6976410178194666 0.1251143902997026 0.09659625308218306
0 0.35415236787920384 0.6366328579780879 0.09866163349347977 0.18048247286407879
0 0.23940459849004803 0.5832507181168815 0.07792839167238616 0.09405424642212551
0 0.29266758178906427 0.6976410178194666 0.0643445435827042 0.15252039960344696
0 0.21867135666895446 0.6766694628739927 0.15085220773278424 0.1639594295737055
0 0.12215454129489821 0.5889702331020108 0.07649851292610388 0.0927832430920967
0 0.08605010295126975 0.7256030910800985 0.0457561198810341 0.16777243956379173
0 0.21223690231068407 0.8361803807925976 0.1865991763898421 0.12710033300287243
0 0.9861194520704645 0.48778422811967775 0.02708905284831855 0.11919183253260138
