0 0.457552083333333 0.166666666666667 0.078645833333333 0.092592592592593
0 0.7684941066997518 0.1272171675397482 0.10145264681555011 0.0964984835952578
0 0.6928892679900744 0.15823453726679534 0.049757030603804805 0.08041540299604817
0 0.5368331265508685 0.1312379376895506 0.08659015715467326 0.09764727506662993
0 0.47512148469809756 0.293217535153019 0.07172766749379657 0.10913518978035103
0 0.5500801282051282 0.3035566583953681 0.07560483870967742 0.11143277272309528
0 0.5920828163771712 0.44256042643139415 0.10403742762613727 0.13211101920779342
0 0.6861042183622829 0.5132111019207792 0.05298800661703893 0.12177189596544433
0 0.7591242762613729 0.3414667769506479 0.08788254755996688 0.1160279386085837
0 0.7261683209263854 0.23635235732009927 0.09305210918114143 0.09420090065251358
0 0.9022565136476427 0.32997886223692674 0.07172766749379657 0.08845694329565294
0 0.8308519437551696 0.41843580553257964 0.05686517783291971 0.07926661152467607
0 0.6883659015715466 0.3839720613914162 0.05104942100909842 0.07467144563918758
0 0.40016284119106693 0.5275709953129307 0.10920698924731183 0.09534969212388562
0 0.4004859387923904 0.2978127010385075 0.06203473945409426 0.11143277272309528
0 0.4004859387923904 0.3770793125631835 0.04006410256410258 0.10913518978035103
0 0.5155086848635235 0.4448580093741384 0.03877171215880888 0.1114327727230953
0 0.5413564929693961 0.5235502251631283 0.09434449958643505 0.0964984835952578
0 0.05575980392156864 0.2434816220394969 0.0909234661606578 0.07554993323494275
