0 0.233333333333333 0.456481481481482 0.188541666666667 0.224074074074074
0 0.5764985129261038 0.2445283306642264 0.07721345229924499 0.05719514985129258
0 0.5714939373141157 0.20830473575840772 0.044326241134751795 0.05084013320114901
0 0.726635781285747 0.30553649050560516 0.15299702585220773 0.06482116983146495
0 0.8370939144360559 0.3976842319326877 0.11796499656829107 0.09659625308218306
0 0.894646533973919 0.5482981265410916 0.11582017844886754 0.10803528305244166
0 0.9457646991535117 0.7014540278095529 0.10509608785175015 0.16268842624367674
0 0.5200183024479523 0.5463916215460485 0.16014641958361933 0.5312793919520068
0 0.5954444063143446 0.5591016548463357 0.09222717913520931 0.1626884262436767
0 0.40241077556623195 0.41738478354813296 0.14084305650880805 0.11311929637255648
0 0.27729638526652933 0.2839294338951169 0.15228208647906658 0.17412745621393527
0 0.367648251276393 0.18428188794512868 0.01841249431668448 0.023130490855050576
0 0.4999914931264462 0.1950909668345356 0.022543214917653487 0.03478366075344433
0 0.43439580133128514 0.100984240769187 0.06640424987199184 0.05831484326107982
0 0.7343469982078854 0.4695091596973317 0.096606182795699 0.0871166865790522
0 0.5766129032258065 0.48148148148148145 0.09005376344086022 0.11230585424133811
0 0.6254746970472777 0.4304868104151258 0.03280209933435735 0.06258178301189057
0 0.25526433691756273 0.5615292712066906 0.053763440860215055 0.15531660692951016
0 0.33618951612903225 0.575467941059339 0.11368727598566301 0.18120270808442848
