0 0.70234375 0.47037037037037 0.230729166666667 0.274074074074074
0 0.900684196980096 0.7551267217653443 0.19795956302905526 0.25732378085497254
0 0.8853523221230839 0.4809349500495691 0.07006405856783349 0.1156613030326139
0 0.5132263784031114 0.3576476270367828 0.12082475406085566 0.08515722311192453
0 0.25120109814687713 0.39132921528254405 0.1472775108670785 0.11693230636264264
0 0.29159517272935254 0.29409746053534663 0.13369366277739647 0.11057728971249907
0 0.43243822923816055 0.5648211698314649 0.05933996797071602 0.14362337629324584
0 0.47890928849233577 0.5311395815857037 0.07077899794097461 0.08642822644195328
0 0.527167696179364 0.5591016548463357 0.0958018760009151 0.07880220646178084
0 0.5536204529855868 0.6245583263428149 0.14298787462823156 0.10803528305244145
0 0.581503088538092 0.5521111365311777 0.08150308853809199 0.08515722311192446
0 0.018488332189430343 0.5152520399603447 0.03217227179135209 0.21479956277485443
0 0.023364218714253034 0.7452474104270032 0.04672843742850607 0.11831577422975269
0 0.023135438114847865 0.6550624062635044 0.04575611988103409 0.09024123643203935
0 0.1593313886982384 0.6639594295737055 0.1079558453443148 0.08007320979180964
0 0.23976206817661858 0.6169323063626426 0.12439945092656142 0.07244718981163727
0 0.2637125371768474 0.5711761864816086 0.09079730038892701 0.05719514985129258
0 0.2944549302219172 0.5190650499504309 0.09079730038892701 0.09278324309209685
0 0.20258522077327842 0.5845217214469102 0.06577442232898646 0.07371819314166593
0 0.16362102493708536 0.520971554945474 0.03789178677648135 0.08642822644195328
