0 0.32421875 0.812037037037037 0.077604166666667 0.092592592592593
0 0.5770300333704115 0.673244620222744 0.08188110245952293 0.06248369244290642
0 0.5494144728710914 0.7951221521855559 0.07145284884439501 0.039824771007566616
0 0.44686997898900016 0.7151292931789781 0.0378506983067606 0.029525261264230503
0 0.4922521937955753 0.6948735906837501 0.033602150537634407 0.037078235076010393
0 0.3291890681003585 0.7281120962501832 0.04185531031880778 0.03406065941436624
0 0.2979449632144878 0.7760590245027142 0.0624882097717412 0.045064872455930736
0 0.3527695246179966 0.7629587708818042 0.04657140162233547 0.04925695361462195
0 0.28011224297302395 0.7388543042193297 0.03153886059234107 0.028296547821165738
0 0.3165145727221279 0.7102957513257456 0.03242312771175251 0.042444821731748676
0 0.2665770609318996 0.9002389486260454 0.06123058542413383 0.06637461834594463
0 0.3767174432497013 0.9553298818531794 0.044056152927120736 0.07832204964821451
0 0.19558051715309782 0.8021846731524152 0.058403737839221724 0.05120327700972866
0 0.18691329578426355 0.6153875329502569 0.045869602321215244 0.06542640951243102
0 0.10837493599590377 0.803369934194307 0.04506955111793822 0.05831484326107987
0 0.036487982289690066 0.844367137536018 0.07181636095298334 0.05270925574530889
0 0.11205633439609905 0.8910786724458892 0.06642285571392847 0.08196493567836415
