0 0.69765625 0.260185185185185 0.100520833333333 0.118518518518519
0 0.034835286062081555 0.3702063749690043 0.06967057212416311 0.10246500304321365
0 0.3291034155597723 0.6467074284911096 0.08944101834282102 0.16032398622531444
0 0.3822244623655914 0.5799423712137186 0.06769845034788109 0.06369035069224822
0 0.3266326691967109 0.594876660341556 0.04447343453510441 0.08740951577763718
0 0.45029352466793165 0.6765760067467846 0.07091042061986084 0.14275423431021148
0 0.5253601136133089 0.6154054236829647 0.08780939338608237 0.16681319176754356
0 0.6348841042807871 0.5883546358287685 0.10144045445323593 0.13187259078920677
0 0.7179831816928591 0.5801601160024099 0.1148791471372117 0.11896373903542351
0 0.8032809484422387 0.605944102359873 0.1085607940446651 0.07556495011692134
0 0.8167792482308612 0.365208467359005 0.06662990533958286 0.04441993689305518
0 0.4444258954866105 0.47884848069766905 0.07854770221217723 0.052127327656401004
0 0.4627251558112458 0.40940879239625894 0.02739538387781662 0.03804914427474526
0 0.371335867406342 0.3359739439460006 0.053078556263269676 0.11110350128225614
0 0.33473734675707145 0.2532170551484297 0.028251489623998326 0.023970960893089484
0 0.32949369906170806 0.18777252699586786 0.06228169303472365 0.04527848168694684
0 0.5665695937873357 0.23251028806584365 0.1310483870967742 0.12013805920615958
0 0.606705495818399 0.41105801141643433 0.15905017921146952 0.2210274790919952
0 0.5850507765830346 0.47477764502854114 0.0642174432497013 0.08031328819859286
0 0.6895908004778972 0.4196867118014072 0.07467144563918764 0.0577459179609717
0 0.5850507765830346 0.09942917828222492 0.07019115890083633 0.08894198858356565
0 0.6640158303464754 0.06922872693482017 0.08251194743130223 0.047125979025620594
0 0.6472147550776582 0.19301739015000668 0.07952508960573472 0.06106464887826896
0 0.7401467126731932 0.5265993806356509 0.03326780078104092 0.08202714028424186
0 0.8061911311161124 0.2276031970955702 0.08856380761857119 0.07548183342131831
0 0.8956666249895807 0.2243616459670473 0.11851921313661759 0.11252813203300827
0 0.7500573059931649 0.040519389106535894 0.07632116362423946 0.0791864632824873
0 0.5476629574060182 0.018060070573198854 0.10497416020671839 0.03426782621581321
0 0.5215461062235256 0.38829151732377537 0.022808732486151877 0.04742768183628398
0 0.5491231438812084 0.5054901291460431 0.05984383000512032 0.03413551800648573
