0 0.396875 0.56712962962963 0.042708333333333 0.052777777777778
0 0.5243173457838144 0.555807080425077 0.09196378041878885 0.1729233477960133
0 0.2731854838709677 0.5263632469962354 0.04057618178129439 0.03268636865715382
0 0.32390571109758565 0.5266450260363833 0.03423615337796712 0.03324992673744956
0 0.28935255629945217 0.5584860575730934 0.031066139176303523 0.025923671693604756
0 0.23387730777033877 0.5697572191790086 0.035504159058632544 0.03606771713892835
0 0.838599824234905 0.5327405569341054 0.058480665839536775 0.03618693134822162
0 0.804674576095947 0.5232630272952854 0.058480665839536775 0.06088594798272216
0 0.9327142391658522 0.5316003523888829 0.05837949386336496 0.03861795976491318
0 0.9116704681220811 0.6009919988414613 0.06313131313131316 0.039824771007566755
0 0.1634534610215054 0.43916143966547194 0.029926915322580665 0.04200268817204301
0 0.3230636760752688 0.7275798984468339 0.22208921370967738 0.15400985663082437
