0 0.288541666666667 0.608796296296296 0.061458333333333 0.073148148148148
0 0.33660085279940677 0.5352311896620388 0.03978185638363614 0.04463120888779028
0 0.5847546656779137 0.3151649981460883 0.024718823384006862 0.019225751520894285
0 0.558684031640094 0.2722503742155207 0.022015202076381128 0.02265892143533967
0 0.5592633790631566 0.34743679534187505 0.033215918922259315 0.028838627281341445
0 0.41713014460511677 0.33130089674398167 0.017766654307255016 0.02128565346956149
0 0.3615127919911012 0.3127617792059764 0.014676801384254111 0.040511404990455774
0 0.33872512668396987 0.423653167442563 0.017766654307255016 0.046691110836457515
0 0.357264244221975 0.419190046553784 0.016994191076504753 0.0157925816064489
0 0.3696236559139785 0.43944574904901196 0.018539117538005127 0.02059901948667243
0 0.44314049972030584 0.5516191186524955 0.04292529057119765 0.05628414168410442
0 0.4364394928211822 0.36826403132575053 0.013984710050344976 0.018300978584401984
0 0.44615109702281064 0.4147070807522048 0.016703959226800888 0.0179556771016775
0 0.485663082437276 0.3185981680605336 0.009856630824372735 0.030266825965750675
0 0.3485215053763441 0.3879330943847072 0.01478494623655914 0.02293906810035841
0 0.3163978494623656 0.3984468339307049 0.009677419354838694 0.03058542413381119
0 0.3809139784946236 0.4710872162485065 0.030107526881720477 0.019115890083632018
0 0.3393817204301075 0.4500597371565113 0.020698924731182764 0.021983273596176797
0 0.390994623655914 0.4818399044205495 0.016935483870967695 0.012903225806451627
0 0.39610215053763437 0.49928315412186375 0.023387096774193518 0.01720430107526879
0 0.3564516129032258 0.5234169653524492 0.03387096774193551 0.018637992831541245
0 0.3643817204301076 0.4995221027479092 0.02123655913978496 0.015770609318996404
0 0.030142656402737066 0.6472656674269578 0.025201612903225805 0.015613120451830055
0 0.26745784457478006 0.48095199304876723 0.030929252199413476 0.02375909633974149
0 0.28483168377321605 0.40594113174758334 0.031311094819159356 0.03394156619963075
0 0.2508476906158358 0.4018681438036277 0.025201612903225805 0.019007277071793165
0 0.18192509775171067 0.3309302704463995 0.027110826001955055 0.018328445747800622
0 0.11319342619745848 0.3254996198544586 0.026347140762463334 0.02783208428369714
0 0.017541849951124167 0.11574074074074074 0.02672898338220919 0.05362767459541652
0 0.11300250488758555 0.3750543065059194 0.019092130987292275 0.02375909633974149
0 0.19013471407624635 0.44191919191919193 0.03283846529814272 0.03258390355164546
0 0.2670760019550342 0.3078500054306506 0.01794660312805477 0.03462039752362336
0 0.20922684506353864 0.35027696318018897 0.022146871945259033 0.019007277071793165
0 0.22526423509286417 0.46805419789290753 0.017564760508308887 0.01968610839578584
0 0.13247647849462368 0.40594113174758334 0.021383186705767346 0.021722602367763664
0 0.011623289345063561 0.432076137721299 0.02252871456500489 0.014255457803844906
0 0.18761200716845874 0.5935882118677818 0.035468936678614095 0.051108456126377336
0 0.20291965352449223 0.520244258595513 0.019787933094384716 0.015929908403026726
0 0.14523596176821982 0.4336253816540555 0.02240143369175628 0.019248639320323876
0 0.627632525169509 0.5399173572586352 0.026753304568180293 0.022829486564847158
0 0.5812958016574207 0.4752338119915683 0.027823436750907454 0.025873418106826765
0 0.6724109175103995 0.5624885540119823 0.02133859194725688 0.01918565610583504
0 0.6446952750961462 0.5927931699064263 0.017904795541951173 0.03095867235259743
0 0.5387381288752844 0.5738255326199757 0.023791303665332435 0.051452441374739484
0 0.5721482453946819 0.5972465338556862 0.03203925981495371 0.04700249136358161
