0 0.941927083333333 0.410185185185185 0.0484375 0.057407407407407
0 0.4297007640067912 0.23275482613343398 0.2060342388228636 0.39457963906181237
0 0.2921972269383135 0.06769163050996668 0.13971420486700614 0.1304785260642646
0 0.08174165251839281 0.05432937181663837 0.07074136955291453 0.08803370433251584
0 0.08660512167515567 0.3082122869898761 0.16535795132993772 0.19021568257561464
0 0.0324702886247878 0.6701578318556248 0.06494057724957561 0.11237125070741372
0 0.24158787541713014 0.4267430203655639 0.044416635768137425 0.07621637210068802
0 0.2483469286861945 0.4984962715774729 0.09269558769002598 0.0865158818440242
0 0.307054134223211 0.4816737389966904 0.0471202570757632 0.0913223197242478
0 0.31574434556915093 0.4463120888779028 0.06063836361389199 0.042571306939123046
0 0.3601609813372884 0.5311113857647042 0.07994994438264742 0.14762630632115245
0 0.35301569645284886 0.554456941182933 0.06720430107526881 0.0995619275189168
0 0.4012946483747374 0.533514604704816 0.020084043999505658 0.13046045674892542
0 0.5215717509624319 0.4103942652329749 0.09250962431966013 0.09071197840612416
0 0.5294537368910128 0.5077437054736936 0.09914708615425459 0.08481201233092915
0 0.5557961635470595 0.5689558535038424 0.07467144563918755 0.07301208018053894
0 0.6302601885039161 0.6283242621354928 0.08504247975574139 0.09587444872191982
0 0.6561877737953007 0.4107630131126746 0.09790256206026814 0.14454916884227914
0 0.6688404354174963 0.5180686461052849 0.10578454798884898 0.11431184270690448
0 0.5806866454267887 0.38974438396979216 0.051440329218106984 0.0774370547369353
0 0.6267340369042878 0.289444960691476 0.02986857825567504 0.08186202929333158
0 0.697879330943847 0.39269436700738974 0.030283419620337215 0.05973715651135006
0 0.7242217575998937 0.3008761449621665 0.1393866985264834 0.2684484564213756
0 0.7833366520642506 0.41150050887207407 0.14229058807911854 0.10914937239110875
0 0.7997127200756232 0.5282274475822862 0.07662028831383659 0.1552509617025746
0 0.732877673401867 0.5011487914713721 0.05631129623065113 0.1076581721743012
0 0.5460029441884281 0.4643852762132332 0.07280465949820791 0.06258178301189057
0 0.9005981788239853 0.04682101456295004 0.039959314152862475 0.08718395815170006
0 0.8968141528625397 0.17625152033754182 0.03178581807614065 0.08879847589525008
0 0.8335369827305311 0.40440244741320014 0.057429130009775196 0.05937511313855399
0 0.7921961550993809 0.3046594982078853 0.013033561420658259 0.02715325295970453
0 0.7985092864125121 0.33126968610839574 0.02240143369175622 0.03258390355164546
0 0.8347588791137177 0.28329893921291766 0.021994134897360566 0.030773686687665173
0 0.8255946562398175 0.3133485391549907 0.031769305962854336 0.03004959994207303
0 0.834657054415119 0.33307990297237605 0.047857608341479334 0.03692842402519818
0 0.8874022482893451 0.2684551609282792 0.015273704789833836 0.023532819231743954
0 0.8815982404692082 0.29506534882878965 0.021179537308569557 0.029687556569276994
0 0.6806661080854629 0.3397958075377431 0.020074012009496024 0.04810004810004813
0 0.619216140471288 0.0455972444647805 0.0262740219629375 0.05369989069371362
0 0.879436673327624 0.3461318869540393 0.020815491483490337 0.0261680464363879
0 0.8977245694166905 0.31665979425043084 0.022599676467789608 0.03330478637358458
0 0.9354154772100105 0.3060868461953246 0.024532543534113542 0.054450682483796975
0 0.9466409744028929 0.3282900371110476 0.030331144733085947 0.03277613897082922
