0 0.107552083333333 0.354166666666667 0.216145833333333 0.256481481481481
0 0.8059564233163553 0.6572030434509212 0.1971915676287493 0.1619191347544488
0 0.7440577249575552 0.7727472803873483 0.1405984719864176 0.2703892347355844
0 0.87360285795133 0.16122744136326478 0.13971420486700634 0.16663522605797654
0 0.9248903508771931 0.2516191913475445 0.1467883418222977 0.19335974344463303
0 0.7343307866440295 0.12585675658680756 0.11760752688172044 0.1021819782430988
0 0.3506373797396718 0.03345280764635605 0.07677419354838715 0.0669056152927121
0 0.07646257781550654 0.16748993809653107 0.15292515563101308 0.14771961083432475
0 0.3213780418788908 0.5393007608627303 0.30330362195812116 0.40086776079984904
0 0.5035370684776458 0.6799974847513047 0.15828381437464625 0.29239766081871355
0 0.367802065647991 0.3718795195874992 0.2104555744199208 0.1666352260579765
0 0.5614565647990946 0.35851726089417096 0.15032541029994345 0.11475822171917255
0 0.6865803621958121 0.3648053826322078 0.15120967741935468 0.10847009998113577
0 0.7758913412563667 0.3042822109036031 0.06278296547821166 0.1351946173677923
0 0.6874646293152236 0.2995661196000755 0.0804683078664402 0.06916933911840537
0 0.8775820599886814 0.48349368043765334 0.16358941709111488 0.19178771301012396
0 0.918700481041313 0.3671634282839716 0.06189869835880027 0.09117776520153438
0 0.9733305036785512 0.3176483996730177 0.052666949632144945 0.10533389926428978
0 0.7604166666666666 0.506288121738037 0.13087153367289203 0.11475822171917238
0 0.3112089700056594 0.6179022825881909 0.10434352009054902 0.1304785260642646
0 0.17945316921335602 0.544016852166258 0.19984436898698357 0.14934289127837516
0 0.29042869269949073 0.9071558825378859 0.12998726655348053 0.16191913475444866
