0 0.9625 0.476388888888889 0.05625 0.086111111111111
0 0.5597404549680653 0.875070741369553 0.12988241773789305 0.2486637741306672
0 0.34001029946380446 0.9536722630950134 0.25984923695241385 0.091460730679746
0 0.0519241652518393 0.27042531412260606 0.1038483305036786 0.1649467107453694
0 0.13302914544425587 0.36087530654593475 0.1379456706281834 0.14148273910582915
0 0.13214487832484442 0.43947682827139534 0.045981890209394465 0.08803370433251594
0 0.2546096471300924 0.2959681626196846 0.0899212479176132 0.10096420818819728
0 0.47917613206118437 0.3287815302808487 0.04496062395880662 0.08918505056624092
0 0.5371516734817509 0.30227842563144697 0.021770407390580043 0.037861578070573956
0 0.33435559594123887 0.2202450064785367 0.020350598212933543 0.03702020966900565
0 0.3284397243677116 0.39567031820552945 0.04922005149174619 0.10685378699917542
0 0.34973686203240956 0.4533040537129588 0.04164773587763143 0.07067494573173815
0 0.2867919884900803 0.49032426338196444 0.062471603816447056 0.06394399851919162
0 0.3118752839618355 0.5365995254682215 0.0634181432682114 0.08413684015683105
0 0.1791231258518855 0.5500614198933145 0.1254164773587763 0.11106062900701699
0 0.37647660154475243 0.5206135258384236 0.06673103134938667 0.08918505056624096
0 0.3476071482659398 0.5971780503811399 0.07430334696350147 0.06394399851919155
0 0.4067658640012117 0.7654517306948019 0.10459260941996068 0.2019284163763945
0 0.45977207330001524 0.5546889461019402 0.09323413599878846 0.15060494388072757
0 0.45598591549295786 0.616529523617211 0.1168976222928972 0.16322546990425219
0 0.43705512645767086 0.4440490012957073 0.04401408450704231 0.06394399851919162
0 0.40061335756474337 0.47349689535059825 0.026976374375283958 0.06562673532232824
0 0.4990534605482357 0.3872566341898464 0.07808950477055887 0.05637168290507683
0 0.5364417688929275 0.4150217914416006 0.061051794638800595 0.09844010298349236
0 0.6171342571558383 0.30480253083615194 0.06531122217174012 0.07488178773957968
0 0.640561108587006 0.1861695862150201 0.03644176889292748 0.10853652380231212
0 0.6209204149628957 0.09740521984956332 0.06909737997879759 0.0639439985191916
0 0.7425507345146145 0.264416847560873 0.04164773587763132 0.05805441970821345
0 0.7760715863897482 0.2913209276443921 0.06812490793931364 0.11129114089785765
0 0.8287763293563116 0.3019590514066873 0.06214096332302257 0.08019508682345625
0 0.6821696862571808 0.2434493707140636 0.05891883929886582 0.07119359748612954
0 0.6810189276771248 0.35310387718695274 0.07871188687582856 0.10883618926040493
0 0.639821770511121 0.3711068558616062 0.054315804978641906 0.10065301713556249
0 0.6384408602150538 0.46234922505359977 0.09574311386065698 0.15057036709710153
0 0.6149653851819119 0.4979460237966645 0.039586095153925485 0.10719955483543642
0 0.735564884371778 0.6014631511759219 0.15005891883929895 0.10801787204792071
0 0.5468404772425983 0.5552282286705619 0.10679039622919423 0.0990163827105939
0 0.5491419944027103 0.6272401433691757 0.06904551480335833 0.102289651560531
0 0.578371262336132 0.43943634310404084 0.03268154367358958 0.10474460319798368
0 0.790110841066431 0.5413168360583297 0.0833149211960524 0.09083321058575146
0 0.7413186772720578 0.5224955401711919 0.026237295625276238 0.0679203286361925
0 0.7153115333627926 0.48853537585309575 0.04326852261010465 0.058918839298865835
0 0.72635881573133 0.42347915746059805 0.037744881425835985 0.06955696306116102
0 0.6782571070849904 0.4259341090980508 0.05753792900279873 0.07610350076103502
0 0.7792937104139049 0.45334773571627307 0.08837825894829865 0.1309307539974796
0 0.8218717778759758 0.4271615849167771 0.06398217705111207 0.08837825894829872
0 0.9095595816762411 0.3657877939804586 0.08561643835616432 0.0867416245233302
0 0.8683624245102372 0.44270961195397784 0.08423552806009722 0.07364854912358228
0 0.9164641331565767 0.5585014975204989 0.07548976285167182 0.07119359748612954
0 0.9772241861835321 0.5282237606585817 0.04050670201797032 0.1055629204104679
