0 0.146614583333333 0.097222222222222 0.0796875 0.094444444444445
0 0.669779286926995 0.7939696912532227 0.09992218449349168 0.12419040432622785
0 0.9640414454879542 0.39547509943589976 0.03445283789301754 0.03327132767720762
0 0.9502177759629782 0.3671188542564614 0.019565809173812454 0.021928829605432278
0 0.8056009255478427 0.43706425903240925 0.12164829181979038 0.08620298534549244
0 0.8168725330066694 0.4325272598036991 0.04551177351299854 0.0862029853454925
0 0.803261535320539 0.366362687718343 0.04551177351299854 0.08847148495984751
0 0.6835464496754818 0.27769705189060023 0.024217766153249977 0.03659573552046671
0 0.3517025089605735 0.18206557812292581 0.13440860215053768 0.0902694809504845
0 0.1825716845878136 0.36791450949157045 0.20086618876941456 0.21239877870702242
0 0.37447729988052564 0.43561662020443387 0.11872759856630825 0.10088941988583568
0 0.5249402628434886 0.578985795831674 0.1702508960573476 0.11681932828886227
0 0.619399641577061 0.6825302004513475 0.10678016726403824 0.15929908403026688
0 0.3558094384707288 0.638722952343024 0.24417562724014336 0.3212531527943714
0 0.1362753882915173 0.5750033187309174 0.12470131421744324 0.15664409929642903
0 0.15494324970131423 0.7581972653657241 0.15606332138590204 0.1646090534979423
0 0.2356019876181166 0.955794504181601 0.1694770283479961 0.08721624850657109
