0 0.297135416666667 0.761111111111111 0.0546875 0.064814814814815
0 0.205981182795699 0.3294346978557505 0.09373231465761177 0.12890649562975542
0 0.0483755098257323 0.6462530383553744 0.04460975157582499 0.08548593086969061
0 0.5131283816176974 0.7586999368384205 0.02418498732963498 0.028156366763311624
0 0.5135564344907882 0.6253376861554385 0.12135298952126565 0.060498139396845015
0 0.4595147592630641 0.6983920431629493 0.030391753989452767 0.038429635717492604
0 0.369918411620449 0.7152738477016914 0.09962742878702129 0.1351946173677922
0 0.8007538569424963 0.3023219573009194 0.06515895278167357 0.07064568074385745
0 0.7908193080878915 0.44543140616071886 0.07100280504908837 0.05038699288348656
0 0.7294588592800373 0.5495818399044206 0.0739247311827957 0.04675081813931743
0 0.838446704067321 0.5893200353228403 0.05347124824684441 0.048309178743961324
0 0.692749343832021 0.6775651699451548 0.05582719498772322 0.035277848333474436
0 0.6555753111506223 0.7090800477897252 0.07037930742528156 0.04374453193350842
0 0.35660477619404857 0.872315301047484 0.17895098774693674 0.15976216276291275
0 0.1932826956739185 0.7875718929732433 0.12424981245311327 0.2764580033897362
0 0.2186796699174794 0.6430913283876524 0.054701175293823436 0.04584479453196649
0 0.09325768942235563 0.7674279681031368 0.06642285571392847 0.04723403072990455
0 0.9057396036982733 0.7202400347561637 0.06949535679374394 0.04276637341153465
0 0.9843673631476052 0.7406049744759422 0.021383186705767464 0.05159118062343876
