0 0.437239583333333 0.469907407407407 0.159895833333333 0.189814814814815
0 0.593290181097906 0.2241086587436333 0.2767756083757781 0.16034710431993965
0 0.5927608662729064 0.7515691520689248 0.284435105255187 0.2970030457536137
0 0.6893078903528699 0.6855217325458125 0.11500454338936836 0.1867837851481649
0 0.505205966984704 0.7347417840375586 0.06957064970467973 0.086660945361536
0 0.5463804331364531 0.7848032039308731 0.02792291382704834 0.042068420078415526
0 0.7828181003584227 0.71477167131289 0.11900761648745514 0.10039161024824113
0 0.7907519414575865 0.8330014602416037 0.19087888291517327 0.16261781494756403
0 0.8956653225806451 0.9295809974573416 0.207997311827957 0.13036868547621233
0 0.894489247311828 0.8046594982078853 0.20833333333333334 0.23894862604540024
0 0.16084609075997813 0.4114067594111334 0.12700473847275381 0.11238685377559077
0 0.0697290031967451 0.2602441150828248 0.1394580063934902 0.14853563240660014
