0 0.84375 0.881481481481482 0.146875 0.174074074074074
0 0.1790375636672326 0.7216420518596893 0.3580751273344652 0.42284770807075883
0 0.31297750424448223 0.4944978934792178 0.13617713638936052 0.09746588693957113
0 0.5300650820599888 0.603754008677608 0.17950622524052062 0.19964786518267
0 0.7162033106960951 0.43397472175061313 0.08135257498585168 0.08017355215996975
0 0.7583344821248047 0.38563142685006485 0.03302775480194846 0.028081569300207287
0 0.697879330943847 0.35729457055621927 0.020103850749012112 0.03574017910935479
0 0.38239247311827956 0.44553962564715255 0.06335405465949823 0.0385802469135802
0 0.44067120295698925 0.5093214854639586 0.05110327060931897 0.05164774990043809
0 0.021001344086021504 0.6592990840302668 0.04200268817204301 0.08089406610911978
