0 0.364322916666667 0.683796296296296 0.061979166666667 0.073148148148148
0 0.2934735747616149 0.4367575122292103 0.0329681476973017 0.029305020175379285
0 0.2432288496652465 0.320100989607989 0.013631061067153607 0.03944906562070284
0 0.3094821464800162 0.35757760194765664 0.012363055386488147 0.03324992673744956
0 0.3085311422195171 0.37335722819593786 0.023141103672144437 0.012961835846802378
0 0.3825509738283628 0.33954374337819254 0.01648407384865081 0.028741462095083475
0 0.3984010448366809 0.3502513469038119 0.012046053966321751 0.03437704289804105
0 0.454510296206127 0.3144654088050314 0.013948062487319886 0.029305020175379285
0 0.39871804625684726 0.280933703027434 0.01775207952931631 0.015216068167985387
0 0.285812511653925 0.37465210875615507 0.009905836285661034 0.020027485998024938
0 0.3501033314687053 0.4122899703731328 0.02000590465535459 0.02624291268706705
0 0.3341763005780347 0.45528000497234133 0.011459692957921548 0.017610375618952883
0 0.33592438933432783 0.4685741120572372 0.025444403008266524 0.013121456343533525
0 0.3390321026788489 0.48324942507303126 0.025832867176331643 0.028660023066139035
0 0.31708387718316866 0.4915366606584209 0.021171297159550025 0.02313519934254596
0 0.3274752936789111 0.5036222125537807 0.017092423394866045 0.022444596377096858
0 0.38671607930884455 0.41574298520037845 0.019423208403256873 0.02140869192892314
0 0.40613928771210145 0.424030220785768 0.018257815899061516 0.031077133445211024
0 0.40137314734088936 0.5208272788917949 0.02361232199941875 0.02970712648132
0 0.2657450076804916 0.4908971951982705 0.018881208397337455 0.030721966205837184
0 0.4521043973679988 0.8281085611369675 0.04764484031455625 0.12125751172453152
0 0.5941408076203833 0.2610254012778557 0.019905621785881296 0.012337021453430968
0 0.5653780972417017 0.2699535089086281 0.017531556802244035 0.012012362994130188
0 0.5336934607293128 0.31280842553633575 0.011870324918186072 0.015258947587138362
0 0.5187185892940627 0.32530777621941714 0.010774602618045786 0.012337021453430935
0 0.4870339527816737 0.34494961300711646 0.023740649836372068 0.018505532180146504
0 0.4787247253389434 0.3082632071061243 0.009313639551192122 0.03214118747078073
0 0.6117831541218638 0.33851055356431703 0.027777777777777804 0.03424930306650739
0 0.6458333333333334 0.5971724412584628 0.02240143369175622 0.021107128634010378
0 0.6036066308243727 0.5965750696933493 0.023521505376344086 0.015133412982875372
0 0.5727452271231073 0.5983468656279716 0.03346499890278695 0.042913222636724896
0 0.5475779021285934 0.6084656084656085 0.02263001974983547 0.03632994416404557
0 0.8468730234029095 0.3914189331646637 0.01838235294117641 0.014758591608686441
0 0.7741342504743833 0.4580082929229039 0.018777672359266324 0.020732307259821517
0 0.6796968339307048 0.349329616354706 0.051149940262843474 0.037833532457188325
0 0.7420474910394265 0.019115890083632067 0.0533900836320192 0.03318730917297226
0 0.15644765970904492 0.5449785649026635 0.03933428209993675 0.04708693513247589
0 0.16099383301707781 0.47382106964649656 0.019568311195445925 0.02846299810246685
0 0.10347485768500951 0.42585564691826544 0.013243200506008863 0.024597652681144114
0 0.0562382659156853 0.4378354288748554 0.021868066222904936 0.020386489920540082
0 0.1329098395630654 0.34846674631620866 0.015734340331114517 0.04646223284216112
0 0.9230816226783969 0.7212582817421527 0.0530761241446727 0.04955468665146073
0 0.8427037512218964 0.530506679700228 0.03971163245356788 0.02918974693168242
