0 0.401822916666667 0.577314814814815 0.188020833333333 0.223148148148148
0 0.613675360329444 0.3798901853122855 0.14084305650880802 0.09659625308218306
0 0.19901052390757262 0.15937110755230183 0.043611301761610585 0.06482116983146496
0 0.650137268359643 0.6124837947075421 0.14084305650880818 0.1677724395637916
0 0.7241334934797529 0.6671369378987774 0.10295126973232668 0.1881084928442513
0 0.5418239533287577 0.5413076082259336 0.10152139098604436 0.07371819314166607
0 0.2647849462365591 0.7020895294745673 0.117964996568291 0.4715422354406568
0 0.05724225173940543 0.5040996087801908 0.11332489985241408 0.14290064890950416
0 0.023310668353362846 0.3980954388924029 0.044144001686696174 0.0901913931641952
0 0.09512702930634619 0.6411436737179937 0.13243200506008856 0.2600323283435237
0 0.21569945182374028 0.43674889310562937 0.07313409234661605 0.1253308969944011
