0 0.90390625 0.474074074074074 0.0734375 0.087037037037037
0 0.3086931740846604 0.4568985073272538 0.047425820062610584 0.038186410174976954
0 0.41513542942697695 0.3846846029369509 0.0416836804137743 0.035161744022503466
0 0.42332329522253975 0.3572735659301605 0.033389478698788624 0.034783660753444294
0 0.49547120060269845 0.42900410169775277 0.04451749880145199 0.033863738404523294
0 0.591141017738511 0.46667275452975066 0.05179439764399694 0.04680044745793668
0 0.6900520064656688 0.4595466223128041 0.04216740459624703 0.036701259555992835
0 0.7585740389345703 0.485120372322565 0.04348513598987985 0.04802398856794814
0 0.7291447044767729 0.48238729980243794 0.025036896479021714 0.0683268130031782
0 0.8239356587114258 0.4800827578168255 0.02185505726025001 0.04128177482491672
