0 0.146875 0.8375 0.052083333333333 0.062037037037037
0 0.569498516870597 0.5939383951990552 0.04055431961438633 0.03295843117867592
0 0.6569799777530589 0.6210604375231739 0.02703621307625758 0.04600447685356853
0 0.708249979161457 0.5156381688014596 0.026569142285571463 0.043992479601381806
0 0.610178586313245 0.5834792031341168 0.012763607568558807 0.030563196354644193
0 0.6177325581395349 0.710362775879155 0.04871009419021422 0.039824771007566616
0 0.5833489622405601 0.6679910718420345 0.016931316162373897 0.04121400720550508
0 0.5485746436609152 0.6605818121196966 0.03803034091856296 0.05140173932371981
0 0.8050692459507282 0.5185260801838997 0.04402307064107798 0.06540840554723773
0 0.8118747447937933 0.6311948943635346 0.039344290186470614 0.03667407709874034
0 0.8614272832448617 0.6345976437850673 0.064014223492582 0.054822074013580795
0 0.8254857424799237 0.6786443446304613 0.01637573159112564 0.02646582883414251
0 0.8828201368523948 0.6842619745845553 0.02036493971977855 0.01520582165743445
0 0.9096226602947033 0.6909376521085003 0.009707287933094317 0.02345236514890045
0 0.9379978096375945 0.6873976724633833 0.030615292712066974 0.031417319350413746
0 0.8744026284348865 0.6648303022257621 0.008213859020310599 0.022124872781981452
0 0.8455918956590999 0.6922651444754192 0.022525886101155045 0.02654984733837788
0 0.735544486611849 0.04142947501581278 0.02174256799493985 0.03513950383020591
0 0.4140264976958524 0.7060931899641577 0.02496159754224276 0.030721966205837115
0 0.29497887864823347 0.6792114695340502 0.012480798771121342 0.02730841440518864
0 0.2652801358234295 0.6702089752457607 0.033012639124693474 0.030392588400511414
0 0.24282495256166983 0.6045400238948625 0.011266603415559764 0.025651837796050216
0 0.2304712207463631 0.7345561880666244 0.030439595192915888 0.10928385691194044
0 0.12030203895313452 0.7045715831473592 0.024092107932643523 0.013807172967246028
0 0.14233363765469667 0.7309179234011857 0.06149827551227428 0.035504159058632606
0 0.17530178535199833 0.7221827731566015 0.04374619598295799 0.03832194946011139
0 0.07417833231892879 0.7033035774666936 0.01997108947048083 0.012961835846802446
0 0.08739953296404909 0.8438627614254854 0.02002552405778212 0.033187309172972315
0 0.21111654176170305 0.8505002232600799 0.026474421635711946 0.02232600798909045
0 0.18396328880199847 0.8016243679326116 0.024437927663734104 0.04404861035685405
0 0.2828674594496081 0.9049166717291376 0.027622106797885886 0.02986857825567503
0 0.09338779500069824 0.7942248909990846 0.052366987850858825 0.06633151794442123
0 0.03327485686356654 0.672035252680414 0.022910557184750734 0.022886313208893762
0 0.03392944421170228 0.7185836863256219 0.01767385839966485 0.013576626479852298
0 0.011782572266443234 0.9899222641158125 0.022692361402038817 0.018619373458083198
