0 0.50546875 0.238888888888889 0.0546875 0.064814814814815
0 0.6935673178858095 0.10960506167230383 0.04496062395880647 0.07992999814898952
0 0.6687206572769954 0.18112137580561025 0.03691503861880963 0.05805441970821346
0 0.7451537180069665 0.3178437410604607 0.05158640012115715 0.042068420078415526
0 0.7070555050734515 0.35654668753260305 0.05016659094351046 0.05048210409409865
0 0.6474235196122975 0.3477123193161358 0.07288353778585488 0.049640735692530316
0 0.6762929728911101 0.41586315984316896 0.08708162956232002 0.053006209298803605
0 0.5579755414205665 0.2883958470055699 0.07666969559291227 0.09591599777878744
0 0.5840053763440861 0.21056926986050112 0.07666969559291234 0.08834368216467264
0 0.6254164773587764 0.25053426893499586 0.06578449189762228 0.09759873458192406
0 0.4885829934495117 0.15792581606448866 0.022401433691756296 0.032958431178675904
0 0.5246956494870845 0.19775058707205537 0.018152885922630032 0.05081091473379199
0 0.43586237795080957 0.33679396860709426 0.10003398838215297 0.07758964006646617
0 0.44474570510443706 0.40923385380189237 0.07299777530589546 0.06042379049423911
0 0.21039146505376347 0.36140979689366787 0.07896505376344086 0.06272401433691756
0 0.26415490591397855 0.4286140979689367 0.07728494623655914 0.06123058542413381
0 0.3452532541029995 0.36274602276300066 0.06985710243350317 0.06838332390115075
0 0.30325056593095645 0.36942715210966487 0.021222410865874355 0.03144060869018425
0 0.07139756944444445 0.15369872560732778 0.0385024641577061 0.04729191557148546
0 0.09169886872759858 0.19072331740342496 0.023101478494623656 0.040447033054559926
