0 0.46484375 0.458796296296296 0.075520833333333 0.089814814814815
0 0.6195130665577786 0.4272340940368707 0.07783789301755825 0.08317831919301909
0 0.7234543010752689 0.3781362007168459 0.1297043010752688 0.0967741935483871
0 0.7483758960573477 0.537136598964556 0.08568548387096774 0.10454002389486261
0 0.6570900537634409 0.6665671047391478 0.16409050179211468 0.196136997212266
0 0.7805779569892473 0.6829948227797691 0.1400089605734768 0.15730784547988844
0 0.566364247311828 0.6282357626443649 0.04424283154121866 0.07765830346475508
0 0.602206541218638 0.7287933094384708 0.2178539426523298 0.2110712863401035
0 0.4372759856630824 0.5904022301871765 0.07504480286738356 0.08960573476702516
0 0.41254488512479004 0.8813314439721041 0.10797299105478128 0.2361423689255648
0 0.8747030507626907 0.3652440887999777 0.04610527631907968 0.08752188047011752
