0 0.153645833333333 0.376388888888889 0.135416666666667 0.160185185185185
0 0.48983092812676854 0.595893856505062 0.16889501980758345 0.4134440042759227
0 0.8590124504810414 0.8733572281959379 0.1715478211658178 0.13833867823681065
0 0.6653579513299378 0.6752813934477773 0.08665817770232037 0.2043639564861976
0 0.7387521222410867 0.5275105326039112 0.15209394453876623 0.11004213041564478
0 0.6573995472552349 0.4261145695780671 0.09726938313525747 0.08331761302898834
0 0.8784663271080928 0.3820977174118091 0.16093661573288054 0.10532603911211731
0 0.8249681663837013 0.3946739608878828 0.061014431239388864 0.12733446519524616
0 0.9439020939445388 0.45519713261648753 0.10964912280701752 0.08488964346349749
0 0.8635173340748981 0.1503316442137354 0.03186410826844648 0.07621637210068802
0 0.5124327956989247 0.07051044370287973 0.04113366703744897 0.08960573476702509
0 0.6682772525027809 0.06639063980554523 0.08516407119021145 0.06694681333168541
0 0.534894540942928 0.3481042387852424 0.03302775480194838 0.10211479745529922
0 0.4186267921146954 0.315810434090004 0.13300851254480284 0.10080645161290322
0 0.41006483238456676 0.9524211118139013 0.041508538899430805 0.06325110689437072
