0 0.30078125 0.913888888888889 0.0453125 0.053703703703704
0 0.36109533545358174 0.935828832012385 0.03596849916704533 0.06478536692075997
0 0.22948445444694507 0.8571587341279765 0.027090105859798274 0.02871088142405971
0 0.21541843794281904 0.918979744936234 0.04740768525464699 0.035657062413751626
0 0.17452279736600815 0.8645679938503144 0.03750937734433608 0.025932409028183053
0 0.5861501944635094 0.675398459543964 0.028597574925646282 0.03431708991077552
0 0.2119405385534417 0.7062718908597044 0.0333149526697914 0.02195468145288932
0 0.3024078669239959 0.702697872948769 0.0333149526697914 0.02195468145288932
0 0.24812746990166343 0.6388761245392071 0.0333149526697914 0.02195468145288932
0 0.24812746990166343 0.6388761245392071 0.0333149526697914 0.02195468145288932
0 0.441411634960022 0.69963442902511 0.033314952669791356 0.02195468145288932
0 0.40493750574395737 0.7318005902235293 0.01665747633489564 0.012764349681912335
0 0.40493750574395737 0.7318005902235293 0.01665747633489564 0.012764349681912335
0 0.702517576509512 0.8298869589192169 0.02584780810587254 0.028490028490028584
0 0.8663926799007444 0.6295377263119198 0.02584780810587254 0.028490028490028584
0 0.8031947890818859 0.7009925558312654 0.01059760132340774 0.03078761143277293
0 0.819995864350703 0.7184541861961217 0.01059760132340774 0.03078761143277293
0 0.9395419768403639 0.6901939160003675 0.02584780810587254 0.028490028490028584
0 0.8897849462365591 0.9687886121577878 0.03127584780810595 0.019759213307600415
0 0.3499608590334397 0.8469350243543793 0.02233989129150416 0.06269119172344986
0 0.30675809405648113 0.8285543608124253 0.028247961715703672 0.046936337258917965
0 0.25281418010752693 0.912858422939068 0.03024193548387097 0.030615292712066904
0 0.2901965725806452 0.9681152927120669 0.04788306451612903 0.03957586618876942
