0 0.43515625 0.855092592592593 0.069270833333333 0.082407407407407
0 0.5831373207885305 0.033925726802070864 0.02380152329749109 0.044802867383512544
0 0.6755432347670252 0.11855336519315013 0.02380152329749109 0.07964954201513344
0 0.8138020833333334 0.4010603345280765 0.03850246415770615 0.10205097570688965
0 0.7248963933691758 0.5248904818797292 0.07210461469534055 0.08587216248506571
0 0.5481006522122334 0.6478053939714437 0.03745813502555969 0.053861370624987824
0 0.5991708770566135 0.48329518792013926 0.024290711232024916 0.02950871586705241
0 0.568402642829382 0.43975183889680586 0.03805544759683893 0.07197247772451813
0 0.6376311698406528 0.539793582933886 0.040484518720041454 0.056138532625124145
0 0.7115154165047285 0.3012048192771084 0.04250874465604361 0.03238761497603316
0 0.65924497428705 0.22120063027028897 0.01972300140252453 0.054542621162537004
0 0.6764112903225806 0.1781292746697141 0.01947950755804897 0.02553979879833083
0 0.6889454258405872 0.21619161404107642 0.01040066564260113 0.0407729798410802
0 0.7238809950503498 0.2700024653429671 0.013067502986857911 0.03840245775729646
0 0.7274672475590162 0.414726925665005 0.04055431961438641 0.059050522528461005
0 0.3015873015873016 0.457273709961882 0.01493428912783752 0.0346096224232425
0 0.7487738162610826 0.19597979416881509 0.012084983965289587 0.04296883187658513
0 0.4623374429994933 0.38266183765254863 0.028852108315036852 0.055984036730532274
0 0.4540688509823791 0.47304947237391076 0.02322242864381015 0.02846115833786837
