0 0.26328125 0.243055555555556 0.096354166666667 0.113888888888889
0 0.138802083333333 0.431944444444444 0.1203125 0.141666666666667
0 0.3094404357668365 0.09205810224485947 0.09019524617996612 0.12261837389171856
0 0.8824455291454443 0.18559391309815756 0.11141765704584032 0.0833176130289882
0 0.5672043010752689 0.0700496761617305 0.048634691567628736 0.059737156511350024
0 0.7776598754951896 0.5251524869521474 0.18481182795698917 0.14934289127837516
0 0.9297538200339558 0.07476576746525813 0.05570882852292016 0.07231339998742374
0 0.8647601867572157 0.11249449789347922 0.05659309564233172 0.05344903477331317
0 0.8528225806451613 0.2531912217820537 0.06985710243350302 0.06445324781487773
0 0.6384338597670252 0.12196336121067305 0.05600358422939071 0.08587216248506571
0 0.5123449131513648 0.029049107006096263 0.02614419630548659 0.05809821401219251
0 0.3729149434794597 0.022102747909199524 0.04307968017645436 0.03522960512207826
