0 0.03046875 0.397685185185185 0.084895833333333 0.100925925925926
0 0.17328982739105833 0.6252557449512223 0.34657965478211666 0.3747018942286722
0 0.21937955753306143 0.5057059283978083 0.05021010999876407 0.05561735261401559
0 0.25800271907057226 0.5139455361924772 0.035533308614509956 0.04051140499045581
0 0.19408138672599182 0.4521484777324599 0.01815288592263007 0.06797676430601901
0 0.1728386478803609 0.4456254548950136 0.04055431961438635 0.05493071863112646
0 0.37155481399085405 0.33954050453865064 0.09733036707452723 0.09269558769002598
0 0.30377116549252253 0.42811628833134213 0.05214126807563961 0.04051140499045574
0 0.39723921641329873 0.4415056509976792 0.1054412309974045 0.06729013032312994
0 0.3696236559139785 0.48304700696246855 0.074928933382771 0.08720251582691332
0 0.4312275985663082 0.5276782158502589 0.06759053269064391 0.054244084648237406
0 0.6164874551971327 0.5635205097570689 0.17921146953405023 0.18717642373556348
0 0.5915216468590833 0.6823555304030686 0.11495472552348615 0.0833176130289882
0 0.7259302490096209 0.25004716091303536 0.06720430107526881 0.38514745645475695
0 0.8280631013016412 0.2751996478651827 0.3192204301075268 0.19021568257561478
0 0.9461127617430674 0.47877758913412566 0.10611205432937178 0.0880337043325158
