0 0.125520833333333 0.678240740740741 0.088541666666667 0.10462962962963
0 0.10959606677985291 0.1722316544048293 0.06632003395585738 0.09432182607055269
0 0.09721632710809287 0.5086461673898007 0.06632003395585738 0.09432182607055276
0 0.25196307300509346 0.5479469282525311 0.06632003395585738 0.09432182607055276
0 0.3868138087153367 0.4512670565302144 0.07074136955291457 0.111614160850154
0 0.39654074702886244 0.5330126391246934 0.06013016411997739 0.1021819782430988
0 0.5929636041209254 0.7413975367023838 0.0536578843663795 0.04597571731501807
0 0.5603305980003772 0.4406925318074158 0.19277023203169216 0.08069756230480621
0 0.7672421034946236 0.49533303464755085 0.2761676747311828 0.17174432497013142
0 0.7850932459677419 0.758549880525687 0.07455477150537634 0.11200716845878136
