0 0.949479166666667 0.643981481481482 0.091666666666667 0.108333333333333
0 0.3311049801924166 0.3058542413381123 0.1582838143746463 0.35842293906810035
0 0.658725947934352 0.30271018046909387 0.1556310130164119 0.20121989561717912
0 0.5804683078664404 0.5817455825944791 0.18658036219581212 0.19964786518267
0 0.9521080928126768 0.46684235461970963 0.09511177136389365 0.12390039181503382
0 0.796892380422692 0.5823960779466897 0.0990684093437153 0.0957854406130268
0 0.708541898405636 0.5865158818440243 0.06720430107526881 0.11020475425369752
0 0.656979977753059 0.5921806122028592 0.07531516499814618 0.11741441107403296
0 0.616715331850204 0.6756066411238827 0.11876622172784579 0.12977382276603636
0 0.7259223210975158 0.7080500968153917 0.03591954022988497 0.13698347958637158
0 0.5854305710048202 0.7822065669674124 0.17785965888023733 0.17612161661104941
0 0.5807957916203189 0.8893214682981091 0.18133574341861325 0.09784534256169404
0 0.42987578791249537 0.5437729164091789 0.1158694846125325 0.13595352861203808
0 0.44320077864293667 0.6174144110740329 0.060252131998516895 0.06282700943435088
0 0.34500139043381534 0.4479874757961521 0.13151186503522436 0.11535450912536564
0 0.10541474654377886 0.5247482505547022 0.19873271889400917 0.27308414405188597
0 0.02606566820276501 0.3222108437162203 0.05213133640553002 0.2059509586391309
0 0.2412634408602151 0.7116402116402116 0.04416282642089091 0.05291005291005297
0 0.2502619828685985 0.9252475548265596 0.11789229086932752 0.10529939452848154
0 0.37840577729178054 0.9060101654415487 0.17256697648988517 0.161999068505356
0 0.2969632768361582 0.8569041978008626 0.08030344450519407 0.07593706336188566
0 0.3963459085110261 0.7769171577263431 0.1230180426462548 0.23186116679829102
0 0.9472242587161942 0.7819412765649325 0.09927908113391985 0.12671518047862126
0 0.9337324861518409 0.5095036385358966 0.03462039752362332 0.028963469823684886
0 0.8986029651352231 0.6321458310705623 0.023419680677745133 0.03348901198363561
0 0.891729797979798 0.8701893486839724 0.03920250896057342 0.08960573476702509
0 0.05840312241521919 0.953527841981264 0.11680624483043833 0.07762824163185937
