0 0.33046875 0.5375 0.111979166666667 0.132407407407407
0 0.579584040747029 0.12742878702131674 0.16005234861346915 0.14619883040935672
0 0.4516013162773453 0.5236888724096733 0.09906840934371522 0.30177563547975117
0 0.3965633110863923 0.7765418366085775 0.25085743418613277 0.22246941045606222
0 0.28774255345445554 0.6413161400184019 0.11432455815103197 0.15243274420137598
0 0.6068068356374808 0.5560035842293907 0.10380664362519199 0.0661375661375661
0 0.5639040898617512 0.7938854753370883 0.08520545314900149 0.1088069636456733
0 0.7024425859551306 0.6401241942858829 0.06513009425195801 0.09144947416552353
0 0.20715725806451613 0.5809438470728794 0.060147849462365593 0.06511350059737156
0 0.5652264183932162 0.4242309448184088 0.02294781012326251 0.029625744286116713
0 0.7031864673485445 0.4171887597012171 0.022947810123262587 0.02428339695583341
0 0.4939516129032258 0.6732377538829152 0.043010752688172046 0.13500597371565112
