0 0.391666666666667 0.207407407407407 0.059375 0.07037037037037
0 0.22985639501980762 0.05590140225114759 0.10080645161290322 0.10060994780858962
0 0.29440789473684215 0.12428472615229832 0.11495472552348615 0.07702949129095138
0 0.2608057441992077 0.3027101804690939 0.06543576683644595 0.1163302521536817
0 0.18033743633276741 0.43318870653335845 0.1255659309564233 0.17921146953405018
0 0.33331564799094515 0.5157203043450922 0.02829654782116582 0.10532603911211731
0 0.33729485002829657 0.6572030434509212 0.1582838143746463 0.12104634345720941
0 0.45313384267119416 0.3569452304596617 0.08046830786644035 0.11475822171917248
0 0.430142897566497 0.2736276174306735 0.048634691567628736 0.10847009998113566
0 0.2652270797962649 0.7853235238634221 0.1768534238822864 0.11947431302270012
0 0.5066320033955858 0.9338803999245425 0.09196378041878893 0.1273344651952463
0 0.8262945670628183 0.8238382695088977 0.137061403508772 0.16506319562346725
0 0.9204690152801358 0.7908256303842043 0.14855687606112064 0.28139344777714903
0 0.6980758347481607 0.5086461673898007 0.22018251273344638 0.17921146953405018
0 0.5433290888511603 0.47013142174432504 0.08223684210526315 0.10218197824309874
0 0.7955928126768534 0.16626262428717078 0.4081423316355404 0.29932396579750703
0 0.7020550367855122 0.08655599572407725 0.08488964346349734 0.05816512607684084
0 0.6263580869175628 0.07187126642771804 0.029751904121863824 0.035468936678614095
0 0.6505096326164875 0.12258562325766627 0.05985383064516129 0.04978096375945837
0 0.6471844198028674 0.1686330147351653 0.05180331541218633 0.0398247710075667
0 0.46975282509556704 0.023688080139693042 0.10443562358884946 0.047376160279386105
0 0.4655362558588365 0.05503477008853354 0.026709401709401694 0.03676132708390773
0 0.5267094017094017 0.03129307968017644 0.033602150537634407 0.05973715651135006
