0 0.56015625 0.494444444444444 0.0609375 0.072222222222222
0 0.18576738911290328 0.4246938470728793 0.20056283602150538 0.11200716845878136
0 0.3829175067204301 0.23614844683393071 0.026776713709677418 0.09147252090800478
0 0.4464465725806452 0.3308878434886499 0.12128276209677419 0.10547341696535245
0 0.4383085517473118 0.4097595579450418 0.06615423387096774 0.08960573476702509
0 0.43332073252688175 0.4713635005973716 0.054078461021505375 0.052270011947431305
0 0.047631048387096815 0.27441756272401435 0.017221102150537633 0.029121863799283155
0 0.10916498655913982 0.35580943847072877 0.031081989247311828 0.05600358422939068
0 0.1702788978494624 0.6362007168458781 0.1045866935483871 0.10902031063321387
0 0.2682851702508961 0.5046545201115094 0.08260528673835131 0.0547590601354042
0 0.022314882697947236 0.5430650591940914 0.043148216031280544 0.14662756598240465
0 0.02632423020527861 0.5641088302378625 0.04276637341153469 0.052948843271423914
0 0.047134652981427196 0.6479444987509504 0.03703873411534702 0.12422613229064851
0 0.25555618658185675 0.7540932572736299 0.0653112221717401 0.2212798896124657
0 0.46195388937324416 0.5976406514040922 0.11200716845878142 0.11140172430495009
0 0.5196224450256707 0.5812263876780005 0.09656834253608448 0.13561949045820018
0 0.5915189382931317 0.6049059812500672 0.06417708030611254 0.07857319685276674
0 0.6036879510973634 0.3825632968363857 0.17537560760053023 0.13993224333480633
0 0.6909154514656061 0.3297818366311517 0.012888496096626912 0.049099032749054805
0 0.6248619089703933 0.5053108787090228 0.09436220356458973 0.12192926466015286
0 0.68009832081308 0.6186478126380911 0.04004639858594783 0.10474460319798375
0 0.7757253220962899 0.6256256256256255 0.1086772256127094 0.07265329845974997
0 0.7655841325196163 0.5866081134898339 0.12774871645839392 0.07749685169040012
0 0.7749685169040008 0.5131475561583088 0.062360747844618855 0.06404253716081676
0 0.8772885789014819 0.5868771997804255 0.06720430107526881 0.061889846836083444
0 0.8897001840550228 0.4838171504838171 0.032693984306887455 0.08395492266460007
0 0.8399024024024023 0.5187983682607339 0.03723481546062192 0.10117644526246675
0 0.7179054054054054 0.37564446166596704 0.04389470115276564 0.09794740977536674
0 0.7622938129820414 0.3887606572963776 0.09429713449304745 0.14324407163454625
0 0.7734652085796317 0.38250545766168126 0.04275038000337777 0.08757279488574879
0 0.8451037976257071 0.44025939047382273 0.05050034184846793 0.11464009226455621
0 0.817814189819131 0.43300805933660674 0.0394291130586115 0.04281738385784634
0 0.978378574991686 0.6305237593262013 0.04257080700587522 0.07998850819532108
0 0.9849794922957543 0.47351858010321596 0.028059527768540017 0.10223059774107325
0 0.7284599822636071 0.18714973703334195 0.08937479215164601 0.07020655507519488
0 0.8323841591841258 0.1440404488292749 0.09491741492074048 0.06651147322913202
0 0.9318049551047555 0.041194004113857784 0.042262498614344356 0.039414206358004175
0 0.8566331337989136 0.05289509662639027 0.03187008092229229 0.059121309537006235
0 0.7109660791486532 0.07660520513862715 0.02805952776854017 0.11146830235623052
0 0.618993182573994 0.11509564103511558 0.04295532646048108 0.1736688467649558
