0 0.391927083333333 0.358796296296296 0.074479166666667 0.087962962962963
0 0.33155539676058254 0.31191869697382146 0.01828977814073768 0.03251516113908928
0 0.2911477473798829 0.21853212951620463 0.017439090785354553 0.030246661524734198
0 0.2888083571525793 0.30246661524734203 0.017864434463046155 0.030246661524734198
0 0.4670273581053491 0.1535018072380261 0.07486048727371714 0.07712898688807221
0 0.5829335102763032 0.16295388896450555 0.054018647066829996 0.2291184610498616
0 0.5182812712671838 0.4389546753777051 0.15695181706819106 0.11720581340834504
0 0.48510446440724103 0.3913161834762488 0.04551177351299854 0.0552001572826399
0 0.6643145161290323 0.42473118279569894 0.0678763440860215 0.13739545997610514
0 0.5833333333333334 0.5686977299880526 0.15994623655913978 0.14336917562724014
0 0.8896287823959195 0.35166804521643225 0.06499646746622527 0.1031155224703612
0 0.18049480590486602 0.27623878662697693 0.08201202843083652 0.09112447603426285
0 0.2713345179515218 0.41849421865824277 0.04499271004191725 0.07188708664925177
0 0.31291006014215417 0.7348986493327664 0.13156096227446687 0.12554927809165103
0 0.4493120102059413 0.8584229390681004 0.1264352104975396 0.0971994411032136
0 0.845517765310893 0.7168718508129448 0.1482877512856475 0.12077294685990338
0 0.9532637914913511 0.537011064360293 0.08911874707807377 0.14544698976676537
0 0.9667776998597476 0.6818087372084567 0.06355189340813458 0.13116201755752957
0 0.9707953482935952 0.7856994441847177 0.055516596540439514 0.07402212872058588
