0 0.5515625 0.647685185185185 0.0375 0.073148148148148
0 0.7166454442558009 0.5227001194743129 0.0651410111299754 0.08541365360833388
0 0.6901174306734578 0.5693370223647529 0.04745566874174672 0.06026116665618644
0 0.6344086021505376 0.5444465404850237 0.04509762308998306 0.061833197090695666
0 0.4339157706093191 0.8405017921146953 0.05077658303464754 0.09026948095048452
0 0.8139148273910581 0.4099069357982771 0.03890775325410296 0.09982393259133493
0 0.7268145161290323 0.41305099666729544 0.04244482173174871 0.05580708042507704
0 0.7064763723825694 0.29711375212224106 0.04509762308998298 0.048732943469785565
0 0.6005853848330505 0.4822203357857008 0.02873868138087156 0.038514745645475724
0 0.5634461658177704 0.4440985977488524 0.040234153933220135 0.06602527824938688
0 0.45799731182795705 0.47043010752688175 0.023875212224108707 0.0416588065144941
0 0.47745118845500856 0.44960070426963467 0.01856960950764008 0.04558888260076712
0 0.46379974503935256 0.3755989111825493 0.033948564460702844 0.05419453374225567
0 0.45894995011639506 0.2632068383648031 0.020092007537966944 0.025249725948096404
0 0.3016780290433433 0.4578144822574487 0.017320696153419784 0.033871583588909834
0 0.35104201308058974 0.4765978149749351 0.014895798691941063 0.01970710317900208
0 0.6803904923599321 0.12785847534008257 0.02033814374646288 0.07126537969775096
0 0.7499528390869646 0.1978138296757425 0.012084983965289434 0.037204720283384694
0 0.6992548575740427 0.22139428619338067 0.022696189398226686 0.03406065941436628
0 0.6575469251084701 0.22951644343834493 0.022401433691756296 0.05764111593200445
0 0.677885068854933 0.17973547967888656 0.02240143369175622 0.020960405793456146
0 0.584594887757027 0.03799073550063929 0.03271788341822293 0.05397304491814961
