0 0.44921875 0.540740740740741 0.066145833333333 0.077777777777778
0 0.4906301695616211 0.4327956989247312 0.27463296112489655 0.14934289127837516
0 0.3229425144747725 0.7199935667677603 0.23392266335814715 0.20678246484698098
0 0.546849152191894 0.7194191710320743 0.15056348221670804 0.12521827037956065
0 0.7788332299421009 0.30527984560242627 0.08852874276261377 0.10568881536623471
0 0.3342509305210917 0.48793768955059275 0.057511373035566554 0.08960573476702509
0 0.5187396608767576 0.1593833287381675 0.06203473945409426 0.1447477253928867
0 0.3801307899090156 0.24209631467695988 0.052341811414392043 0.1102839812517232
0 0.8618693134822167 0.6797858652697363 0.20290529363110008 0.13096222773642133
0 0.7894954507857733 0.6797858652697363 0.05557278742762609 0.13096222773642133
0 0.944582299421009 0.825682382133995 0.0594499586435071 0.10568881536623484
0 0.18949674317617865 0.9055233893943572 0.05072632340777502 0.054567594890175514
