0 0.538541666666667 0.45 0.115625 0.137037037037037
0 0.3865927419354838 0.4793217535153019 0.04329507857733663 0.07467144563918758
0 0.7000448028673836 0.4246831184168967 0.05214126807563961 0.044631208887790215
0 0.6448092677931389 0.5474104416756747 0.12800819252432155 0.12421535719026759
0 0.8131533751493428 0.6186446302933759 0.2258811230585424 0.23894862604540032
0 0.9251605436081243 0.8385105535643169 0.13814217443249707 0.16095844948891538
0 0.8302919079128755 0.7414338449284685 0.1574993107251172 0.15241399381184326
0 0.806619623655914 0.5942009006525136 0.2229373449131514 0.14359893392151477
0 0.49103942652329746 0.593389088012744 0.09408602150537634 0.14934289127837522
0 0.523241487455197 0.6635802469135803 0.11144713261648748 0.1403823178016727
0 0.42411514336917555 0.750199123855038 0.07896505376344086 0.20808442851453599
