0 0.35859375 0.21712962962963 0.1234375 0.147222222222222
0 0.5919637804187889 0.25476325221656293 0.3643180531975099 0.24995283908696475
0 0.7940188172043011 0.214676476136578 0.08931097906055473 0.06602527824938688
0 0.5698571024335031 0.6815695151858139 0.21576117713638931 0.2200842608312897
0 0.7113398415393322 0.6548449977991575 0.07427843803056024 0.13205055649877376
0 0.5574773627617431 0.42454253914355783 0.05836162988115444 0.12419040432622785
0 0.2236665251839276 0.24218700874048923 0.016801075268817203 0.036156699993711856
0 0.7995316700268817 0.42702732974910396 0.10290658602150538 0.12600806451612903
0 0.7677671370967742 0.5577023596176822 0.18428679435483872 0.0980062724014337
0 0.6829742103494624 0.4998319892473118 0.03990255376344086 0.0980062724014337
0 0.806619623655914 0.7000448028673835 0.19163726478494625 0.18481182795698925
0 0.40478146156909595 0.7489048187972919 0.18356730386300274 0.11394309482720469
0 0.3341547192353644 0.6880614186468428 0.05724810832337712 0.1847426877295457
0 0.20223516527279967 0.6482366476392761 0.17672242134607724 0.13385548033098812
0 0.42251592990840303 0.5707995929023408 0.09458383114297095 0.12500553121819563
0 0.5326563122262047 0.5929244656843223 0.07840501792114693 0.13164299305279006
0 0.36806800079649543 0.3489977432629762 0.04666965352449224 0.11726182574450195
0 0.16801075268817203 0.434178503473605 0.03858024691358025 0.05973715651135006
