0 0.1125 0.390740740740741 0.055208333333333 0.064814814814815
0 0.19205367074527252 0.16732583529024017 0.06546625880608081 0.10196514645902856
0 0.42379263997033745 0.35117208420879165 0.06314886911383018 0.07827627404935525
0 0.2838802373007045 0.37022617723396367 0.1691694475342974 0.12668396984303548
0 0.151377688172043 0.6166616885702908 0.10605678763440858 0.09956192751891674
0 0.048646113351254495 0.6331516328156114 0.09660618279569892 0.09769514137793713
0 0.34403132033008255 0.5514017393237198 0.03790010002500623 0.056958684115473335
0 0.4112464936886395 0.6379538725261025 0.07012622720897614 0.07597007947639083
0 0.09186067153580849 0.34715177746218523 0.04184418746195983 0.06537273731430757
0 0.5942145003162554 0.4035859863658726 0.012847881087918967 0.02547614027689928
0 0.021337365591397848 0.3076463560334528 0.02721774193548387 0.023894862604540025
