0 0.197395833333333 0.529166666666667 0.073958333333333 0.087962962962963
0 0.532717883418223 0.5455888826007672 0.15474674589700052 0.17763943909954089
0 0.7582059988681382 0.5833176130289882 0.12291312959818898 0.09274979563604353
0 0.9461127617430674 0.5864616738980066 0.10434352009054898 0.12733446519524616
0 0.9708722410865874 0.5007860152172546 0.05482456140350876 0.05973715651135006
0 0.09904933915770611 0.49314267224213465 0.044102822580645164 0.05040322580645161
0 0.13387656810035845 0.47323028673835127 0.04165266577060931 0.07653823178016726
0 0.010184036393713758 0.4530271931705624 0.01981665288116901 0.06790634030777404
0 0.20217293906810038 0.3203902827558741 0.01859318996415772 0.018717642373556376
0 0.15064964157706096 0.28295499800876145 0.011872759856630818 0.01234567901234569
0 0.19130824372759855 0.3665870171246516 0.012992831541218625 0.012345679012345656
0 0.16913082437275986 0.3874950219036241 0.023745519713261637 0.01592990840302666
0 0.24081541218637995 0.3387096774193548 0.016577060931899656 0.022700119474313024
0 0.2952508960573477 0.3407009159697332 0.015232974910394277 0.015531660692951015
0 0.2600806451612903 0.502389486260454 0.027777777777777804 0.015531660692951015
0 0.3026433691756273 0.4960175228992433 0.019265232974910406 0.018717642373556376
0 0.4397294760197986 0.5009482088335135 0.038935825226147816 0.061633574178377025
