0 0.9109375 0.152314814814815 0.065625 0.078703703703704
0 0.770833333333333 0.301851851851852 0.080208333333333 0.094444444444445
0 0.4986735993208829 0.3978180217569013 0.1114176570458404 0.11161416085015408
0 0.921795415959253 0.4551971326164875 0.13175580079230328 0.10375400867760803
0 0.843979909451047 0.4261145695780671 0.034486417657045805 0.07388543042193287
0 0.733446519524618 0.3860277934980822 0.1087648556876059 0.10375400867760803
0 0.6341460853494624 0.04666965352449223 0.11970766129032258 0.08587216248506571
0 0.646484375 0.13067502986857826 0.09083081317204302 0.06160394265232975
0 0.587943128360215 0.12834154719235363 0.05040322580645161 0.053203405017921146
0 0.44014820436880053 0.11059260764265141 0.06930443548387097 0.08307198327359618
0 0.6228578629032258 0.4596960872162485 0.08768061155913978 0.10173984468339307
0 0.5196887600806451 0.3406884707287933 0.07245463709677419 0.10640681003584229
0 0.38029233870967744 0.07793832138590204 0.06352906586021505 0.07000448028673835
0 0.3204385080645161 0.13814217443249702 0.07402973790322577 0.05787037037037037
0 0.36821656586021506 0.6213410991636799 0.14490927419354838 0.10640681003584222
0 0.7121135752688172 0.5504032258064517 0.12915826612903225 0.12134109916367981
0 0.23034274193548387 0.1597968936678614 0.09352598566308241 0.06869772998805257
0 0.20682123655913978 0.21455595380326564 0.10472670250896061 0.06670649143767421
0 0.13834398915044077 0.1552627896713918 0.10837450353579384 0.07480598878448338
0 0.036445409429280394 0.06546579664859235 0.07289081885856079 0.07676990472689395
0 0.033602150537634407 0.18596976721230005 0.06720430107526881 0.06498245327397063
0 0.3935879803284154 0.14424902521926777 0.07814453613403347 0.06158947144193456
