0 0.567447916666667 0.171759259259259 0.122395833333333 0.14537037037037
0 0.14452461799660446 0.18087782179462997 0.10876485568760609 0.26881720430107536
0 0.5845615498702262 0.034977135088369776 0.07994994438264738 0.0514975487166811
0 0.710279940674824 0.6725167882008816 0.28735632183908055 0.15655254809871044
0 0.44783555802743796 0.5880608083055248 0.2838802373007045 0.28426646891607965
0 0.43769697812384134 0.3151238001071149 0.137305339265851 0.1565525480987105
0 0.72679134223211 0.18946978123841304 0.15352706711160555 0.17097186173938123
0 0.7097005932517613 0.28834507477444077 0.12629773822766036 0.09681539158736045
0 0.7537309974045237 0.4438676718988176 0.1054412309974045 0.14831294030404157
0 0.5949980798771121 0.5742447516641065 0.09744623655913978 0.09387267451783579
