0 0.600520833333333 0.390740740740741 0.058333333333333 0.094444444444445
0 0.931108442004118 0.7529296626757161 0.10009151223976194 0.17921146953405018
0 0.7653301886792453 0.6869772998805257 0.10556147291539868 0.10820315141678498
0 0.26193151771549444 0.5488963315510116 0.10080645161290322 0.17921146953405012
0 0.5392869733826899 0.4622284897271677 0.0815265291732769 0.10968133654542961
0 0.9368279569892473 0.91464614519643 0.08894686907020867 0.16691264319347815
0 0.7233554712207463 0.7986857825567503 0.08499367488931057 0.20908004778972522
0 0.594603571869979 0.5434707974567078 0.013518106538128752 0.028151993298452322
0 0.5658293165245335 0.51188563424381 0.016221727845754486 0.017165849572227016
0 0.5287510814485231 0.5362611406363723 0.013904338153503922 0.03295843117867592
0 0.6871060437523174 0.4136969746906714 0.018539117538005204 0.02540545736689596
0 0.7185839204053887 0.41678682761367225 0.017380422691879845 0.021972287452450612
0 0.7585588925967123 0.405800683887447 0.010042021999752905 0.02883862728134138
0 0.44262143121987396 0.6783943750944122 0.013131874922753658 0.030211895247119556
0 0.46077431714250405 0.7449978714346531 0.017766654307255016 0.02883862728134131
0 0.5192884068718329 0.7223389499993135 0.017380422691879845 0.021972287452450476
0 0.5154260907180819 0.6862906658976367 0.01120071684587811 0.018539117538005197
0 0.4920590779878877 0.643376041967069 0.010042021999752829 0.03295843117867592
0 0.5160054381411445 0.647152528872959 0.012359411692003469 0.024032189401117916
0 0.5196746384872081 0.617283950617284 0.013518106538128828 0.039824771007566755
0 0.5557872945247806 0.621747071506063 0.014676801384254111 0.030898529230008683
0 0.5847546656779137 0.6169406336258394 0.018539117538005204 0.03776486905889945
0 0.6044524780620443 0.5534269902085994 0.014676801384254111 0.03570496711023221
0 0.6461426864652671 0.5677400390662038 0.05493684929168804 0.06590051392918779
0 0.8207210192959199 0.585505965532479 0.07456915598762714 0.08592330731084605
0 0.6886139343054942 0.32732688499369905 0.011047282368537331 0.02618615079949592
0 0.6791777139490353 0.25122338423266394 0.01703122698482841 0.01800297867465344
0 0.7293507880394757 0.2561332875075694 0.014269406392694079 0.03927922619924388
0 0.8918378995433791 0.37601675913651167 0.08791795551627639 0.0875599417358145
0 0.8071928368121442 0.31617647058823534 0.024213314358001246 0.0193267271066132
0 0.793974343769766 0.3144194953967251 0.019518896268184666 0.027233115468409605
0 0.7508598197343453 0.26083175205566106 0.02223671726755213 0.020205214702368395
0 0.7981746125869702 0.1415770609318997 0.03384922517394047 0.021522946096001125
0 0.8022513440860215 0.22020170075198545 0.008894686907020883 0.019765970904490816
0 0.7786557163187854 0.1800108932461874 0.008647612270714818 0.018448239510858104
0 0.7664255218216319 0.20482816782627036 0.010871283997470001 0.01800899571298052
0 0.8442540322580645 0.207244008714597 0.022236717267552282 0.021962189893878725
0 0.8827976755218215 0.21339342188488303 0.01235373181530684 0.010541851149061763
0 0.8829212128399746 0.2289865767095369 0.020013045540796946 0.017130508117225392
0 0.8386948529411764 0.341213367067257 0.01408325426944959 0.013177313936327187
0 0.8544546850998463 0.3596833274252629 0.00886210563629919 0.01444194992582086
0 0.8712557603686635 0.34671839510549185 0.005169561621174478 0.022647603292764534
0 0.864424553940683 0.339989759344598 0.007015833628736834 0.01247259311775444
0 0.8094056481153254 0.398578124384576 0.00812359683327431 0.017395985137920657
0 0.7502326302729528 0.34212322922000343 0.014954803261254847 0.014770176060498652
0 0.726692662176533 0.32735305315950475 0.01957048328016074 0.019365341945987078
0 0.7289081885856079 0.3616526842333294 0.00886210563629919 0.011816140848398922
0 0.9581440798417995 0.1051854598387783 0.020277159807193204 0.02918194427278596
0 0.8825392411321221 0.08046663645477138 0.01583549623037947 0.01407599664922617
0 0.828466814979607 0.11205179966766911 0.01583549623037947 0.014762630632115251
0 0.9473939665471923 0.05595380326563127 0.009333930704898463 0.02986857825567503
