0 0.588020833333333 0.260648148148148 0.064583333333333 0.076851851851852
0 0.30068131256952174 0.4217237259506447 0.08458472376714866 0.1163844600996993
0 0.5622566740823137 0.3233634079017839 0.08168798665183538 0.11329460717669841
0 0.8197454637096774 0.1705122461170849 0.3517725134408602 0.3098864994026284
0 0.4489620669056153 0.05396256471525294 0.14299581839904424 0.08562325766626842
0 0.3255675029868578 0.1983273596176822 0.12096774193548387 0.07301208018053897
0 0.3666173565589481 0.0189577623163961 0.10615269751595652 0.037915524632792186
0 0.7905597722960153 0.07774029564035888 0.03162555344718529 0.04685267177360787
0 0.17984617682198326 0.1498738882251427 0.14934289127837516 0.12777114031594314
0 0.15671877074206822 0.3757319645412039 0.07633081109783621 0.12611177485729463
0 0.2135520377007832 0.2735888018643893 0.06222620469932299 0.054574686195554376
0 0.24425029868578257 0.21901411566883489 0.0522700119474313 0.03687478796996918
0 0.26103435325743196 0.27269133459835554 0.060039136622390875 0.049195305362288264
0 0.10325881909073763 0.4252342325347418 0.059835408413506874 0.05502106520782246
0 0.209076117713639 0.4860194093357647 0.12762922090171663 0.13152654635393746
0 0.1072977761485826 0.7796785054849571 0.1122617302052786 0.12897795155859676
0 0.1437947326434533 0.941471163245357 0.21274831181672088 0.1158629303790593
0 0.13555413000977515 0.6534158792223309 0.16113758553274682 0.09910937330292174
0 0.24626440957086115 0.6896681627864423 0.09111934515160318 0.07480598878448336
0 0.5889834727200318 0.568218357744443 0.21654719235364392 0.18068646105284888
0 0.8704397081413211 0.7249096149155068 0.2584485407066051 0.27274123017236873
0 0.5136686714051394 0.8543729623554664 0.07403863677783852 0.22477370755118153
0 0.5674890650628759 0.9070226596197072 0.05296610169491528 0.18022396371220875
0 0.24752978785236845 0.5468210145629501 0.036326649229875045 0.10171461784365006
