0 0.453125 0.535185185185185 0.06875 0.081481481481482
0 0.4609375 0.46712962962963 0.067708333333333 0.080555555555556
0 0.8184279265571109 0.5474966750073262 0.027896124974639926 0.08509727012465901
0 0.785142777439643 0.49959423818218707 0.024092107932643502 0.05917359843105432
0 0.7504311219314262 0.5269268050765312 0.0269451207141409 0.05748292419016702
0 0.7299845303306959 0.5345348391605238 0.0145820653276526 0.0546651337886883
0 0.6581837086630148 0.5156556434706161 0.058011259890444304 0.047338878744843424
0 0.6027084601339014 0.5210094452334257 0.019337086630148128 0.08284303780347603
0 0.5914549097179955 0.5350983972408196 0.06213227835260697 0.05917359843105432
0 0.6431261412051126 0.6711976736322446 0.11221850273889226 0.09805910597146131
0 0.6388466220328667 0.6289308176100628 0.060547271251775156 0.041703297941885854
0 0.30385721430357593 0.6555944541690978 0.12659414853713427 0.07362951849073389
0 0.23548074518629658 0.5013892361979383 0.09924356089022257 0.056958684115473265
0 0.04289054987324067 0.5067944944682422 0.08414197045196259 0.04808112597255006
0 0.014102235876429453 0.4679410593389088 0.02773510838026967 0.0625817830118905
0 0.8868931247963505 0.5197132616487455 0.05091234929944607 0.0575648962745737
0 0.8940586360206478 0.754919978887155 0.08642290905661026 0.2209655506203328
0 0.9768410441426145 0.4358454379676791 0.04465548953027736 0.04951895868704021
