0 0.972135416666667 0.521759259259259 0.072395833333333 0.086111111111111
0 0.27141694963214497 0.3836697478463183 0.15563101301641202 0.13047852606426474
0 0.10340619694397288 0.5243664717348928 0.12910299943406905 0.10060994780858958
0 0.05967362865600533 0.6258564878636563 0.050259626872530105 0.07556495011692134
0 0.28070175438596495 0.6234043891089731 0.1317558007923034 0.09117776520153424
0 0.6388299377475948 0.46777337609256114 0.10345925297113742 0.07231339998742371
0 0.6569574136955293 0.5149342891278376 0.053056027164685965 0.11947431302270012
0 0.5946165817770233 0.7373765956108911 0.11937606112054323 0.1304785260642646
0 0.9125106112054329 0.5943218260705527 0.16093661573288054 0.18078349996855947
0 0.766476640711902 0.5956549801562778 0.05909343715239169 0.06660349634024082
0 0.7788360524039056 0.6492124308216263 0.04905141515263863 0.05973715651135006
0 0.8116657397107899 0.6272401433691757 0.027422444691632752 0.028151993298452388
0 0.8495164380175503 0.5578901110973784 0.029739834383883314 0.02540545736689603
0 0.8246044988258558 0.4813304220052459 0.025491286614757126 0.03433169914445403
0 0.7423371647509579 0.6347931171809555 0.016221727845754562 0.018539117538005197
0 0.8754971277065843 0.8117706747843735 0.07917219030785082 0.0965614310731413
0 0.8939092649874798 0.8972848234889773 0.10771100309323914 0.08101340403594043
0 0.8557040801296214 0.3616962079180374 0.03038002651347766 0.03436932292433843
0 0.8920680512593903 0.3445115464558681 0.025776992193253825 0.027822785224464436
0 0.915543526292532 0.3723343316803326 0.027618205921343328 0.039279226199243844
0 0.9436220356458977 0.3711068558616062 0.027618205921343328 0.030277736861917176
0 0.09444071087216244 0.808641975308642 0.1773446833930705 0.1875082968272934
0 0.2484505675029868 0.7588610115491837 0.13440860215053763 0.07467144563918758
0 0.3543906810035842 0.7895592725341829 0.09613948626045399 0.08296827293243052
0 0.45846400836320184 0.7920483207221558 0.05787037037037036 0.07135271472189056
0 0.37119175627240136 0.6360679676091862 0.04386947431302273 0.06139652196999863
0 0.5126008064516129 0.6302601885039162 0.06907108721624847 0.05309969467675556
0 0.6283415471923536 0.6551506703836453 0.06907108721624847 0.08296827293243052
0 0.5641241039426523 0.8746515332536838 0.10808691756272397 0.070688968538431
0 0.517361111111111 0.8472720031859817 0.08400537634408602 0.053763440860215055
0 0.6355286738351255 0.8930704898446834 0.031362007168458834 0.0816407805655118
0 0.4509968637992831 0.9239346873755476 0.20665322580645162 0.13938669852648355
0 0.17929712207463627 0.9330943847072879 0.1482447817836812 0.11947431302270012
