0 0.549739583333333 0.383333333333333 0.0609375 0.072222222222222
0 0.5903550241008528 0.5386231615375109 0.14483685576566555 0.0803361759980225
0 0.5115637745643308 0.6617023029703787 0.09501297738227667 0.1761216166110493
0 0.7282397107897665 0.7646974004037409 0.14367816091954028 0.14522308738104067
0 0.40206711160548764 0.5185391175380052 0.14136077122728963 0.13080377374036994
0 0.4571051167964405 0.3022494129279446 0.027808676307007844 0.038108186050343974
0 0.24477428624397482 0.15187657067523586 0.027229328883945126 0.1411032834837062
0 0.06597495410437974 0.46211790074889997 0.09261080514030948 0.1355013550135501
0 0.08236624704956727 0.2821779293061748 0.12539339103068448 0.07576419850220006
0 0.24236444749485245 0.5190650499504309 0.025737817433081654 0.08897023310201069
0 0.2891929764355982 0.5622791631714075 0.06720430107526881 0.07626019980172348
0 0.3429921642644704 0.5486158773735987 0.04110901395561652 0.06418566816645062
0 0.31796928620452986 0.6064465288899058 0.09329958819492107 0.10994178804748474
0 0.263097689315946 0.6846132336866723 0.10724090597117365 0.10231576806731223
0 0.339059997712194 0.7221078319225197 0.19553591855410662 0.1277358346678869
0 0.4239590482727065 0.6464831337858106 0.07506863417982154 0.07562469813670922
0 0.2981798311727465 0.8120345247267163 0.15733343382574613 0.10551703346397344
0 0.9317396313364055 0.5793650793650794 0.10848694316436261 0.11094043352107852
0 0.9478206605222733 0.02466291175968603 0.02544162826420893 0.044376173408431474
0 0.7596037114117239 0.487474467183104 0.029989016071222032 0.08864223224264847
