0 0.336979166666667 0.397222222222222 0.063541666666667 0.077777777777778
0 0.1458510186757216 0.20760233918128657 0.03713921901528012 0.11161416085015408
0 0.38452218688474943 0.3031197940330153 0.02981599273057703 0.06646810372389658
0 0.35956024262475866 0.35116768270890136 0.048823637533314944 0.0428882149312257
0 0.2585672254677843 0.3151440747325939 0.027781305562611113 0.022577822933423638
0 0.21158154121863795 0.297856099827426 0.02286813022700119 0.02323111642108056
0 0.6344086021505376 0.33607012864327185 0.10783945986496617 0.1680975799505432
0 0.17488391984359725 0.2825800245155084 0.01025520178745985 0.0190072770717932
0 0.14510019550342132 0.2513537836118481 0.013091746962714711 0.013964530093562365
0 0.15579178885630499 0.26240903660258497 0.011782572266443235 0.013576626479852298
0 0.2999101033375227 0.26919734984251115 0.016801075268817203 0.01629195177582273
0 0.3221660731741377 0.2899501931759996 0.016801075268817203 0.015128240934692566
0 0.33983993157380255 0.2889804341417245 0.015928292137969556 0.018619373458083132
0 0.3570773984080436 0.2887864823348694 0.01811024996508864 0.0166798553895328
0 0.2635805055159894 0.25930580769290446 0.010909789135595586 0.024437927663734132
0 0.254634478424801 0.2825800245155084 0.010473397570171761 0.013576626479852298
0 0.16233766233766234 0.3124486027711834 0.01221896383186706 0.02055889152663353
0 0.17433843038681748 0.3167155425219942 0.014400921658986186 0.01900727707179323
0 0.140845377740539 0.3114788437369082 0.01985581622678398 0.0162919517758228
0 0.4281104179346723 0.3037408985370032 0.017435078109149914 0.0140889520073939
0 0.44372273787786576 0.30148666621582026 0.015374568878068583 0.011834719686210856
0 0.3803224538445932 0.25400689795090287 0.020129590180564035 0.01662496336872478
0 0.5884109916367981 0.6473516527279968 0.11200716845878142 0.07566706491437679
0 0.4353345280764636 0.6373954599761051 0.10902031063321391 0.10088941988583568
0 0.2745118845500849 0.5861053469995179 0.0468661573288059 0.16715923620281292
0 0.29072344840596115 0.4802552977425642 0.03802348613469156 0.042444821731748746
0 0.4463085637480798 0.3999402628434887 0.05832373271889397 0.06443079023724187
0 0.6909631405599148 0.5744992304132088 0.1068608931512158 0.07911136943395006
