0 0.637760416666667 0.235648148148148 0.061979166666667 0.073148148148148
0 0.55703125 0.352777777777778 0.074479166666667 0.088888888888889
0 0.5534981607243916 0.09756020876564171 0.11318619128466328 0.10532603911211719
0 0.8086092246745896 0.49685593913098164 0.11760752688172044 0.12104634345720941
0 0.6613787492925863 0.4316166760988493 0.08312110922467447 0.10689806954662634
0 0.6348507357102434 0.5730994152046784 0.07958404074702886 0.1289064956297553
0 0.333604735318445 0.6539380571638636 0.15056348221670804 0.09994485800937418
0 0.40791718362282875 0.41326624391140515 0.11566894127377993 0.12177189596544433
0 0.48723118279569894 0.5063925623806974 0.09230935607465085 0.08720251582691332
0 0.49047939068100355 0.17771804062126642 0.07280465949820791 0.09259259259259259
0 0.39799880525686976 0.1624850657108722 0.07317801672640384 0.062392141245187833
0 0.27895055871811086 0.1134654578677349 0.08367594349567783 0.10658982828495792
0 0.1425691244239631 0.11853558627752182 0.08928571428571429 0.06485748421232292
0 0.18625192012288785 0.06093189964157713 0.05568356374807988 0.0725379757637822
0 0.3151401689708141 0.21198156682027658 0.05520353302611365 0.11179382147124084
0 0.17713133640552994 0.1296296296296297 0.06720430107526881 0.06144393241167437
0 0.05184331797235023 0.11768219832735968 0.09600614439324115 0.07509813961426867
0 0.06120391705069124 0.19662058371735797 0.12144777265745006 0.0844854070660522
0 0.6632400769945572 0.313413572871956 0.01825302004513475 0.04277475404516426
0 0.3837925627240143 0.35095579450418163 0.07896505376344086 0.0985663082437276
0 0.9709242567994939 0.037915524632792304 0.033602150537634407 0.04743833017077797
