0 0.422916666666667 0.340277777777778 0.054166666666667 0.063888888888889
0 0.2147447781485601 0.47206086323624324 0.042485477691261916 0.0913223197242478
0 0.17438357434186133 0.5757425946524946 0.08458472376714866 0.100935195484695
0 0.23251143245581513 0.5870720553701644 0.038623161537510824 0.042571306939123046
0 0.2693965517241379 0.5537703072000439 0.0845847237671487 0.07896290803224432
0 0.24815381287850696 0.6392562380697345 0.07068038561364477 0.09887529353602761
0 0.3559124335681622 0.5592633790631566 0.07222531207514524 0.10917480327936387
0 0.39511494252873564 0.3038355374284184 0.046347793845012975 0.051497548716681114
0 0.4038051538746755 0.13664016259492714 0.0413267828451366 0.0906356857413587
0 0.5875315279437143 0.29829490980426865 0.13814217443249702 0.08776199536852666
0 0.6404238019381389 0.27211381034559057 0.050610646488782704 0.08259952505273098
0 0.6037103411655383 0.4756626399398204 0.041898977830877426 0.069324601383542
0 0.6286656891495601 0.46142427862857965 0.04358097100032578 0.056116722783389486
0 0.6437910208071498 0.5737016866049125 0.0833507889959503 0.06749522878555132
0 0.9745809614168247 0.3007590132827324 0.02174256799493985 0.04076182444303884
0 0.9902356103731815 0.4903165567302191 0.018856736242884368 0.0702388482274631
0 0.3186078599295842 0.35752952495744394 0.038359977162432175 0.043877734428690744
0 0.04389470115276566 0.3624592334269753 0.02906131938390003 0.02098873066615
0 0.04374334011430785 0.27070080833521687 0.023309599922503144 0.018297867760233337
0 0.06387435822919693 0.18566954050825016 0.015136103845781264 0.01829786776023337
0 0.21190545384093767 0.25670832122445025 0.020585101230262505 0.019374212922599995
0 0.24490216022474087 0.24621395589137524 0.02240143369175626 0.01883604034141668
0 0.26367092899350963 0.2596682704209585 0.02482321030708128 0.01668335001668333
0 0.2094836772256127 0.3277471019406503 0.044197423229681294 0.06888609039146674
0 0.2442967160709096 0.31267826966751694 0.019374212922600012 0.025832283896800017
0 0.1531773709193064 0.3105255793427836 0.02361232199941877 0.02152690324733338
0 0.11246125157415478 0.35250304067508365 0.016044270076528134 0.022603248409700075
0 0.320449777078416 0.2306922710804169 0.021855057260250048 0.019426717564666674
0 0.34271461666229563 0.2603180153665336 0.017757234023953114 0.020398053442900042
0 0.3715359734242504 0.2756165554487086 0.015298540082175006 0.012141698477916673
0 0.3670283678643238 0.29455760507425865 0.016664481160940613 0.016998377869083342
0 0.24714381720430106 0.4074074074074074 0.017809139784946238 0.014336917562724014
