0 0.89140625 0.047685185185185 0.069270833333333 0.082407407407407
0 0.6065259665980324 0.3512926103866393 0.36461908030199036 0.24530364269554386
0 0.7740675403225806 0.030179709279171647 0.030451948924731184 0.04542512943050578
0 0.8822244623655914 0.4341533615727164 0.16266495601173034 0.16563484305419796
0 0.19414406158357775 0.3126425545780385 0.11073435972629521 0.09910937330292167
0 0.26412501210888306 0.31294735595810863 0.02694226484549065 0.029599491965083373
0 0.3507035261067519 0.3129473559581086 0.17345975007265332 0.11032537914258343
0 0.1340725806451613 0.2979139449971528 0.2681451612903226 0.16781116359048226
0 0.04628696236559142 0.38322264389626826 0.09257392473118284 0.21298053271487816
0 0.28704637096774194 0.4970131421744325 0.2293346774193548 0.19265232974910393
0 0.34627016129032256 0.5552568697729988 0.5073924731182796 0.4405615292712067
0 0.7394153225806451 0.6075268817204301 0.19657258064516128 0.29420549581839905
0 0.922883064516129 0.6323378813891148 0.15356182795698925 0.2236754917020572
0 0.8776315172543137 0.9165919952210275 0.22098884096024013 0.16562126642771804
