0 0.19296875 0.329166666666667 0.072395833333333 0.086111111111111
0 0.46035996303763443 0.32902105734767023 0.1312584005376344 0.15774342891278376
0 0.5042002688172043 0.5385678016726404 0.06247899865591398 0.11014038231780167
0 0.6087402927120669 0.5000000000000001 0.2837514934289129 0.506106464887827
0 0.8929584826762246 0.5721823974512146 0.20441308243727604 0.40820390282755875
0 0.467961079943899 0.05460971724412583 0.14780238688899275 0.10921943448825162
0 0.5672043010752689 0.6869772998805257 0.09744623655913978 0.18518518518518517
0 0.7993586938401267 0.5874338955109148 0.11708656330749366 0.10159021236790686
0 0.23352713178294576 0.25757828345975375 0.1484746186546637 0.1000250062515629
0 0.43943798449612403 0.6757383790392042 0.07267441860465114 0.10558195104331629
0 0.1769348587146787 0.5472160746321733 0.3538697174293574 0.41534571098811096
0 0.4663978494623657 0.5337986543419481 0.08400537634408602 0.1414827391058291
