0 0.209114583333333 0.877314814814815 0.091145833333333 0.108333333333333
0 0.43064825114324556 0.8823246680124692 0.03707823507601041 0.06729013032312994
0 0.3325454208379681 0.9372553866435958 0.04016808799901124 0.059050522528461005
0 0.44049715733531086 0.7669701588871037 0.044416635768137425 0.05355745066534842
0 0.4698507601038191 0.7374448976228732 0.03978185638363614 0.05081091473379192
0 0.5669880113706588 0.8146912206978948 0.040168087999011316 0.058363888545571944
0 0.6330579914396075 0.7617937386180418 0.07927497651111812 0.04581781907181221
0 0.04836673183447377 0.7896346982368488 0.08960573476702507 0.0552116143513992
0 0.2795118146820656 0.8580541911884007 0.0904354174963494 0.10103691903771553
0 0.15671877074206822 0.8945602312786701 0.05227001194743133 0.06342463530834692
0 0.16666666666666666 0.8247710075667064 0.04121863799283155 0.04699322978892876
0 0.3179558330442826 0.7464960624863503 0.03613134466412305 0.028583908223172826
0 0.7321535244922341 0.9062126642771804 0.06347072879330952 0.051772202309836625
