0 0.715104166666667 0.197685185185185 0.080208333333333 0.09537037037037
0 0.5102649150190773 0.5944232473889081 0.15446149843912593 0.3815469996531391
0 0.5964381720430108 0.5327590858288048 0.066662330905307 0.11947431302270012
0 0.5839728581338883 0.17481789802289277 0.08617325702393341 0.06648167418198635
0 0.7121488033298647 0.49855474621343504 0.16475893166840094 0.14741588622962198
0 0.739518296912938 0.5790072069988822 0.06232656954561221 0.08093421204763551
0 0.8972316163718348 0.48651096465872734 0.07316597294484904 0.11176629282768723
0 0.9579322754075617 0.41280302154391635 0.04931928546652784 0.14356187613211543
0 0.9563063648976761 0.310190002697807 0.08400537634408602 0.08478822214514202
0 0.8981234993214323 0.3798819176207212 0.08155861780979222 0.09743536207676513
0 0.2717853942652329 0.519082702774459 0.10547341696535245 0.1294305057745917
0 0.5182530200451347 0.126827145743912 0.06347072879330945 0.05309969467675563
