0 0.190104166666667 0.206018518518519 0.05 0.058333333333333
0 0.4513653084323713 0.41825441740552094 0.07339417091114885 0.12419040432622785
0 0.711781975099038 0.773533295604603 0.129102999434069 0.1524869521473936
0 0.2873337577815507 0.7578129912595107 0.15386247877758916 0.09589385650506198
0 0.3377369835880023 0.6328365717160285 0.0990379173740804 0.14777086084386598
0 0.3403897849462366 0.5400867760799849 0.09550084889643472 0.11633025215368181
0 0.14540888511601588 0.28463183047223795 0.14059847198641762 0.07702949129095141
0 0.267046629445823 0.03990901571546734 0.035540736145574875 0.07582023711055969
0 0.3358664185277088 0.28747357779615845 0.02584780810587254 0.040207701498024016
0 0.4428117245657568 0.2972383053028214 0.01357009925558308 0.043654075912140336
0 0.5620347394540942 0.3701865637349508 0.029724979321753473 0.051695616211745246
0 0.7610628618693134 0.48449131513647636 0.03101736972704717 0.10798639830897899
0 0.924752184139785 0.03237007168458788 0.04830309139784946 0.04853643966547192
0 0.8878248207885304 0.5884109916367981 0.11928763440860216 0.11150935882118683
0 0.4327956989247312 0.8118630964930775 0.14923308032890573 0.18623937030009136
0 0.2728726362625139 0.8156799736332552 0.20972376714868374 0.12771392081736907
0 0.24593298109010014 0.5988752935360278 0.05040322580645161 0.08342602892102338
0 0.030619959677419373 0.4691980286738352 0.05565356182795699 0.11574074074074074
