0 0.046875 0.431944444444444 0.11875 0.141666666666667
0 0.08704725523486137 0.6689932717097404 0.16712648556876059 0.12890649562975545
0 0.19758064516129037 0.6029679934603535 0.1193760611205433 0.10375400867760803
0 0.3124149312644617 0.5070096638083572 0.05912277119912889 0.05520015728263997
0 0.31390363413638217 0.39509701616684056 0.02466993330611135 0.026465828834142373
0 0.5635803729413367 0.28961178409933 0.028072682727643985 0.03327132767720762
0 0.4317238328569484 0.5444399074452158 0.048489179256839494 0.07410432073559875
0 0.401099088063155 0.6219469776023471 0.04083299305839117 0.07183582112124375
0 0.3426143323805635 0.6374483916337733 0.13058050905131344 0.1663566383860381
0 0.44129406560500883 0.6079578966471575 0.07273376888525931 0.22533762835926982
0 0.492122635089152 0.6797937177684014 0.15057166190281748 0.12552364532764695
0 0.5308289097590854 0.5951030654991455 0.10548523206751052 0.072591987659362
0 0.5403991425071458 0.483190417857629 0.025945964339186008 0.09376465072667602
0 0.6622029735829018 0.4682876823458265 0.1298453471392539 0.08554950809032852
0 0.7364595778574272 0.42182544950366535 0.10993296163547052 0.08259952505273094
0 0.7694394663480685 0.602880658436214 0.2671578388424266 0.2028113338348304
0 0.8943113535736877 0.4390329608545927 0.013638519924098645 0.02986857825567503
