0 0.088020833333333 0.175 0.064583333333333 0.075925925925926
0 0.4178966321769121 0.49931245914203914 0.12521556096571312 0.4001262370099863
0 0.3911100121728545 0.4091431662947183 0.10841448569689592 0.1025675706138274
0 0.2507716049382716 0.21514226293198815 0.06347072879330941 0.10841187663170936
0 0.5609692353643966 0.3119385813531572 0.09396156909597768 0.08739324748882688
0 0.593015730784548 0.449665914420992 0.11076264436479488 0.0685871056241427
0 0.5752812624452409 0.24556396300721275 0.07404918359219437 0.0719058365414399
0 0.6182173436877738 0.21292977565379 0.041691557148546415 0.06416213106774635
0 0.30460349462365593 0.17861409796893668 0.05275537634408602 0.053763440860215055
0 0.7300188449174149 0.29215164615896244 0.0710148542290211 0.07328578994691402
0 0.8110797029154194 0.48337213169271703 0.030830839153087212 0.12809617066351356
0 0.8575268817204301 0.5002986857825568 0.03024193548387097 0.12007168458781362
0 0.9201948924731183 0.5462962962962963 0.07022849462365591 0.13799283154121864
0 0.8980174731182796 0.13530465949820789 0.02721774193548387 0.05316606929510155
0 0.8472782258064516 0.19623655913978494 0.05141129032258065 0.0913978494623656
0 0.07457277265745015 0.39332650622973203 0.14160906298003073 0.16854412015702336
0 0.2510386119257087 0.06381014445530574 0.021001344086021504 0.04072987943955685
0 0.2915139296187684 0.06686488541327251 0.028638196480938422 0.03190507222765286
0 0.45456072825024446 0.021722602367763657 0.03169293743890516 0.028510915607689803
