0 0.177864583333333 0.383796296296296 0.058854166666667 0.069444444444445
0 0.35851726089417096 0.2296107652644155 0.30153508771929827 0.215368169527762
0 0.9102999434069045 0.08105388920329498 0.11053338992642908 0.11004213041564488
0 0.5245554177005789 0.4083519692838689 0.04509006525135565 0.03676132708390773
0 0.5782614189872255 0.46119637696698634 0.05083402260821615 0.02910271727476029
0 0.585154167815458 0.5025528699363826 0.050259626872530126 0.04237764094394923
0 0.7009079630047372 0.48537901763708213 0.06814422137002782 0.040103265909717495
0 0.06363873954599757 0.47510951812027086 0.09893966547192354 0.16427718040621267
0 0.21917766373411535 0.5348466746316209 0.07789589442815247 0.11042322870279861
0 0.25405262300423587 0.40541616885702914 0.02443792766373412 0.05792693964736977
0 0.35154977191267517 0.5013576626479853 0.03207478005865108 0.04163498787154704
0 0.38235174323883997 0.5479707468954781 0.065167807103291 0.26519677057311464
0 0.4823945096122515 0.6552260960863112 0.1451001955034213 0.17921146953405026
0 0.154500964984836 0.30393958888582545 0.16111800385993935 0.1608308059920963
0 0.19105222734254987 0.6856118791602663 0.05472350230414744 0.07595152756443077
