0 0.1296875 0.746296296296296 0.169791666666667 0.201851851851852
0 0.5198960101867572 0.16437150223228322 0.2741228070175439 0.1634911651889581
0 0.17458970005659316 0.566025278249387 0.3386743067345784 0.3002578129912595
0 0.05189192867837212 0.3179680292787683 0.05699605281067102 0.059737156511350024
0 0.08485606369946917 0.39849976558837313 0.09229957805907173 0.07259198765936208
0 0.14057608547706546 0.3565325227228045 0.045511773512998496 0.04461382574898296
0 0.0253079488226487 0.398121682319314 0.048063835579147944 0.07788515342619058
0 0.9452284946236559 0.3896521969998673 0.10547341696535253 0.24226735696269747
0 0.36271654719235363 0.3967874684720563 0.07877837514934294 0.049117217575998906
0 0.41349313022700124 0.4040886764901102 0.05189665471923541 0.04115226337448561
0 0.3377016129032258 0.43097039692021777 0.04816308243727604 0.051108456126377266
0 0.3643966547192353 0.553763440860215 0.12022102747909197 0.10686313553697067
0 0.45288231780167265 0.47710075667064916 0.06048387096774194 0.09690694278507903
0 0.5096326164874552 0.5013274923669189 0.07541816009557949 0.0577459179609717
0 0.49115143369175623 0.642373556352051 0.12432795698924723 0.15531660692951008
0 0.5773679145094914 0.5652683747068455 0.15681003584229394 0.09218696992492288
0 0.670707221558476 0.5608434001504491 0.06720430107526881 0.06711211410534393
0 0.6852266693216514 0.7175612490228183 0.24724545333864334 0.126849270616694
