0 0.755208333333333 0.511574074074074 0.066666666666667 0.078703703703704
0 0.4738588983980689 0.6718967156755176 0.22767171384682902 0.20115573110964827
0 0.6470128373930217 0.11841367371321287 0.08571977177967968 0.14263770024138686
0 0.5280337941628265 0.21838197644649257 0.07269036646916836 0.09874917709019088
0 0.5324912222953697 0.46220710506424795 0.047317314022383164 0.0963109258040134
0 0.7350367566381392 0.3922292931509522 0.3056561334211103 0.12410699046643743
0 0.9440284178187405 0.21240826079535763 0.10464669738863276 0.13312852022529445
0 0.936347926267281 0.6587301587301587 0.10272657450076807 0.15873015873015878
0 0.7313966275659823 0.6944444444444444 0.18748472629521 0.1126859997827739
0 0.698346027479092 0.8468073808575601 0.056936977299880495 0.22401433691756273
