0 0.868229166666667 0.428240740740741 0.055208333333333 0.065740740740741
0 0.39963568194680255 0.3341507891592782 0.16535795132993772 0.13205055649877392
0 0.6949808998302206 0.1250707413695529 0.03802348613469156 0.05344903477331324
0 0.7595323995472553 0.22017858265736026 0.06101443123938871 0.10847009998113563
0 0.655631013016412 0.24847513047852607 0.08665817770232022 0.08646167389800664
0 0.054134833050367884 0.5476077135603346 0.10826966610073577 0.11879588363830726
0 0.17016836445953598 0.05118531094761996 0.03360215053763439 0.05030497390429482
0 0.15505292338709678 0.6315959776981283 0.09660618279569891 0.12196336121067301
0 0.15820312500000003 0.7454699322978894 0.20301299283154126 0.11076264436479481
0 0.2546342965949821 0.6048387096774194 0.09485607078853041 0.1356531262445241
0 0.8683985775089605 0.5811927518916766 0.09240591397849462 0.08213859020310633
0 0.9188018033154123 0.4747859418558344 0.12250784050179217 0.12694145758661887
0 0.9105762768817204 0.3727349661489447 0.059153785842294006 0.08711668657905212
0 0.8160702284946236 0.3431775189167663 0.12845822132616497 0.11885205097570692
0 0.7233142921146954 0.37895758661887696 0.09485607078853034 0.09831740342493032
0 0.6673107078853046 0.4766527279968141 0.09345598118279562 0.10951812027080847
0 0.7835181451612904 0.44989545997610514 0.07595486111111122 0.11325169255276785
0 0.8003192204301075 0.4766527279968141 0.0808551747311828 0.1070290720828355
0 0.6410590277777778 0.34379978096375946 0.043052755376344086 0.10391776184786937
0 0.680611559139785 0.3257541816009558 0.01295082885304662 0.055381322182397476
0 0.34556757086999024 0.49524818073205173 0.08018695014662756 0.07059845769523193
0 0.3513200454585191 0.5558469563190256 0.029504327301337552 0.09081990461481675
0 0.4211196345834426 0.6070849238958339 0.08386878223620943 0.1389010305873668
0 0.5094960223795786 0.46405571582597543 0.046988373109537594 0.11898864508358342
0 0.4809478538333771 0.4985381395032588 0.041251420578721915 0.08984856873658341
0 0.515642757234024 0.6078134258045089 0.07020937144855321 0.10247593515361675
0 0.7433738917185435 0.5916074535203001 0.1084700999811355 0.10165796809826241
0 0.6295138006942681 0.5801983085447652 0.06006053678774026 0.10865577286710124
0 0.5846668360003386 0.6070094732782058 0.047095927525188375 0.11994468433381307
0 0.5833439166878334 0.4927092446777486 0.09895436457539578 0.1472262203783667
0 0.604246041825417 0.3854645857439863 0.11112522225044452 0.11618171384490918
0 0.6638824884792626 0.5433094384707288 0.03024193548387097 0.10624679979518685
0 0.7128456221198156 0.5637907492746203 0.04704301075268817 0.044802867383512544
0 0.73988201911589 0.42562724014336917 0.015400985663082335 0.058077791052701416
0 0.7405820639187572 0.48246050710208416 0.05693697729988065 0.10702907208283557
