0 0.8328125 0.337962962962963 0.0625 0.074074074074074
0 0.7496534778225806 0.2571497909199522 0.033602150537634407 0.03640232974910394
0 0.646484375 0.5138328853046595 0.12443296370967742 0.0793384109916368
0 0.4383960573476702 0.30087614496216647 0.02441181876665751 0.028081569300207287
0 0.5512648194099807 0.27407101063015044 0.022688631559599274 0.025528699363824806
0 0.3612934483620906 0.15408018671334495 0.033602150537634407 0.13197743880414545
0 0.21008377094273575 0.43123280820205045 0.06407851962990746 0.12780973021033037
0 0.29838709677419356 0.6854630324247728 0.14534883720930236 0.11947431302270012
0 0.41951112778194555 0.637534383595899 0.09533633408352091 0.17087605234642014
0 0.4921855463865967 0.5104192714845377 0.10940235058764694 0.1139173682309466
0 0.5468867216804202 0.4631852407546331 0.026569142285571463 0.09446806145980945
0 0.24329519879969996 0.7646494957072602 0.17895098774693677 0.09168958906393272
0 0.6364085383459268 0.7517847388536711 0.142911855541205 0.11597257848253605
0 0.5214353685070753 0.6109849340914839 0.09310075585906792 0.07610006739943874
0 0.34946236559139787 0.2812126642771804 0.12936827956989247 0.07467144563918754
