0 0.212239583333333 0.070833333333333 0.1203125 0.141666666666667
0 0.3342293906810036 0.15883446170184523 0.0530167264038232 0.09690694278507894
0 0.7859916367980885 0.2995486525952476 0.13216845878136205 0.2163812558077791
0 0.927494026284349 0.367250763308111 0.14187574671445638 0.1659365458648613
0 0.8629032258064516 0.361277047656976 0.06197729988052565 0.08495951148280895
0 0.7837514934289127 0.8245718837116688 0.14859617682198326 0.1778839771671313
0 0.7775533554001738 0.8814549316341431 0.2102756070013253 0.23589539360148667
0 0.6527031063321387 0.9467011814682066 0.08213859020310638 0.10088941988583568
0 0.47502463043206916 0.9597769812823577 0.10446089445246871 0.07925129430505766
0 0.5272550776583035 0.726337448559671 0.07915173237753878 0.1858489313686446
0 0.6280615292712067 0.5683658568963229 0.15681003584229386 0.20708880923934686
0 0.9525089605734768 0.5258861011549184 0.09184587813620076 0.13805920615956463
0 0.9820041816009557 0.7323111642108059 0.03434886499402627 0.134076729058808
0 0.40628733572281966 0.6977963626709147 0.06272401433691759 0.0995619275189168
0 0.3222631710795083 0.9046860480552236 0.18148918950167647 0.18943316075932562
0 0.04297341696535246 0.5950512899935441 0.08594683393070492 0.06399080512979373
0 0.0799731182795699 0.5092924465684322 0.05077658303464755 0.05708217177751234
0 0.057103378754171326 0.9252621797424665 0.11145035121328223 0.14828089738484002
0 0.19982078853046598 0.8929377406079916 0.06645758661887692 0.12080180538961897
0 0.21918202764976963 0.35705751834784094 0.04740303379416282 0.07787165045229556
0 0.21851531831370546 0.3171758548102634 0.04400281618023554 0.06352999184540402
0 0.262518134493941 0.30271567009918265 0.022668117426181945 0.04124708425783697
