0 0.067708333333333 0.79212962962963 0.067708333333333 0.080555555555556
0 0.012243783602150567 0.8223192951015532 0.022576444892473117 0.07653823178016726
0 0.13615171370967744 0.5572356630824373 0.04672799059139785 0.05787037037037037
0 0.15032762096774197 0.6902441756272402 0.08243027553763443 0.14094235364396654
0 0.3905304939516129 0.26601702508960573 0.2698672715053763 0.20534647550776583
0 0.44487147177419356 0.877389486260454 0.19478746639784947 0.10640681003584229
0 0.4829364079301075 0.7751829450418161 0.07875504032258064 0.06813769414575867
0 0.6528897849462365 0.9561678614097969 0.11466733870967742 0.06645758661887693
0 0.6856518817204301 0.8919504181600956 0.07770497311827956 0.07541816009557945
0 0.750966061827957 0.7959976105137395 0.08568548387096774 0.1015531660692951
0 0.75329756697649 0.6571087216248507 0.015092491343174759 0.0323998137010712
0 0.8672031620193184 0.5945872061235647 0.02534399489702928 0.03290606079015042
0 0.923444049571715 0.48903468805054373 0.017655367231638505 0.0242998602758034
0 0.8773122835793694 0.6730555049308468 0.028476398760707223 0.03088107243383347
0 0.8966762347366504 0.729248931818642 0.02961545471113547 0.035943543324625946
0 0.9325564971751412 0.6490087681995829 0.1304219063240387 0.10428690035032302
0 0.87427360056926 0.8538108791903858 0.053615196078431356 0.08521329678824927
0 0.8309120018975331 0.8981745027760207 0.0988298545224541 0.14495045329959932
0 0.9396248418722328 0.9513230023192074 0.11810167615433272 0.0957551479373111
0 0.14038231780167262 0.8799946900305323 0.08736559139784944 0.0584096641444312
