0 0.883333333333333 0.285648148148148 0.071875 0.086111111111111
0 0.19177812745869394 0.5641081679634001 0.3229084710201941 0.2928577672873503
0 0.32618672960923156 0.6537139027304253 0.17702596380802516 0.18358248098610014
0 0.4544485969053239 0.438077337762625 0.11719774455809073 0.08159221377160017
0 0.4278127458693941 0.5728501908675001 0.09834775767112512 0.1529854008217501
0 0.5007899452933409 0.5596428346852794 0.08194208639879268 0.23685258546605456
0 0.5576777966421429 0.6403403969900857 0.05777211846821351 0.3458466955920266
0 0.6472835314091681 0.7440944056676936 0.13676664780230144 0.18445157098241416
0 0.7928928504055838 0.7587666897231129 0.21694019996227124 0.18235553040306862
0 0.705939916996793 0.3154541071915152 0.0536455385776269 0.04401685216625793
