0 0.1828125 0.853703703703704 0.08125 0.096296296296296
0 0.6870224957555178 0.24454505439225302 0.25997453310696084 0.1540589825819028
0 0.5243173457838144 0.6147582217191725 0.10080645161290315 0.07702949129095131
0 0.7440577249575552 0.6658492108407218 0.09461658177702312 0.19178771301012382
0 0.9142791454442557 0.8466327108092813 0.11495472552348608 0.11318619128466323
0 0.882165303649856 0.7797549935214634 0.08329547175526279 0.08245410335369437
0 0.8435938209904589 0.8533747286586905 0.07146372860820835 0.09675736618035567
0 0.523260155316607 0.7196999867250764 0.04816308243727604 0.0736758263639985
0 0.4584826762246117 0.8494623655913979 0.09483273596176821 0.08894198858356565
0 0.396318697729988 0.7595247577326429 0.028748506571087174 0.031196070622594024
0 0.4717103117841132 0.9632616487455197 0.05781727828746176 0.07228195937873358
0 0.5309139784946236 0.9476968007433957 0.028375149342891245 0.10088941988583568
0 0.6175328554360813 0.9486924200185849 0.055256869772998846 0.09226071950086281
0 0.21008921041534895 0.5749276711879495 0.060635410078009676 0.06669184997774497
0 0.16610874416717386 0.7682536462207794 0.04438019882329074 0.06875408579608223
0 0.05167925683952634 0.815321446395354 0.04125833673608275 0.05860290670417255
0 0.012547638491901455 0.7599322474781846 0.017013747107662992 0.046126158825219706
0 0.07422247175717979 0.8614476052205737 0.041258336736082764 0.03894257671309522
0 0.05891009936028311 0.9527547146983651 0.04083299305839117 0.03856449344403605
