0 0.47578125 0.287037037037037 0.080729166666667 0.096296296296296
0 0.1743451155342027 0.19495920079310614 0.3467455959734614 0.3546099290780142
0 0.6851692976435598 0.20576272909835025 0.16014641958361933 0.17285645288390655
0 0.7280656600320292 0.5038130099900863 0.19732326698695954 0.19700551615445233
0 0.425288835506749 0.3970487302676734 0.17659002516586592 0.14616538295330334
0 0.9750378917867765 0.10907768479761874 0.04925217341569445 0.08879265066491379
0 0.9690002287805993 0.4402628434886499 0.05290551361244564 0.12074531635272887
0 0.6912462823152595 0.37226416533211326 0.14799245024021968 0.1321843463229873
0 0.7001830244795242 0.4142072752230611 0.09866163349347984 0.06863417982155118
0 0.5797157401052391 0.6480718879483464 0.1251143902997026 0.11947431302270005
0 0.4939230153283002 0.5489336282061059 0.10366620910546781 0.10422227306235538
0 0.3945464424616792 0.5997737614072549 0.14799245024021965 0.17539845954396396
0 0.334491535117822 0.6518848979384326 0.21519675131548846 0.1499783929433894
0 0.3813200640585678 0.7338646127252852 0.09437199725463276 0.06990518315157984
0 0.3041066117593228 0.8355448791275831 0.20733241821093568 0.14362337629324584
0 0.1604037977579501 0.5622791631714076 0.12010981468771445 0.13345534965301606
0 0.06567433081674676 0.7376776227153715 0.10652596659803248 0.20208952947456724
