0 0.433854166666667 0.152314814814815 0.082291666666667 0.097222222222222
0 0.32314657611771375 0.2579073130855813 0.06632003395585745 0.1493428912783751
0 0.6129495736002967 0.34602232933712357 0.08226733407489802 0.09269558769002598
0 0.5243094178717094 0.3409137725044287 0.0374644666913855 0.05836388854557188
0 0.7606686827956989 0.24835722819593792 0.10836693548387097 0.1135005973715651
0 0.6300403225806451 0.5462962962962963 0.15120967741935484 0.08811230585424133
0 0.6359206989247311 0.7374551971326165 0.06720430107526881 0.18070489844683393
0 0.6172217816057874 0.9009109916367981 0.1751666518421885 0.19698327359617682
0 0.41795474910394265 0.6805057745917962 0.11144713261648741 0.09060135404221417
0 0.39695340501792115 0.6142970927917165 0.045922939068100306 0.04978096375945834
0 0.3114545997610514 0.5814932814136319 0.0945838311429709 0.1084118766317094
0 0.23885736094517457 0.6047243978347124 0.0522700119474313 0.11062436390990747
0 0.23304958183990437 0.6589303361505672 0.04065445373689101 0.0626871395489475
0 0.2498506571087216 0.712767526586722 0.057662949688039304 0.09366196144372167
0 0.470338842426656 0.32668849654114496 0.050610646488782704 0.03539979645117039
0 0.1889202970845804 0.4713631156930126 0.08140727192107308 0.11639507815098102
0 0.17191233572281953 0.3108323377140581 0.031735364396654725 0.0547590601354042
0 0.8181893504197968 0.4864895828218851 0.0962034172926794 0.11701936138524738
0 0.7429297392841362 0.5204497471399814 0.09390190013256731 0.08019508682345627
0 0.7173828988068935 0.5495000081831721 0.031760936809544754 0.08919657616078301
0 0.9399781586021505 0.16771206690561535 0.11655745967741936 0.10640681003584229
0 0.9363029233870968 0.6176075268817204 0.12390793010752688 0.07280465949820782
0 0.19069220430107528 0.6502389486260454 0.03192204301075269 0.07586618876941457
0 0.6472032671629446 0.4886958919216984 0.0847808105872623 0.07122507122507118
0 0.6297559966914805 0.41517323775388293 0.07831885856079406 0.07673927028765738
