0 0.896614583333333 0.475462962962963 0.155729166666667 0.184259259259259
0 0.2846809564233164 0.09756020876564171 0.0866581777023203 0.09274979563604353
0 0.08884231748726658 0.20243821920392382 0.17768463497453316 0.3685310947619947
0 0.20537866147571376 0.28577019733860665 0.07125973303670746 0.06694681333168538
0 0.1575824990730441 0.25487166810859807 0.046347793845012975 0.09166563671569236
0 0.3389182424916574 0.33932764800395504 0.07994994438264742 0.1369834795863717
0 0.45073229514275126 0.5427429654348453 0.24911939191694474 0.23070901825073137
0 0.388452447163515 0.636468504099205 0.06314886911383018 0.14831294030404157
0 0.4805686874304784 0.7646974004037408 0.06894234334445681 0.1946607341490545
0 0.474195865776789 0.7317389692250649 0.1454162031887282 0.12462406789436818
0 0.675011200716846 0.3996083897517589 0.10827359617682211 0.11283685118810569
0 0.6344086021505376 0.35314615690959783 0.39109169653524506 0.557546794105934
0 0.80055256869773 0.4361144298420284 0.05133661887694147 0.15266162219567245
