0 0.718229166666667 0.314814814814815 0.057291666666667 0.074074074074074
0 0.5612539202508962 0.41598217841497415 0.03115199372759854 0.04915870171246513
0 0.6305744608117347 0.41677888964855214 0.09109484741127478 0.06008245799407461
0 0.3763440860215054 0.5809770343820524 0.12544802867383517 0.253551042081508
0 0.546594982078853 0.8066507367582637 0.11200716845878134 0.266825965750697
0 0.8915583930704899 0.5365060400902695 0.16801075268817203 0.32357626443647947
0 0.7778134164222873 0.6581676984902792 0.051166911045943377 0.1031823612468774
0 0.8622006353861192 0.7606712284131639 0.12524437927663742 0.28375149342891276
0 0.7281776646813218 0.9136390789616596 0.18100097941151935 0.1715270989464537
0 0.6525690371456501 0.591642228739003 0.11226173020527856 0.11404366243075925
0 0.1935942082111437 0.3092483979580754 0.21154081133919841 0.1873574454219615
0 0.11187988758553274 0.7443792766373412 0.0511669110459433 0.20772238514174
0 0.2869991898659596 0.5388618844208769 0.08515613492414198 0.07937676961097198
0 0.8966733870967742 0.32616487455197135 0.029905913978494625 0.05973715651135006
0 0.6434948422064866 0.3397247234121087 0.030323891948596908 0.04516711833785005
0 0.5536159192237083 0.292614933317792 0.021581869044496903 0.03642509543375005
0 0.9711841070023602 0.3642509543375004 0.05682314887665018 0.0835348855280667
