0 0.344791666666667 0.416203703703704 0.082291666666667 0.097222222222222
0 0.1051747311827957 0.31144215452011154 0.05005320340501791 0.0902279968140183
0 0.15522793458781364 0.31704251294305064 0.026951724910394277 0.041691557148546374
0 0.2656600022401434 0.09333930704898447 0.02170138888888894 0.026135005973715653
0 0.2574344758064516 0.15369872560732778 0.018551187275985637 0.017423337315810427
0 0.23083277329749105 0.31642025089605735 0.02905185931899639 0.03795798486658703
0 0.3018873207885305 0.3419329948227798 0.02415154569892473 0.035468936678614095
0 0.35754088261648753 0.21623606133014736 0.06965445788530468 0.06409299084030265
0 0.11567540322580645 0.2006795101553166 0.07175459229390682 0.06409299084030268
0 0.09639961219813149 0.6561294239771236 0.05178036312356779 0.15277043304541985
0 0.17241759210294377 0.5890475351078207 0.07601797990481228 0.07736451417043698
0 0.197481491274458 0.6414399592612179 0.06334831658734358 0.06267504945453117
0 0.26082980786180154 0.6869772998805257 0.04572095892825662 0.09303327653406972
0 0.3343689405958047 0.7251699081418806 0.1333068922968447 0.1380809683295141
0 0.40680636347611493 0.6654327516305306 0.0975013220518244 0.21838337544313222
0 0.28534285210646926 0.5601582544998728 0.08923849814912746 0.09597116947725097
0 0.5040322580645161 0.6487846916191709 0.08703507844174159 0.17921146953405026
0 0.5563666419478432 0.5819223004984962 0.1162557162279076 0.11192133921092023
0 0.6031006674082313 0.431206141254343 0.07608762822889628 0.12222084895425649
0 0.6403720182919294 0.3608261580082121 0.025491286614757126 0.08170944396380067
0 0.6965687183290076 0.34125708949587336 0.0529137313063898 0.08514261387824609
0 0.6285919540229885 0.27946003103585604 0.019697812384130486 0.059050522528461005
0 0.6345785440613027 0.6722146692484104 0.10273760968977877 0.18127137148271735
0 0.7319089111358299 0.5911918592674988 0.1305462859967866 0.3680358148285475
0 0.750448028673835 0.5396943105508177 0.0787912495365221 0.13046045674892542
0 0.943177604746014 0.6155673656600613 0.06025213199851697 0.07346983616913173
0 0.8999196638240019 0.605267855916725 0.03167099246075879 0.07896290803224439
0 0.8871740205166235 0.5324846537304824 0.0787912495365221 0.09406885565580408
0 0.6146562147100703 0.8845247577326429 0.14871176412824658 0.22975574140448704
0 0.5478168784620396 0.932641830491293 0.06109481915933527 0.13124072263857212
