0 0.844010416666667 0.108796296296296 0.111979166666667 0.132407407407407
0 0.595052083333333 0.227777777777778 0.090104166666667 0.107407407407407
0 0.424739583333333 0.253240740740741 0.084895833333333 0.100925925925926
0 0.95625 0.139351851851852 0.0875 0.102777777777778
0 0.898697916666667 0.208796296296296 0.094270833333333 0.112037037037037
0 0.748177083333333 0.264814814814815 0.106770833333333 0.125925925925926
0 0.70390625 0.294444444444444 0.100520833333333 0.118518518518519
0 0.6166609874299561 0.11970148249112354 0.05963198546115398 0.05132347249566695
0 0.6180807966076027 0.0692193783970249 0.03218234135998787 0.04627526208625708
0 0.7224367711646221 0.09782590405034747 0.043067545055277934 0.04627526208625708
0 0.689781160078752 0.1125498510777929 0.0260298349235195 0.04543389368468878
0 0.8009995456610632 0.24043784811617613 0.060105255187036216 0.05553031450350853
