0 0.112239583333333 0.339351851851852 0.096354166666667 0.113888888888889
0 0.5475434683138869 0.7510231576806731 0.16872569206131316 0.2974147792267215
0 0.28516071837108214 0.822834845827296 0.25594829558453436 0.19192150283433745
0 0.17791981239990845 0.6677724395637916 0.1830244795241363 0.22496758941508416
0 0.16318285749598319 0.6073277578653923 0.09385428253615129 0.08582924786113515
0 0.2970121122234582 0.6021780029937241 0.09733036707452726 0.11535450912536564
0 0.4244685452972438 0.6437193589585135 0.07415647015202081 0.10917480327936387
0 0.3520501174144111 0.6907537867864157 0.04055431961438633 0.09338222167291503
0 0.15912742553454456 0.5170353891154781 0.04480286738351256 0.09200895370713692
0 0.462512359411692 0.5589200620717121 0.0343746137683846 0.10848816929647481
0 0.735576367210082 0.4197081229686156 0.0664816741819864 0.05459847638134144
0 0.67035929009134 0.6544815714083837 0.10658746675916285 0.08093421204763544
0 0.5775017343045439 0.6204378155470767 0.07479188345473463 0.07065685178761834
0 0.7363982280781464 0.7755481515136218 0.17700287747993335 0.13630168105406637
0 0.7379032258064516 0.8697729988052568 0.2110215053763441 0.21983273596176822
