0 0.533333333333333 0.38287037037037 0.04375 0.080555555555556
0 0.5194145758661888 0.5424797557414045 0.1366487455197133 0.20576131687242805
0 0.41444715619694406 0.4515657423127712 0.05084535936615731 0.07309941520467836
0 0.710659124669227 0.08919591008863324 0.21267233786058454 0.17839182017726649
0 0.9028350837709428 0.425675863410297 0.19067266816704181 0.3056319635464421
0 0.9344836209052264 0.8299435970103637 0.1273755938984747 0.1500375093773443
0 0.8390550328554359 0.7803166069295101 0.06253733572281951 0.14021638125580774
0 0.6526814671156255 0.980157893503877 0.10506776239907734 0.03848946986201892
0 0.6113559639909978 0.716026228779417 0.0640785196299075 0.1361451473979606
0 0.7786178315412188 0.17952260055754682 0.0780549955197132 0.1337863401035444
0 0.31350806451612906 0.3744772998805257 0.053343413978494625 0.0739247311827957
0 0.48949932795698925 0.2897252090800478 0.018061155913978496 0.032855436081242535
0 0.5714045698924731 0.18779868578255676 0.014700940860215055 0.027628434886499402
0 0.5680443548387096 0.2561230585424134 0.023941532258064516 0.017921146953405017
0 0.37672211021505375 0.4218936678614098 0.021001344086021504 0.025388291517323774
0 0.7865516726403823 0.6277711403159432 0.1801448626045401 0.154320987654321
0 0.4192614994026284 0.8185981680605336 0.06907108721624854 0.08130890747378187
0 0.42495519713261654 0.40481879729191556 0.020161290322580645 0.02986857825567503
0 0.13541666666666666 0.9239346873755476 0.08736559139784948 0.14536041417761858
0 0.44161928521698773 0.7585028751192594 0.021273303937495176 0.034381097272719416
0 0.38817788686302 0.7503506311360448 0.03009583917718557 0.027531037348709087
0 0.32345722300140245 0.8059321593683444 0.029803646563814852 0.06285387772063798
0 0.32656527813055625 0.5493889876668643 0.030427144187621744 0.04703713111129923
