0 0.6953125 0.481944444444444 0.155208333333333 0.184259259259259
0 0.32712577815506516 0.5047160913035277 0.31126202603282405 0.36628309124064656
0 0.8559175155631014 0.5337986543419482 0.19453876627051495 0.10689806954662648
0 0.9487655631013016 0.7177262151795258 0.08135257498585168 0.24838080865245557
0 0.8201046972269382 0.6241904043262279 0.14767260894170908 0.14305476954033838
0 0.5994800509337861 0.7530968999559832 0.13440860215053763 0.14934289127837516
0 0.48762026032824 0.5070741369552916 0.15120967741935484 0.13833867823681065
0 0.31651457272212796 0.7200842608312897 0.26174306734578384 0.17135131736150414
0 0.04507857733664185 0.5379101185552798 0.08788254755996691 0.08156419446742035
0 0.057356286186931345 0.3994807462549398 0.11243796526054592 0.10568881536623471
0 0.15225274417562726 0.5161663679808841 0.05530353942652333 0.06658203902827561
