0 0.358072916666667 0.52037037037037 0.149479166666667 0.177777777777778
0 0.5287021913706275 0.24083904239069612 0.05444399074452156 0.037052160367799375
0 0.48361576153532054 0.33346944331019457 0.08847148495984754 0.06503032227817852
0 0.29296739507457514 0.24210249097519307 0.07226268932824602 0.08864223224264847
0 0.24250608642726715 0.28753860372850026 0.05008622438628526 0.1284912423074322
0 0.08178636640292149 0.43462726268569235 0.15596469872185026 0.3685669845134239
0 0.37279367011564213 0.5783345731611099 0.0811523635625887 0.10820315141678498
0 0.5706025562994521 0.6234192195847704 0.05452424426861435 0.2705078785419625
0 0.11950953540271861 0.7378215098848087 0.20224690606613915 0.17470300489168408
0 0.7855702764976958 0.7568697729988052 0.03792242703533035 0.25772316094896736
