0 0.523958333333333 0.231944444444444 0.089583333333333 0.106481481481481
0 0.42813774564330737 0.5139455361924773 0.16028612038066986 0.37558878864032735
0 0.37367908787541715 0.38451503041788543 0.10312384130515391 0.10299509743336223
0 0.5139290965903869 0.2832613424011273 0.10138084734858925 0.11947431302270012
0 0.2968785746968657 0.1889219349754697 0.07185140700068635 0.10994178804748468
0 0.3462093914436056 0.17144563918757474 0.04468371082132236 0.036859096570833035
0 0.08346917181423015 0.40499250108035284 0.1447752230610844 0.1264648313378581
0 0.25559082589796384 0.07262513027784138 0.025737817433081654 0.04257861155596227
0 0.28079243880118965 0.07135412694781267 0.026095287119652255 0.038765601565876114
0 0.6500237191650854 0.22485768500948763 0.023323845667299205 0.07027900766041185
0 0.6858001265022138 0.45818399044205493 0.10673624288425035 0.077306908426453
0 0.8753557874762808 0.43358633776091077 0.09527197975964578 0.08995712980532716
0 0.7897691334598355 0.2740529903717759 0.060088551549652175 0.07027900766041183
0 0.870611954459203 0.16863447888115818 0.09764389626818466 0.10401293133740953
0 0.8003421309872923 0.601048891371472 0.0226923614020389 0.10822510822510822
0 0.852490923055439 0.5911573492218654 0.03752967462644872 0.10938881906623839
0 0.9522289426523296 0.2708914111243861 0.08913903823178018 0.12030399575202448
0 0.46406606386445093 0.02165019369320451 0.02698354512870648 0.0380145541435864
