0 0.39609375 0.433796296296296 0.128645833333333 0.152777777777778
0 0.2603221606182796 0.7005114994026285 0.10605678763440861 0.10173984468339307
0 0.14717741935483875 0.7730459661699051 0.08046830786644027 0.07467144563918758
0 0.32380977645727227 0.5667169716405709 0.12600806451612906 0.11004213041564478
0 0.18940117430673464 0.4315223542727788 0.01724320882852294 0.05030497390429479
0 0.4430149096552489 0.6093128379460272 0.10184569338210839 0.11269999630491816
0 0.5087483493680437 0.7006015636462721 0.1179022825881909 0.2379006057557274
0 0.5977645727221279 0.605755727430883 0.12851348802112808 0.387767507178939
0 0.5859743444633088 0.7205139491500554 0.045981890209394465 0.15405898258190276
0 0.7074136955291453 0.6869772998805257 0.09667987172231647 0.13309857678844653
0 0.6279704993903115 0.9285394265232975 0.26299745039352623 0.14172640382317803
0 0.8805443548387096 0.31869772998805257 0.04939516129032258 0.07825567502986858
