0 0.7359375 0.415740740740741 0.06875 0.081481481481482
0 0.6792848535409715 0.1637210068800725 0.05272061549870225 0.0514975487166811
0 0.5975968668891362 0.5005149754871668 0.19060530218761582 0.16479215589337953
0 0.9250773867709351 0.3778103616813294 0.11404366243075924 0.10408746967886753
0 0.8265619908765071 0.552948843271424 0.17259286412512215 0.10499257811085767
0 0.977197207287933 0.5301672640382318 0.04480286738351244 0.07467144563918758
0 0.4828954214360041 0.40686142264359404 0.024930627818244823 0.03211675081255379
0 0.30001300728407904 0.297664469880911 0.23846687478321188 0.18306547963155667
0 0.3796826222684704 0.47687593941496126 0.09430280957336111 0.3256638532392956
0 0.0720374871115039 0.5814143794700578 0.14223376049491826 0.09246984501071998
0 0.048562012078362055 0.43943634310404095 0.09528281042863455 0.0932881622232042
0 0.0807832523199293 0.38788235871753324 0.13394829871851524 0.11129114089785767
0 0.3196807335395493 0.5834601725012685 0.04372882604212695 0.054008936023960355
0 0.07456915598762705 0.7626716420353187 0.08469583149211961 0.1734832490466604
0 0.35719086021505375 0.1057347670250896 0.019937275985663132 0.026682596575069703
0 0.5454122378035924 0.5305089457177514 0.06746141939597763 0.04791457043813529
0 0.21438172043010761 0.4767688835789194 0.4206491437674233 0.39824771007566695
0 0.4327956989247312 0.7040373008114944 0.10560675883256535 0.10473397570171752
