0 0.014322916666667 0.8125 0.0484375 0.058333333333333
0 0.7714700056593095 0.6454128151921023 0.08046830786644027 0.11633025215368167
0 0.6348507357102435 0.4567691630509967 0.08842671194114325 0.27982141734263977
0 0.8797927277872098 0.40096208262591965 0.23521505376344087 0.32541029994340687
0 0.8758135257498586 0.6367666478023015 0.03625495189586876 0.03615669999371192
0 0.9843838426711942 0.7081161685575947 0.030560271646859035 0.027940819791414093
0 0.9920946519524618 0.5809595673772244 0.014148273910583006 0.025152486952147293
0 0.6809346567411084 0.6861042183622829 0.3230976013234078 0.1317280887173359
0 0.6423670062252406 0.6359806325850468 0.02741228070175438 0.02515248695214743
0 0.6987732848705135 0.6295707338415198 0.02319021656822658 0.024399683645480987
0 0.6920122887864824 0.8546893667861409 0.10140649001536088 0.08533879501621439
0 0.6005064324116745 0.8509557945041816 0.09120583717357908 0.07787165045229563
0 0.5750048003072197 0.9288274449564771 0.1230078725038402 0.09707287933094372
0 0.43789602534562216 0.8525558969107355 0.08760560675883258 0.17281105990783407
0 0.4081941244239632 0.8776241679467486 0.08580549155145922 0.060803891449052704
0 0.8012192780337942 0.8765574330090458 0.05220334101382482 0.1312083973374296
0 0.8774241551459292 0.8418885475337088 0.0918058755760369 0.13440860215053763
0 0.8663234447004609 0.9144265232974911 0.08520545314900149 0.13867554190134834
0 0.8154155659065627 0.9857164191841612 0.07061376065999281 0.027372418501450817
0 0.7214279895731509 0.724991854024112 0.025863473444118615 0.030773686687665173
0 0.7404692082111435 0.7166648564498026 0.02199413489736072 0.028601426450888746
0 0.1548779121863799 0.6583532457188372 0.10547341696535244 0.15515067038364533
0 0.08534012843488646 0.6612571352714721 0.03640232974910396 0.02654984733837788
0 0.12827620967741932 0.5260188503916103 0.04293608124253287 0.06471525288729592
