0 0.776041666666667 0.318518518518519 0.134375 0.159259259259259
0 0.7688172043010753 0.5077658303464755 0.08907739906674772 0.12172854534388317
0 0.8227699530516431 0.5855924074915443 0.06531122217174021 0.07488178773957971
0 0.7271623278626672 0.7619107505921314 0.0465714016223354 0.1467228405541931
0 0.7313268049155146 0.6894521249359957 0.02256144393241174 0.06400409626216076
0 0.77485969628372 0.7113437716154184 0.03183361629881161 0.10532603911211719
0 0.579978582043885 0.5009664791988422 0.04972025526706881 0.05779448475488339
0 0.3260941331824184 0.6026116665618646 0.0698571024335031 0.0953698463602256
0 0.47628083491461104 0.7899009065991986 0.04875606156441076 0.11478904584533937
0 0.29903732020667506 0.6924001924001925 0.03338395475492248 0.0760291082871728
0 0.4495924102778941 0.6078372046113982 0.01549190057254569 0.03180809632422533
0 0.19190319089512636 0.4837080482241773 0.01898303309593629 0.04266939750810713
0 0.9360642717497557 0.43075920495275344 0.11760752688172044 0.13983925274247858
0 0.9162084555229718 0.17687628977951564 0.07025904203323555 0.08553274682306938
0 0.8694163903125314 0.2364363157248294 0.01664405587378158 0.03852209158208556
0 0.8859034267912771 0.245648120233589 0.015701939503567363 0.0312643062115477
0 0.8552846447593205 0.27886644558335844 0.010991357652497351 0.03628892685268927
0 0.9634710079389006 0.28221619267745285 0.02951964626670675 0.06978639779363327
0 0.9609586976183297 0.16022956933418192 0.015701939503567516 0.043546712223227146
0 0.9559340769771881 0.10077155841400641 0.010049241282283137 0.025123103205707976
0 0.9402321374736207 0.04717560490849607 0.01004924128228329 0.024006520841009835
0 0.9240591397849462 0.12980269989615784 0.01978444377449502 0.02177335611161358
0 0.8711436036579236 0.3310666711329961 0.024495025625565183 0.021215064929264466
0 0.6315609622744669 0.3814571816212057 0.019933479132494995 0.03898102585910134
0 0.6752722343721523 0.40980701860964297 0.039582194277382896 0.0906182289451836
0 0.5012814379442317 0.5558593038090032 0.022496355020958588 0.03037482534475425
