0 0.742708333333333 0.498611111111111 0.170833333333333 0.202777777777778
0 0.5579194963214488 0.36873545871848074 0.15916808149405767 0.1446267999748475
0 0.5455397566496888 0.48742375652392633 0.06543576683644595 0.11790228258819097
0 0.24931027164685912 0.39388794567062824 0.04244482173174871 0.05030497390429486
0 0.02567453205894069 0.20130652183532557 0.0513490641178814 0.134946332754239
0 0.30925838077166345 0.6206456298170403 0.05336812144212525 0.1417293321151638
0 0.4403726544381193 0.7401199428397404 0.09158233185747416 0.13470143134912269
0 0.5342610162344508 0.8062993417199614 0.12254901960784315 0.09370534354721571
0 0.6584572000843348 0.784629981024668 0.16669302129453945 0.10424719469627769
0 0.5988298545224541 0.6118607538594888 0.15812776723592661 0.24129125963408046
0 0.5088947174100623 0.9524757732643037 0.24269982908535775 0.09385371034116552
0 0.6933243727598567 0.8531129696004248 0.11424731182795707 0.10752688172043011
0 0.7235663082437277 0.6692552767821585 0.10752688172043018 0.0955794504181601
0 0.6918309438470728 0.6234567901234567 0.06197729988052565 0.09159697331740338
0 0.38941158900836315 0.880326563122262 0.05600358422939071 0.07964954201513337
0 0.11450866188769408 0.8501261117748573 0.18947879330943848 0.2704765697597239
0 0.9078803265631222 0.6404929421655826 0.042313819195539684 0.1427054294437807
0 0.17053091397849462 0.6247013142174432 0.11424731182795698 0.10752688172043011
0 0.27553763440860213 0.7576164874551972 0.08400537634408602 0.08363201911589008
0 0.9559811827956989 0.31033452807646356 0.08568548387096774 0.15382317801672638
0 0.9685819892473119 0.4141278375149343 0.05880376344086022 0.05973715651135006
0 0.04251181166503747 0.7792259512689621 0.07076816552623004 0.1031823612468774
0 0.24781586021505375 0.5560035842293907 0.04704301075268817 0.053763440860215055
0 0.07561728395061726 0.7769296576544684 0.023645957785742737 0.01843739398498459
0 0.17040853577591927 0.773979674616871 0.0522700119474313 0.05531218195495377
0 0.08108345021037867 0.6906134746246948 0.024251986909770918 0.015064152511557936
0 0.07377863487611032 0.6186691600436339 0.01782374941561477 0.018700327255726932
0 0.13820710612435716 0.6630824372759857 0.019284712482468436 0.028569944418471774
