0 0.276041666666667 0.274074074074074 0.171875 0.203703703703704
0 0.430142897566497 0.31135634785889454 0.16535795132993777 0.34741872602653584
0 0.3235887096774194 0.05039929573036533 0.0937323146576118 0.09589385650506191
0 0.15071448783248448 0.5102181978243099 0.2997665534804754 0.35213481733006347
0 0.4071519524617997 0.7326605043073634 0.33690577249575554 0.4323083694900332
0 0.7316779852857951 0.8788593347167202 0.19365449915110347 0.23737659561089108
0 0.8988044708545557 0.3231465761177137 0.19542303338992634 0.15720304345092123
0 0.6180742234169654 0.44109252621797423 0.3229540023894864 0.4281162883313421
0 0.7192727001194743 0.23782025753351924 0.05488351254480292 0.04048851719102615
0 0.913875821385902 0.6079581373488183 0.17157631421744315 0.22753183290817708
0 0.2918533452807646 0.6286008230452675 0.2809513142174433 0.2024425859551307
0 0.1252426821983273 0.7082503650604008 0.1885454002389486 0.25554228063188633
