0 0.59765625 0.36712962962963 0.055729166666667 0.065740740740741
0 0.7166454442558009 0.4866377413066717 0.17243208828522913 0.42130415644846886
0 0.7842918788907753 0.4968559391309815 0.12379739671760039 0.11161416085015408
0 0.9271010186757216 0.4889957869584355 0.12468166383701178 0.0833176130289882
0 0.9388440860215054 0.2907125346694914 0.12163978494623656 0.18980084749404777
0 0.9149142507145773 0.36522843791116555 0.050190553967605904 0.04536999228710137
0 0.7678448867536032 0.12346526347899038 0.04575611988103405 0.04512061821601973
0 0.5387931034482759 0.32284843241461714 0.1911846496106786 0.2029003419437235
0 0.5104050797182055 0.5999052445103613 0.09153689284390058 0.10608495035636298
0 0.5329996292176492 0.5010299509743337 0.09617167222840195 0.07518642112635436
0 0.30854588647161796 0.26521908254841486 0.2875718929732433 0.12919896640826875
0 0.3702583632019115 0.07923470065047125 0.03220206093189962 0.03235762644364795
0 0.06761408339889849 0.4451033339485127 0.13522816679779698 0.20929050389667567
0 0.053271702071859425 0.36511382437599765 0.10654340414371885 0.10759163744564555
0 0.3741039426523297 0.7369573874950218 0.3987455197132616 0.2681534581176158
0 0.2482825567502987 0.5629255087140391 0.4965651135005974 0.4139168610494775
