0 0.413020833333333 0.094444444444445 0.063541666666667 0.075925925925926
0 0.30899830220713076 0.5377287304282211 0.2750070741369553 0.17763943909954089
0 0.02163801641199776 0.46451015531660717 0.04327603282399552 0.3739049235993214
0 0.13568194680249013 0.3907438848016098 0.1193760611205433 0.10375400867760803
0 0.1990058398220245 0.282165368928439 0.11297274749721915 0.09887529353602768
0 0.3015503337041157 0.04991142421620729 0.055038005190952935 0.06488691138301816
0 0.34123563218390807 0.14672681580356775 0.05329996292176497 0.07106661722901993
0 0.3887421208750464 0.16629588431590656 0.031284760845383765 0.08960573476702513
0 0.4449388209121246 0.059180982985209886 0.06952169076751946 0.06488691138301816
0 0.5338686503522432 0.13282247765006386 0.16859010011123476 0.15037284225270878
0 0.6407582499073045 0.14621184031640094 0.09733036707452723 0.08239607794668974
0 0.6033903411197628 0.28989000123594116 0.13151186503522436 0.1472829893297079
0 0.5303925658138673 0.7281341408148974 0.15816184649610684 0.12977382276603636
0 0.5990452354467928 0.6683969843035471 0.19813681868743052 0.17097186173938117
0 0.6332267334074898 0.529868578255675 0.16916944753429733 0.13904338153503898
0 0.6607457360029663 0.4649816668726569 0.0955923248053393 0.0957854406130268
0 0.5663121060437524 0.5175091665636716 0.0921162402669633 0.0772463230750216
0 0.7231366917071734 0.4152959853357555 0.10310796877301506 0.0810134040359405
0 0.6407423773751657 0.39401973781116517 0.18872440712917962 0.15793522200945975
0 0.6738842244807777 0.20621593754603032 0.0791721903078509 0.10147133434804669
0 0.6968993960818972 0.29173008625063424 0.07364854912358224 0.11210945811034194
0 0.7788334069818825 0.15302531873455427 0.08009279717189581 0.08674162452333024
0 0.730731698335543 0.0499173499615391 0.018872440712917916 0.08019508682345625
0 0.01452242943548388 0.18228123462646717 0.02904485887096776 0.06834084440227707
0 0.08898347272003185 0.3263197486614452 0.07964954201513341 0.08739324748882692
0 0.04200268817204301 0.029846453382893073 0.05164774990043807 0.05420593831585468
