0 0.692447916666667 0.345833333333333 0.113020833333333 0.134259259259259
0 0.26170869301832506 0.5694128931293857 0.1533393911858246 0.284382519730089
0 0.3175545206724217 0.38304979218200486 0.10695895804937153 0.11021926060544872
0 0.2986237316371346 0.19079711242364583 0.02934272300469484 0.07067494573173808
0 0.5814023928517342 0.28671311020243323 0.06294487354232921 0.09759873458192406
0 0.3634616840829926 0.5222962626415603 0.07193699833409062 0.09086778736937756
0 0.18503899742541272 0.5096757366180356 0.0993866424352567 0.08413684015683105
0 0.1758102377707103 0.5891850505662409 0.06389141299409361 0.06310263011762322
0 0.30477623807360293 0.6018055765897656 0.06341814326821144 0.07151631413330635
0 0.16091696535244923 0.4137129961502721 0.132168458781362 0.06504712597902564
0 0.16220996038483307 0.3400825839988262 0.09343755895114128 0.04087279129723952
0 0.029495221027479094 0.2232178414974114 0.05749701314217443 0.13540422142572678
0 0.619026284348865 0.1409133147484402 0.13291517323775393 0.07168458781362005
0 0.46534731556152925 0.025321916898977854 0.10184158452807661 0.05064383379795571
0 0.8154121863799284 0.25175892738616756 0.07616487455197128 0.06770211071286342
0 0.4248967586099423 0.5670701089120911 0.0598994857410005 0.10562221875919862
0 0.4559126735567386 0.5463339945018617 0.07209781814385634 0.3178248715361149
0 0.5150398591027068 0.6323487002018705 0.08342602892102338 0.3028055864540848
0 0.05430480884109912 0.5887760520377008 0.10734020310633215 0.20576131687242813
0 0.05243802270011943 0.4510487189698659 0.09613948626045399 0.13938669852648355
0 0.8682235663082436 0.7016129032258065 0.19881272401433686 0.12943050577459198
0 0.8252874850657109 0.6120071684587813 0.28655167264038234 0.15266162219567236
0 0.6656789670902574 0.6683501683501685 0.16851987618116643 0.12037942145469033
0 0.6514235092864125 0.5307736866876652 0.10640681003584232 0.23623330074942975
0 0.670770202020202 0.5606422649433402 0.05345796676441835 0.09503638535896602
0 0.6992811176278918 0.7796785054849571 0.13593597262952092 0.21813113210962665
0 0.6786616161616161 0.8661163607400167 0.053967090257412885 0.15386843343832587
0 0.786850358422939 0.8534448426921546 0.15120967741935484 0.148437782846385
0 0.9294049364613881 0.9593425292350024 0.1369542196155099 0.07783932515115322
0 0.9637707722385142 0.31762065095398434 0.07025904203323555 0.12852539734260163
0 0.9311868686868686 0.18592737409941715 0.13440860215053763 0.1638246261902176
0 0.823252688172043 0.015314434669273446 0.15782828282828276 0.01991238550378335
