0 0.076041666666667 0.247685185185185 0.046875 0.082407407407407
0 0.09713166323495769 0.4053102519128601 0.13369366277739647 0.14743638628333208
0 0.25692061313200637 0.4447113551437505 0.12582932967284371 0.10930628638247034
0 0.8735558224662547 0.4103942652329749 0.10509608785175015 0.08134421312183837
0 0.948981926332647 0.3284145504461222 0.05862502859757497 0.2224255827550268
0 0.5886524822695035 0.4574213884440377 0.10009151223976209 0.2364066193853427
0 0.6751601464195836 0.5171585449553877 0.12296957218027912 0.14743638628333208
0 0.39168668496911463 0.6099417880474847 0.18373941889727752 0.21352855944482563
0 0.2794412033859529 0.5622791631714076 0.0793582704186685 0.08769922977198208
0 0.38703957904369707 0.5533821398612064 0.09008236101578584 0.09024123643203942
0 0.3405685197895218 0.7078090444596965 0.17873484328528938 0.1499783929433895
0 0.2193862960420956 0.7059025394646534 0.09508693662777395 0.11311929637255648
0 0.07854323953328758 0.6277358346678868 0.13655342026996112 0.12964233966292985
0 0.06876286890871654 0.7415996507230436 0.1375257378174331 0.12350535904795813
0 0.16505090368336764 0.7923307659066067 0.2552333562113932 0.2046315361346246
0 0.9908058796614048 0.35701212537176846 0.016443605582246563 0.10168026640229795
