0 0.369791666666667 0.315277777777778 0.158333333333333 0.187962962962963
0 0.6168925875085793 0.3449375937364957 0.06505948295584535 0.08515722311192453
0 0.8746282315259666 0.5184295482854165 0.07721345229924492 0.18556648618419375
0 0.8281571722717912 0.6493428912783752 0.15156714710592548 0.19065049950430857
0 0.7634551590025166 0.7433971377005008 0.08650766415008004 0.1296423396629299
0 0.6830244795241364 0.5146165382953304 0.13297872340425537 0.08388621978189587
0 0.6672958133150309 0.4529728767889372 0.10009151223976209 0.11820330969267132
0 0.6075983756577442 0.6042222730623553 0.1408430565088081 0.14362337629324592
0 0.4982126515671471 0.4548793817839803 0.12082475406085566 0.09405424642212558
0 0.4488818348204073 0.5330460865807468 0.0736387554335392 0.10040926307226929
0 0.3334191260581102 0.5133455349653016 0.208762296957218 0.25928467932585975
0 0.21509665980324869 0.5495691298711203 0.08936742164264466 0.08769922977198208
0 0.06460192175703501 0.5743536948066803 0.09580187600091512 0.09151223976206817
0 0.9607788231780168 0.5238954660101615 0.07777031063321382 0.1181480274670239
