0 0.717708333333333 0.489814814814815 0.080208333333333 0.094444444444445
0 0.9686427590940286 0.4542438801189659 0.046471059254175176 0.06482116983146495
0 0.38138728058082894 0.35576284859438984 0.03388934840547739 0.033697883160248784
0 0.39919354838709675 0.43132779871131127 0.04250528444076826 0.04595165885488465
0 0.5403513004319456 0.48519335436898164 0.04853643966547189 0.03625075309663126
0 0.6895441308243728 0.46577558741537234 0.04760304659498218 0.04729191557148544
0 0.6128892249103943 0.4402628434886499 0.053903449820788554 0.05600358422939068
0 0.7828987036478745 0.4804095624113712 0.05401467189227224 0.0474547504996706
0 0.7708082102301277 0.4268136089058609 0.03862677117877613 0.04522158577027435
0 0.9284274193548387 0.4327956989247312 0.04480286738351244 0.07964954201513337
0 0.2373991935483871 0.4459378733572282 0.0480510752688172 0.034050179211469536
0 0.30997983870967744 0.4002389486260454 0.04603494623655914 0.035842293906810034
