0 0.808854166666667 0.243518518518519 0.089583333333333 0.105555555555556
0 0.7325898857526881 0.1897899243329351 0.09100582437275975 0.0771604938271605
0 0.7679421482974911 0.3973143170051773 0.11340725806451613 0.06907108721624851
0 0.8620981742831543 0.3998033651931502 0.08470542114695345 0.06284846674631617
0 0.41109431003584224 0.10205097570688969 0.016801075268817203 0.02986857825567503
0 0.5014000896057347 0.143535112173105 0.02286813022700115 0.04148413646621531
0 0.5485364396654719 0.28292181069958855 0.077938321385902 0.05144032921810701
0 0.8420698924731183 0.20489844683393071 0.08400537634408602 0.0931899641577061
0 0.905241935483871 0.252389486260454 0.08938172043010753 0.06272401433691756
0 0.9386760752688172 0.3106332138590203 0.09442204301075269 0.06571087216248507
0 0.9601814516129032 0.22729988052568698 0.07829301075268817 0.09259259259259259
0 0.8646006540294866 0.01994728349899616 0.024248974614787738 0.03263988964022219
