0 0.038541666666667 0.451851851851852 0.085416666666667 0.101851851851852
0 0.9474391624221845 0.4261145695780671 0.10080645161290322 0.09903791737408042
0 0.5543824278438031 0.28463183047223795 0.020338143746462957 0.061309186945859316
0 0.1970556115591398 0.25948327359617684 0.025726646505376344 0.08027180406212664
0 0.20676873319892478 0.3640232974910394 0.025201612903225805 0.04853643966547192
0 0.3149256552419355 0.3444220430107527 0.033602150537634407 0.07653823178016726
0 0.3482652889784946 0.3826911589008363 0.06982946908602147 0.11014038231780167
0 0.464822748655914 0.649174880525687 0.09503108198924731 0.18761200716845877
0 0.3406523017473118 0.5198999402628435 0.07350470430107522 0.14747610513739545
0 0.30232484879032256 0.6193063022700119 0.13650873655913975 0.11854091995221028
0 0.13986895161290322 0.5477897252090801 0.16549059139784947 0.08811230585424133
0 0.19741263440860216 0.47087813620071683 0.03696236559139785 0.0985663082437276
0 0.04849002228034488 0.5381725811833338 0.038899786883657854 0.03874842584520006
0 0.667242703533026 0.5049069807134323 0.03600230414746543 0.08747226489161967
