0 0.508333333333333 0.491203703703704 0.161458333333333 0.191666666666667
0 0.2762538164671642 0.09004590328868767 0.1583370190181336 0.18009180657737534
0 0.3268196856906534 0.213950923628343 0.07495864350703053 0.09994485800937415
0 0.5025847808105872 0.25128664644793675 0.08400537634408602 0.13555739362190966
0 0.5991909636062862 0.30527984560242627 0.09240591397849462 0.07122507122507116
0 0.5200320512820512 0.718270379560702 0.21970636889991726 0.17576509511993385
0 0.7061362696443341 0.5413564929693961 0.12665425971877584 0.10224244095211832
0 0.23409067411083537 0.6889761970407131 0.25783188585607936 0.27341237018656367
0 0.07681968569065344 0.5674149128450203 0.15363937138130687 0.10611003890573793
0 0.23538306451612903 0.42647734583218455 0.047172249793217526 0.19874092454737613
0 0.24285020908004773 0.778773397052967 0.1810782556750299 0.08462763839107916
0 0.811669280167264 0.3828676346597493 0.37598939665471925 0.3481725453051617
0 0.8976254480286738 0.61366653391743 0.10920698924731183 0.18253020045134755
0 0.3854874080362196 0.8882915173237754 0.33071590265987555 0.21536816952776225
0 0.5497031810035843 0.22059189565909998 0.02695172491039424 0.032979888490641165
0 0.03930805417700579 0.37833340991943143 0.07796991315136477 0.12902842875961162
