0 0.750260416666667 0.796296296296296 0.056770833333333 0.066666666666667
0 0.5358963663329626 0.8795369340419397 0.09964775676677787 0.16067235199604513
0 0.6789951798294401 0.17350554113624192 0.03476084538375969 0.07312651917768719
0 0.7696630515387469 0.5345033576401763 0.027229328883945202 0.035018333127343156
0 0.5796370967741935 0.5437729164091789 0.03881627734519841 0.04119803897334486
0 0.6314886911383019 0.4665265933341573 0.028967371153133126 0.035018333127343156
0 0.45131164256581385 0.11016355621472416 0.03823692992213569 0.02883862728134141
0 0.3418149796069707 0.17196061467474147 0.04055431961438637 0.059737156511350094
0 0.39772200593251766 0.3099740452354468 0.04576844642195033 0.035018333127343156
0 0.5292338709677419 0.43974786800148313 0.03649888765294769 0.028838627281341445
0 0.4953420467185762 0.554587401639682 0.034760845383759766 0.04428789189634575
0 0.3733894141638858 0.4572570345651547 0.022594549499443846 0.037078235076010393
0 0.39048016314423434 0.48094590697482803 0.026649981460882485 0.02677872533267414
0 0.21754495736002968 0.4464425493346517 0.024911939191694446 0.07518642112635443
0 0.8012374860956619 0.4474725003089853 0.02201520207638128 0.025748774358340557
0 0.1051515572858732 0.4289333827709801 0.027229328883945126 0.04428789189634575
0 0.15671347793845014 0.44438264738598443 0.024911939191694484 0.050467597742347464
0 0.17930802743789395 0.938759115066123 0.051561920652576955 0.06282700943435095
0 0.27616067428315416 0.7460921943448826 0.06300403225806452 0.044802867383512544
0 0.29043820094808653 0.6287881707583407 0.06720430107526881 0.05010213126758385
0 0.3655913978494624 0.7090800477897252 0.03974447913053531 0.03597076091006027
0 0.4781405364782056 0.6576932464896391 0.0617845993756504 0.06808751172261406
0 0.5119233437391606 0.6230071556120811 0.04913862874320731 0.05010213126758399
0 0.45189435713629256 0.7014214379805779 0.033027754801948306 0.06739576632049757
0 0.12302587365591398 0.492831541218638 0.016451052867383506 0.06471525288729592
0 0.1399769585253457 0.18509984639016905 0.05568356374807988 0.03754906980713434
0 0.014208909370199752 0.14840416453319683 0.01920122887864823 0.07680491551459293
