0 0.4734375 0.396759259259259 0.057291666666667 0.067592592592593
0 0.40799411162314386 0.3463901689708141 0.1008064516129033 0.20339079478864427
0 0.30782659745396124 0.48201705598813493 0.038623161537510824 0.04943764676801381
0 0.44329637096774194 0.4903993855606759 0.10200652841781878 0.07147124082607952
0 0.6495328322371855 0.14209323636194915 0.03327591606639524 0.02667873009244759
0 0.6376957690509584 0.6655758142434159 0.14609630668536694 0.11687704534829355
0 0.8479539212248713 0.7286731858085295 0.1706916199158486 0.12359747545582049
0 0.6853194173425209 0.8506700950599969 0.28663345834095577 0.2974650667497793
0 0.4119769752220664 0.6707703495922289 0.1811594202898551 0.3142693886031893
0 0.2388528517999065 0.864266791335515 0.12125993454885459 0.267518570463872
0 0.1219758064516129 0.6259674822087165 0.09496259934548855 0.1311620175575295
0 0.21972884525479192 0.3469949613007116 0.03681626928471249 0.03740065451145393
0 0.29730598410472175 0.43348397485844886 0.06691210846189806 0.0431146433951483
0 0.736307123655914 0.4626642771804062 0.09324596774193548 0.08512544802867383
0 0.5754709764839584 0.41816009557945044 0.04234417344173449 0.03691076337286668
0 0.9086534871565114 0.9262992831541219 0.12543869474313027 0.14620669056152927
