0 0.669270833333333 0.284722222222222 0.197916666666667 0.234259259259259
0 0.5698571024335032 0.5573791108595862 0.1980758347481608 0.34899075646104505
0 0.8802348613469156 0.7051499717034523 0.22460384833050362 0.2200842608312897
0 0.7723712779156326 0.09390221486995683 0.026494003308519427 0.07352265416781548
0 0.7310147849462365 0.15995772447385354 0.038125516956162155 0.040207701498024086
0 0.7184139784946236 0.5804154029960481 0.10597601323407778 0.12062310449407229
0 0.6505634822167079 0.65738443157798 0.19902812241521922 0.15508684863523567
0 0.8826911589008363 0.3473383778043276 0.20161290322580644 0.17423337315810433
0 0.08385603345280764 0.5463191586648377 0.16771206690561527 0.1606723011342684
0 0.3959561104218362 0.3937367888980792 0.054603494623655914 0.12349508317250256
0 0.37980769230769224 0.4706419957316015 0.0680658946787979 0.1541933441575019
0 0.3419648857526882 0.2604166666666667 0.09923135080645157 0.09333930704898447
0 0.24311155913978494 0.11618876941457587 0.050067204301075266 0.04241338112305854
0 0.3581989247311828 0.02090800477897252 0.02217741935483871 0.02986857825567503
