0 0.369791666666667 0.622685185185185 0.055208333333333 0.065740740740741
0 0.48820977174118085 0.6204280114863023 0.03153886059234107 0.04087279129723952
0 0.47980923410677234 0.656322706407596 0.030065082059988656 0.0476849231801128
0 0.5176853423882286 0.655012681045505 0.030949349179400135 0.028296547821165877
0 0.48246203546500666 0.38567146659959334 0.021222410865874355 0.06497725795971404
0 0.5626355876249765 0.6523926303213229 0.0465714016223354 0.03877675071789385
0 0.15771331945889697 0.5122043653087704 0.05708752456931437 0.045605786153826405
0 0.17288848421782865 0.4518248737811693 0.030350329517863334 0.023124060585038755
0 0.12311755694299918 0.6250947444148971 0.042093016533703315 0.06070065903572668
0 0.19935469418429874 0.5949049986510965 0.04137038964042082 0.04528461864570082
0 0.09073064129341692 0.5214881857954496 0.03166821381604394 0.03223227869317446
0 0.5157820296577412 0.8021567846573117 0.05161114625061496 0.09019139316419507
0 0.7987231182795699 0.9707287933094385 0.09879032258064516 0.053763440860215055
0 0.7983256026424906 0.7400769945572813 0.020205214702368465 0.026940286269824483
0 0.7383688242322018 0.780877862893465 0.04304589219200212 0.0343586259673124
0 0.713002494904772 0.7283638266138792 0.02218181179281758 0.03396818703586566
0 0.7220069927612622 0.6129891223713699 0.025256518377960505 0.023426335886803897
0 0.9840809811827957 0.7445489844683393 0.02940188172043011 0.06907108721624851
0 0.9646547379032258 0.4234617682198328 0.06195396505376344 0.11387395459976105
0 0.9252772177419355 0.193847072879331 0.023101478494623656 0.03920250896057348
0 0.8802033918406071 0.4802340290955092 0.031378478810879226 0.036457235223838626
0 0.8405479127134723 0.48286949188277467 0.005435641998735077 0.022401433691756272
0 0.2816927946940006 0.368193034759209 0.04522158577027434 0.06978639779363327
0 0.302733393628781 0.4728726314496588 0.04270927544970356 0.044663294587925256
0 0.2783953873982514 0.563036657399033 0.08196412420862227 0.07648589198182203
0 0.24322304291026026 0.6601793231277704 0.0926414430710481 0.07760247434652022
0 0.03193254368279571 0.4652964456391876 0.04672799059139785 0.0245793508562326
0 0.19528710302575647 0.02859916367980886 0.020950550137534395 0.05719832735961772
0 0.8702087679880168 0.7885809899130393 0.021565559300272808 0.034177975118434054
