0 0.982291666666667 0.140277777777778 0.052083333333333 0.063888888888889
0 0.8852759397114236 0.7677960563265221 0.06519391600036753 0.0367613270839078
0 0.9494646631743406 0.7034637339296838 0.057439573568605816 0.07556495011692148
0 0.948172272769047 0.8122159932195775 0.045090065251355574 0.20525074288515138
0 0.8376269414575866 0.05031196070622598 0.022028076463560368 0.05708217177751229
0 0.845717648317552 0.19774782003958702 0.02607928101428352 0.02228998377289181
0 0.7439832916983455 0.2764382172984324 0.034846674631620944 0.021119196746436877
0 0.6191878260406686 0.17374049232880276 0.03277041413818805 0.026911293279865637
0 0.699594613283546 0.2908104661034855 0.02895619403243104 0.019592250688609987
0 0.6188249451106231 0.012510399269392682 0.026916905928052688 0.023144238648376465
0 0.16978627372892605 0.7522235497145892 0.05932231514668792 0.14602416036107788
0 0.0548752157175096 0.5446184934436626 0.07508628700384971 0.08481201233092908
0 0.17663115624585157 0.5103249406315914 0.04646223284216117 0.13127424517309028
0 0.20795167927784416 0.4233004410224641 0.07840501792114697 0.14012419428588285
0 0.26271073941324835 0.4708689175037244 0.07508628700384974 0.08186202929333158
0 0.09138125580777909 0.36024455359381685 0.10827359617682196 0.10546189359411182
0 0.046370967741935464 0.43473162529315457 0.08960573476702507 0.14676165612047729
0 0.08121764237355633 0.2901824564508754 0.11532589937607857 0.12021180878209954
0 0.06868674889310562 0.2535842293906811 0.08598197343453509 0.06896127626677911
0 0.09324596774193548 0.0477043864140639 0.10152649769585252 0.09472606246799795
0 0.1660906298003072 0.028503157535415678 0.06048387096774194 0.05376344086021505
0 0.16777073732718892 0.09549411162314395 0.03312211981566822 0.09728622631848437
0 0.22252090800477894 0.12962962962962965 0.07840501792114697 0.10155316606929508
0 0.2902852449223417 0.155515730784548 0.05264336917562723 0.10022567370237621
0 0.23764187574671444 0.3317403424930307 0.09445937873357227 0.1632815611310235
0 0.30316606929510154 0.3735563520509757 0.12694145758661884 0.18053896190096905
0 0.347015561108587 0.2488347047638279 0.12517984249583528 0.09549531357800327
0 0.43220411176737855 0.08834368216467263 0.06318150840527029 0.09086778736937756
0 0.42084563834620636 0.18888720615208576 0.042830910192336855 0.09928147138506069
0 0.2981504619112525 0.021244552139599845 0.03312888081175222 0.04248910427919969
0 0.45563096319854623 0.16659094351052556 0.06886074511585644 0.06478536692075994
0 0.5454338936846889 0.2589311255826476 0.11358473421172198 0.11905362882191595
0 0.34973883898189734 0.476558837318331 0.06826766026949777 0.05860290670417255
0 0.39780267456104523 0.37731197919029685 0.08187865795562813 0.13913464301377731
0 0.4468235334149993 0.45387384117478036 0.054018647066829996 0.14404972551154666
0 0.42225993602831086 0.30490903316546436 0.05167925683952631 0.09867973322444532
0 0.4052461889206479 0.20963204936255161 0.041045664897236954 0.07826323669524975
0 0.34335868381652374 0.18675801158447136 0.03211344766571393 0.05217549113016651
0 0.5846720856801502 0.5686882478997174 0.1554766171701655 0.13227513227513235
0 0.580805171530978 0.692903605089985 0.06507083119986341 0.08865752593351155
0 0.6455902539464653 0.29854597219044715 0.028597574925646282 0.10676427972241286
0 0.6048387096774194 0.371946414499606 0.05362045298558684 0.10104476473728362
0 0.47829444063143445 0.33032105544116525 0.0629146648364219 0.11311929637255645
0 0.5244080301990391 0.3748061719921706 0.03002745367192869 0.04575611988103405
0 0.478651910318005 0.41516052772058265 0.06720430107526881 0.08197971478685279
0 0.5174373713109128 0.4837947075421337 0.06255719514985125 0.08579272477693893
0 0.5472860901395562 0.44788886346882234 0.05648021047815143 0.05973715651135006
0 0.49706159917638976 0.5219248074429955 0.0389641958361931 0.08325071811688145
0 0.5849991420727523 0.46186990009913825 0.04182395332875769 0.09405424642212558
0 0.6626649560117303 0.440900944933203 0.10577040566959929 0.12015314434669273
0 0.7384607160312806 0.43580971000325835 0.040475317693059794 0.08553274682306937
