0 0.703645833333333 0.453703703703704 0.091666666666667 0.109259259259259
0 0.8800847027794684 0.4840963909740537 0.04469720024345713 0.08227947972318028
0 0.8391915195780077 0.4381664074299497 0.038991174680462495 0.06368206307342034
0 0.7699267092716575 0.4187236536597462 0.01648407384865081 0.05184734338720951
0 0.7892637959018056 0.33954374337819254 0.037406167579630833 0.05353801762809674
0 0.6386881213227835 0.3880097382836275 0.013948062487319963 0.03437704289804112
0 0.6510910815939279 0.40635322229250126 0.022533206831119527 0.03900484925152861
0 0.6654214104996838 0.4165436784032609 0.005336812144212483 0.024246257642842037
0 0.6042457305502847 0.3473188558577553 0.011859582542694484 0.02916578817907087
0 0.7300307219662058 0.3000957690921848 0.5392665130568356 0.5965219699986724
0 0.2961381339429346 0.10347698473174724 0.048418846837693666 0.10160020320040639
0 0.29031728896791126 0.1443992887985776 0.06270637541275081 0.12135579826715209
0 0.38001121835577006 0.1949642047432243 0.09392727118787571 0.09172240566703353
0 0.4298852764372196 0.19096604859876384 0.03598340530014393 0.0583260425780111
0 0.44126238252476513 0.0935991871983744 0.06085428837524341 0.11100762942266625
0 0.3613580560494455 0.02939350323145091 0.06720430107526885 0.05409270077799415
0 0.47556674200397236 0.19328965291570593 0.0419491815629066 0.04870290467167392
0 0.6353374768851447 0.2343827287324308 0.03574241490308881 0.04870290467167392
0 0.6044106568043285 0.15980640595393011 0.04366139305527016 0.06468354526706695
0 0.8206391875746715 0.3025355104208151 0.029868578255674964 0.03053232443913446
0 0.5719777830487033 0.28806486752407057 0.0647335547122075 0.09751212312882139
0 0.5837138282732447 0.23579485557663932 0.022483791903858345 0.0491953053622883
0 0.5489998418722327 0.20109459554431097 0.05534471853257433 0.0860917843840045
0 0.5014379743833017 0.09919003443671381 0.060533285895003196 0.06764354487314639
0 0.42336238931056286 0.008486190174994801 0.03533167299177739 0.01449504532995994
