0 0.554947916666667 0.451388888888889 0.0609375 0.071296296296296
0 0.153385416666667 0.562037037037037 0.047395833333333 0.059259259259259
0 0.120052083333333 0.347685185185185 0.053645833333333 0.063888888888889
0 0.257291666666667 0.681944444444444 0.047916666666667 0.056481481481482
0 0.853645833333333 0.528703703703704 0.040625 0.057407407407407
0 0.23275789650537637 0.2697505973715651 0.03307711693548387 0.02800179211469534
0 0.011533125216788054 0.48697344587042807 0.02306625043357611 0.03368404825220642
0 0.1152838527428467 0.7764109106372638 0.027906870785492987 0.0323998137010712
0 0.16021881344461983 0.7717414007736588 0.01691856530566208 0.01796292118872775
0 0.2097996089931573 0.7612978419430032 0.010339123242349032 0.026317768253252157
0 0.14095044740206025 0.5799976606428219 0.020208286337318585 0.020469375308084934
0 0.2200212421986615 0.7625510690026819 0.00822430257914129 0.027153252959704596
0 0.226130724114595 0.7871978678430291 0.019503346116249317 0.02046937530808507
0 0.26020283479960893 0.7560760625276755 0.015273704789833836 0.0292419647258357
0 0.35995187608090834 0.6942501942501943 0.019738326189939065 0.025064541193573497
0 0.3126033912324234 0.8354471096406579 0.011514023610797815 0.022558087074216172
0 0.23376757650951194 0.8749237620205362 0.028197608842770106 0.024646798840347275
0 0.1895913226558387 0.8571697120084217 0.04605609444319122 0.03759681179036024
0 0.16491841491841483 0.9031213708633062 0.016448605158282562 0.01587420942259651
0 0.16668076547108798 0.8105914396236977 0.021853146853146828 0.03049519178551436
0 0.13506318949867338 0.8526043848624494 0.02007401200949587 0.021722602367763733
0 0.27181739631336405 0.45711725550435234 0.016081029185867908 0.021761392729134608
0 0.5530913978494624 0.6144962166467544 0.03270609318996421 0.027877339705296673
0 0.7372311827956989 0.6457586618876942 0.029121863799283255 0.03385105535643161
0 0.9060259856630823 0.5935882118677818 0.020385304659498157 0.0577459179609717
0 0.696300184513584 0.9061313651884371 0.024257173760895926 0.034993955589489055
0 0.6476864223452313 0.778880617590295 0.01729814850162248 0.03640785278502402
0 0.7685746325634663 0.9497854411005777 0.01928644143284342 0.046658607452652205
0 0.892842940764777 0.8644213979201573 0.029227906088948277 0.02651057241627962
0 0.9302228478717313 0.8326087110206218 0.02127473436406436 0.04489123595823345
0 0.9113340650251321 0.8994153535096463 0.016105172742889882 0.04489123595823345
0 0.8092352230069351 0.9764727506662991 0.027836101037093632 0.02438972662297723
