0 0.702083333333333 0.719907407407407 0.089583333333333 0.106481481481481
0 0.3368527164685909 0.7499528390869649 0.12468166383701182 0.3034018738602779
0 0.6685669262143122 0.21264367816091953 0.05329996292176497 0.052527499691014695
0 0.6032566084229392 0.714979091995221 0.05915378584229393 0.11076264436479495
0 0.434770682466535 0.6846975349279496 0.11383585692341447 0.21700436446980229
0 0.7414874551971326 0.8478030001327492 0.16875746714456397 0.14735165272799686
0 0.06275201612903229 0.39351851851851855 0.0768649193548387 0.0492831541218638
0 0.037340389784946276 0.44242831541218636 0.07224462365591398 0.09931302270011948
0 0.1744791666666667 0.5145541435864016 0.06796798631476052 0.09503638535896596
0 0.1350806451612903 0.02927120669056153 0.05712365591397849 0.053763440860215055
0 0.0456989247311828 0.17443249701314217 0.04435483870967742 0.04420549581839905
0 0.05678763440860215 0.27060931899641577 0.03696236559139785 0.027479091995221028
