0 0.313020833333333 0.469444444444444 0.058333333333333 0.068518518518519
0 0.3072297679683079 0.24533106960950762 0.06720430107526879 0.042444821731748676
0 0.5088426711941143 0.04018109790605545 0.05659309564233164 0.07545746085644216
0 0.586893061155914 0.024734916367980884 0.034652217741935484 0.034535543608124254
0 0.6299458165322581 0.08213859020310633 0.02835181451612903 0.022401433691756272
0 0.6320459509408602 0.11200716845878136 0.02415154569892473 0.03173536439665472
0 0.642546622983871 0.10874029271206691 0.06510416666666667 0.1316084229390681
0 0.7776826484018264 0.8903291271828612 0.1182979820297539 0.1833030555964715
0 0.795950940860215 0.5701911589008363 0.03948252688172043 0.09109916367980884
0 0.9845430107526881 0.2722520908004779 0.026881720430107527 0.08064516129032255
0 0.7511864463029337 0.17771435314246942 0.0365060400902695 0.04277475404516426
0 0.8351918226470197 0.06930247651076007 0.025305323244391466 0.0398247710075667
0 0.8366437674233372 0.2455639630072127 0.020742068233107664 0.02212487278198152
0 0.7223549714589141 0.24482646724781332 0.024475640515066958 0.020649881263182734
0 0.76778010088942 0.34918211720282616 0.01825302004513475 0.016962402466185803
0 0.7690246249834063 0.36282578875171473 0.020742068233107664 0.017699898225585164
0 0.7274758578179578 0.1280353704845178 0.015409903431271724 0.020166046465614994
0 0.7055085671824461 0.37566415090674204 0.03469490340064699 0.05973715651135006
