0 0.096875 0.355092592592593 0.05625 0.067592592592593
0 0.07314768145161292 0.8787895758661888 0.14543430779569894 0.13720878136200718
0 0.05240885416666669 0.7490479390681004 0.03885248655913978 0.07000448028673835
0 0.19023017473118284 0.34488873954599764 0.13388356854838712 0.15774342891278376
0 0.18760500672043015 0.4651408801274393 0.06860439068100363 0.08027180406212664
0 0.28298611111111116 0.44087266029470334 0.052153337813620124 0.0678265631222621
0 0.32446376568100366 0.4554958183990442 0.043402777777777804 0.05973715651135006
0 0.1895391048616855 0.04788673426666256 0.04193088870508227 0.027570995312930797
0 0.3684633765278927 0.31338520765044064 0.0746714456391876 0.052078546702202584
0 0.2828784119106699 0.03308008863564418 0.024124620898814456 0.020422959491059847
0 0.1921238856722727 0.22071602895975656 0.04824924179762889 0.053610268664032096
0 0.49446552814674255 0.47434816220394965 0.051391524351676175 0.10822967179703427
0 0.5323540706605222 0.5765915685270524 0.10704685099846394 0.07637822153951182
0 0.6225603918102813 0.9382006841131898 0.11093312711739581 0.07610350076103495
0 0.5594894658624006 0.5446765937193422 0.027318821575312513 0.03059708016434998
0 0.8144787933094384 0.8249037568033984 0.07653823178016728 0.11947431302270012
0 0.7911641480189867 0.5185292819701421 0.08627579192095318 0.07265329845975003
0 0.5696552814674257 0.28178368121442127 0.06759962049335866 0.07098179773701598
0 0.7008244051084973 0.36995846434532825 0.03821183183882601 0.028682461429637426
0 0.7296955669422769 0.3505492799192579 0.032631691316330876 0.02997640705804207
0 0.8061727865477007 0.3458717811840667 0.020911976664378884 0.03844785073336891
0 0.920105945604048 0.43850586829713967 0.047438330170777934 0.04524211118139013
0 0.9115818706514863 0.361857825567503 0.035825822264389594 0.04216740459624712
0 0.9790332463630612 0.14399290182022637 0.01803644845034783 0.01844823951085812
0 0.4777597277017096 0.3811703325511634 0.044238802506382 0.06016692022725901
0 0.4975825790980119 0.02640038506828948 0.016680204223717812 0.023637004374994622
0 0.7288152716283646 0.04626701337643779 0.018667861409796926 0.01756975191510296
0 0.7223364256096704 0.09253402675287557 0.017130508117225392 0.02498809161259087
0 0.7479223768360389 0.1762831775481997 0.010322229250123023 0.026940286269824518
0 0.8641068849301877 0.16208384600296014 0.01404268977692192 0.014562789398289297
0 0.8603454501685124 0.10799348538074266 0.01420986465521851 0.01456278939828933
0 0.8616828491948858 0.032207540552910516 0.013875514898625176 0.014562789398289318
0 0.8785887878219554 0.30950098635770046 0.008888940985246315 0.02031757939484871
0 0.8606643848462114 0.2860576255174904 0.013479932483120847 0.008161762662887923
0 0.9044741654163541 0.3303395293267761 0.012014722430607557 0.012329471256703046
0 0.8906523505876469 0.10458864716179041 0.01133095773943488 0.012676780306187662
0 0.9662083489622405 0.06872898780250614 0.020610621405351272 0.016670834375260485
0 0.9485769879969992 0.05145036259064762 0.01699643660915232 0.015455252702064406
0 0.931580551387847 0.0893070489844683 0.013479932483120847 0.016497179850518188
0 0.9354877781945488 0.11153482815148229 0.01367529382345581 0.01198216220721848
0 0.9147306357839459 0.39650190325359114 0.031550856464116074 0.024832597038148416
0 0.6474499962403187 0.4538394699685022 0.017153545379351827 0.05305327885973046
