0 0.146875 0.810185185185185 0.041666666666667 0.105555555555556
0 0.45401810979060553 0.8411306042884991 0.2670486700622524 0.31597811733635167
0 0.8347216327108092 0.3943151802910968 0.32988469156762873 0.5290566952360325
0 0.8239457325268817 0.16567727001194743 0.0698294690860215 0.07560483870967742
0 0.7252394153225806 0.2020795997610514 0.05827872983870968 0.04946983273596177
0 0.5832178259408602 0.22074746117084826 0.03570228494623656 0.04573626045400239
0 0.5047253024193549 0.15214307048984468 0.04777805779569892 0.03920250896057348
0 0.3256888440860215 0.396692054958184 0.07297967069892469 0.06907108721624851
0 0.2697727654569893 0.3201538231780167 0.05040322580645161 0.04853643966547192
0 0.02221942204301078 0.19741263440860216 0.03727738575268817 0.0625373357228196
0 0.1498025873655914 0.40602598566308246 0.021526377688172043 0.05040322580645161
0 0.2217321908602151 0.4050925925925926 0.02467657930107527 0.07653823178016726
0 0.29068260368663595 0.022401433691756272 0.09480606758832565 0.044802867383512544
