0 0.58828125 0.784722222222222 0.100520833333333 0.158333333333333
0 0.758101851851852 0.7170450019912387 0.08101851851851843 0.10686313553697067
0 0.9593413978494624 0.7187043674498873 0.08027180406212657 0.07964954201513337
0 0.7170040980524852 0.9198310649923553 0.020913226558387964 0.0626613529839336
0 0.2438347358578775 0.6604851696015791 0.051133707339878445 0.044153550464910846
0 0.30504908835904626 0.6038647342995169 0.03214118747078074 0.04623136460443615
0 0.3485857877512856 0.5233494363929145 0.019284712482468457 0.038959015116097825
0 0.19445418419822347 0.7747649472754661 0.05580878915381017 0.07739857669731451
0 0.1088417484805984 0.6477585579969871 0.028927068723702664 0.020778141395252237
0 0.05303295932678821 0.4462105864630408 0.02483637213651239 0.032206119162640906
0 0.4149135109864422 0.8461898083216455 0.054347826086956486 0.04882863227884274
0 0.3858403459560542 0.8822918289958962 0.05054932211313693 0.06389278479040053
0 0.34873188405797095 0.7726871331359408 0.08210612435717621 0.09505999688327882
0 0.4933672276764843 0.697885824113033 0.05873071528751748 0.08986546153446566
0 0.8410824007022163 0.6682393387462512 0.07749067368883032 0.07680491551459286
0 0.809880403774413 0.7249286811498794 0.06446126837831909 0.07558578987150409
0 0.8914079935078109 0.4599873762990013 0.10524447149523228 0.11045738373796801
0 0.8476617975248527 0.34220373751718847 0.07734834652059236 0.07777101508081423
0 0.8180749022482893 0.2864668187248832 0.07598668132942338 0.05430650591940916
0 0.7655715420332355 0.3475616378842185 0.061094819159335345 0.05430650591940913
0 0.712495417888563 0.4307184750733138 0.061858504398826876 0.07535027696318018
0 0.6517824413489737 0.4161236016074725 0.038184261974584514 0.0380145541435864
0 0.2861681329423265 0.8451449983708048 0.05231243890518082 0.052948843271423844
0 0.3760920698924731 0.9395025524057782 0.05651270772238516 0.052948843271423844
0 0.4175219941348973 0.9442543716737265 0.05842192082111433 0.06245248180732049
0 0.482817082111437 0.8312289562289562 0.06605877321603125 0.07263495166720968
0 0.5129826490713588 0.8824807211903988 0.05078506842619741 0.061094819159335276
0 0.45608809872922784 0.9622434017595307 0.060712976539589465 0.07399261431519503
0 0.49312683284457476 0.9663163897034865 0.0637677174975562 0.061773650483327815
0 0.39212945992179865 0.7779406972955359 0.06338587487781032 0.05159118062343876
0 0.418476600684262 0.614342348213316 0.047348484848484876 0.040729879439556825
0 0.4413871578690128 0.4354702943412621 0.031311094819159356 0.035978060171608574
0 0.4618157380254155 0.4965651135005974 0.03703873411534703 0.04005104811556422
0 0.4872082722385142 0.4062805474095797 0.028256353861192542 0.035978060171608574
0 0.5238651637341154 0.45787172803301834 0.036656891495601224 0.05091234929944609
0 0.5255834555229716 0.5393314869121321 0.05383980938416423 0.05905832518735745
0 0.5026728983382209 0.5892255892255893 0.0553671798631476 0.05023351797545348
0 0.500190921309873 0.6435320951449983 0.04200268817204301 0.05566416856739428
0 0.5736956256109482 0.6747583360486586 0.05002138318670573 0.05973715651135006
0 0.5805687927663735 0.6024628000434452 0.07751405180840666 0.0957152166829587
0 0.5874419599217986 0.5386526555881395 0.08820564516129033 0.05091234929944609
0 0.604052113880743 0.5009775171065495 0.052694281524926743 0.03665689149560118
0 0.6105808493262556 0.4485806754079519 0.03402749421532597 0.031380911331911704
0 0.5960128283653192 0.4720218380896209 0.029136041921872823 0.024575412488846527
0 0.5700668640261332 0.4931945011569348 0.017651762624200335 0.03213707787003011
0 0.5848640979689367 0.886300278773397 0.051149940262843474 0.08429576529934951
0 0.6201463560334528 0.8093057214921014 0.0515232974910394 0.06836585689632278
0 0.6401209677419355 0.7459179609717245 0.03696236559139785 0.06902960307978236
0 0.625 0.6669321651400504 0.05600358422939071 0.07433957254745793
0 0.6326538231780168 0.5959113235098898 0.05339008363201912 0.0584096641444312
0 0.6446012544802867 0.47510951812027086 0.03546893667861413 0.035842293906810034
0 0.6419877538829152 0.5106199389353512 0.02501493428912788 0.03119607062259389
0 0.6677494026284349 0.5265498473383778 0.03472222222222227 0.02854108588875617
0 0.7461544205495819 0.5288729589804859 0.06384408602150538 0.055754679410593345
0 0.8889635603345281 0.5514403292181069 0.07243130227001199 0.06902960307978229
0 0.7887171445639187 0.4240010619938936 0.0817652329749103 0.06504712597902564
0 0.9231257467144564 0.23317403424930308 0.06459080047789739 0.06969334926324171
0 0.9561678614097969 0.3022036373290854 0.05451015531660691 0.05907341032789063
0 0.9093115292712067 0.36393203239081373 0.036215651135005994 0.04579848665870169
0 0.8792562724014337 0.3904818797291916 0.04032258064516129 0.0497809637594584
0 0.8269862604540025 0.4764370104871898 0.04853643966547204 0.06239214124518785
0 0.9328330346475509 0.3938006106464888 0.051149940262843474 0.07102084163016065
0 0.960274790919952 0.3984468339307049 0.04778972520908003 0.06040090269480949
0 0.9781959378733573 0.5046462232842162 0.04256272401433687 0.06040090269480949
0 0.968115292712067 0.5564184255940529 0.06272401433691752 0.04845347139253948
0 0.9055779569892473 0.6579715916633478 0.07653823178016728 0.05509093322713405
0 0.783747457134554 0.5500123779693672 0.05448997384481252 0.051664567793600104
0 0.8128087765184538 0.5182601956795505 0.04298653492201884 0.04628284198176677
0 0.8020621427879493 0.5960261336605422 0.057819916690884536 0.07803502427158343
0 0.7344037585973069 0.6366581635398838 0.03087765184539385 0.05381725811833335
0 0.6876331977138428 0.5475906013540421 0.04207836869127196 0.038210253264016676
0 0.7498425845200039 0.5414016166704337 0.08112951661338756 0.05812263876779999
0 0.7141213794439599 0.48327897790263374 0.03753753753753757 0.04951187746886672
0 0.7778443766346993 0.4571776077152421 0.06084713746004075 0.06727157264791671
0 0.8577630049404242 0.21096365182386687 0.014833381768865546 0.03767208068283336
0 0.8568548387096774 0.27285349865995023 0.053581807614065724 0.06027532909253337
0 0.4578210767726897 0.7928373896115832 0.06273967967516358 0.05347102121295662
0 0.4403150612828032 0.7489744425228295 0.0545153770960223 0.0509645670935993
0 0.24296939619520266 0.9710045032625678 0.05880376344086022 0.05456759489017565
0 0.13069297973531843 0.9741636798088411 0.06429642266335814 0.04135649296939609
0 0.05573433622828784 0.9023642128480839 0.052664909015715466 0.042505284440768336
