0 0.081510416666667 0.559259259259259 0.1203125 0.142592592592593
0 0.5459818902093945 0.9197321260139597 0.06897283531409161 0.05187700433880402
0 0.28247028862478785 0.2123184304848142 0.06189869835880023 0.13047852606426455
0 0.88907753254103 0.5243664717348928 0.11141765704584047 0.10689806954662648
0 0.8568017826825127 0.49449789347921774 0.278544142614601 0.2515248695214739
0 0.6551888794567063 0.18323586744639375 0.059245897000565914 0.09117776520153431
0 0.5459818902093945 0.23511287178519774 0.06366723259762307 0.06288121738036843
0 0.5428869552914544 0.36087530654593475 0.09815365025466895 0.13205055649877387
0 0.7033814374646292 0.7499528390869649 0.13440860215053757 0.20593598692070678
0 0.9150390625 0.7168458781362007 0.043052755376344086 0.02426821983273596
0 0.5826927923387096 0.7135790023894862 0.08820564516129033 0.1316084229390681
0 0.5349147345430108 0.7537149044205496 0.06090389784946237 0.15961021505376344
0 0.2971301274392672 0.4917031727067569 0.18730087614496213 0.16593654586486123
0 0.34597769812823576 0.39711934156378603 0.08338311429709279 0.11173060754900661
0 0.37677966945440056 0.26547634851099605 0.0765382317801672 0.0918182220452232
0 0.39606979291119077 0.21624850657108724 0.060359418558343265 0.09071197840612416
0 0.1375199123855038 0.27322005398468957 0.06098168060533651 0.09845568387981764
0 0.048794612216884005 0.4834769567096266 0.07685598261267446 0.07626019980172348
