0 0.23203125 0.414814814814815 0.0640625 0.075925925925926
0 0.4041813676075269 0.342555256869773 0.06090389784946237 0.11014038231780167
0 0.6462093573988735 0.5038544689082324 0.06520417306707636 0.05475906013540427
0 0.710013440860215 0.3712237583205326 0.03200204813108045 0.054047903510269106
0 0.277385752688172 0.6944444444444444 0.062070639187574654 0.10288065843621397
0 0.25918458781362 0.39748808944348574 0.06803398380459313 0.08554950809032845
0 0.3338560334528076 0.2046329483605469 0.023231116421080538 0.033187309172972246
0 0.4352847471127041 0.13604584273640427 0.024475640515067034 0.05973715651135006
0 0.03765929908403025 0.08442113957844743 0.07218239745121464 0.07891204625573403
0 0.7901815345811761 0.30603861527796217 0.05227001194743133 0.06784960986474331
0 0.8115577915505111 0.03096375945838312 0.06676560633213856 0.06192751891676624
0 0.5590885274284673 0.6793835935443372 0.015092491343174759 0.034424802057388085
