0 0.347916666666667 0.666203703703704 0.051041666666667 0.082407407407407
0 0.011368727598566313 0.7258686778176026 0.019251232078853046 0.03795798486658693
0 0.026244679659498213 0.7324024293110315 0.026601702508960576 0.019912385503783443
0 0.071922603046595 0.6978668857029072 0.02835181451612903 0.03297988849064127
0 0.10429967517921149 0.7184015332536838 0.027301747311827957 0.03173536439665472
0 0.015919018817204308 0.7759607726005576 0.022751456093189962 0.027379530067702065
0 0.06597222222222224 0.8493876941457587 0.03185203853046595 0.032357626443647994
0 0.20108086917562726 0.8300975706889686 0.02415154569892473 0.022401433691756272
0 0.26513496863799285 0.8571659697331742 0.020651321684587866 0.019290123456790167
0 0.12390092965949823 0.9439715252887296 0.019601254480286733 0.028624054161688617
0 0.1744791666666667 0.9063246714456392 0.01505096326164879 0.03795798486658706
0 0.19688060035842297 0.9268593189964157 0.022751456093190014 0.019290123456790167
0 0.12635108646953405 0.9893966547192353 0.0175011200716846 0.019912385503783308
0 0.11270021281362008 0.991263440860215 0.016801075268817203 0.014934289127837515
0 0.19583053315412188 0.9523720629231383 0.021351366487455146 0.01804559936280362
0 0.1555779569892473 0.9837962962962963 0.012250784050179205 0.028624054161688617
0 0.26443492383512546 0.9794404619673438 0.04865311379928318 0.03609119872560737
0 0.2982120855734767 0.9853519514137794 0.03290210573476698 0.02426821983273596
0 0.3913180443548387 0.9480162285941857 0.022401433691756296 0.02924631620868189
