0 0.115104166666667 0.173611111111111 0.208333333333333 0.247222222222222
0 0.713541666666667 0.139814814814815 0.125 0.148148148148148
0 0.3081614944875459 0.7002102142975969 0.10080645161290319 0.11342498071775314
0 0.4719188103988023 0.645010057014957 0.14504219409282698 0.13308531070883053
0 0.7018734913320168 0.7060322336820033 0.13646587667324994 0.1987174798234707
0 0.7725065832784727 0.6176456245580669 0.2749890278692122 0.2706458927657085
0 0.6922355588897224 0.2923091884082131 0.3063265816454113 0.31674585312994913
0 0.9211469534050178 0.25507765830346474 0.15008960573476698 0.09358821186778167
0 0.4945213884992987 0.29221858604747813 0.21622253389434315 0.3077762194171731
0 0.3265106358111267 0.3142953612799335 0.2483637213651239 0.4791958859280037
0 0.31847533894343155 0.16235520232715192 0.11687704534829356 0.10778660848787076
0 0.29911757830762037 0.0766453690717366 0.18919471715755024 0.1025920731390577
