0 0.7234375 0.420833333333333 0.092708333333333 0.110185185185185
0 0.7421875 0.390277777777778 0.065625 0.076851851851852
0 0.3572626596820145 0.31593807758682313 0.03274055693410533 0.05412084265130859
0 0.27110329932910576 0.3246178353705235 0.018380663541953876 0.055141990625861566
0 0.8264377934272299 0.3756709913002508 0.033365515674693334 0.043751156881552136
0 0.9281336942627266 0.4707580352741643 0.03900669223249879 0.03843229649681262
0 0.21841397849462366 0.1899409588103606 0.0388219020774611 0.04001809513867141
0 0.21042123394926399 0.2238693438192342 0.033928385008873574 0.028998619665703915
0 0.19345704144482725 0.28389648652724125 0.04110554337613532 0.04465787428518402
0 0.174698559348575 0.10439503079653409 0.03164474371019938 0.04175801231861364
0 0.4578700803841737 0.1342636090522091 0.030339805825242726 0.029578592059017993
0 0.3869140828896545 0.12585400934915497 0.02609875769913354 0.028998619665703915
0 0.3712548282701743 0.00956954448968229 0.013701847792045068 0.01913908897936458
0 0.4263884539095939 0.07597638352414425 0.011091972022131798 0.020879006159306813
0 0.4387853638166823 0.11106471331964599 0.016311723561958414 0.029578592059017993
0 0.1715993318718029 0.04117803992529956 0.024793819814176846 0.028998619665703915
0 0.14028082263284267 0.03595828838547285 0.015659254619480097 0.020879006159306813
0 0.2331273461856588 0.037291538532233326 0.014116879811668903 0.016613292047535224
0 0.4889212317872368 0.05231419623479178 0.012327416173569972 0.01979456073748878
0 0.4999562575555132 0.06556948244293158 0.01332156263918052 0.01802718924307014
0 0.4830557676401349 0.08536404318042036 0.013719221225424693 0.020148035036372514
0 0.5662658268117325 0.007599697426000156 0.012725074759814221 0.014492446254232854
0 0.6240257364637017 0.087131414674839 0.016105172742889882 0.013078549058697939
0 0.5870434879429917 0.04365407591214043 0.017695807087866576 0.013785497656465397
0 0.6050375389705414 0.016083080599209633 0.015906343449767758 0.02721752101404707
0 0.6668734491315137 0.06627643104069904 0.02067824648469814 0.020148035036372507
0 0.6752242794426417 0.0860709917781878 0.016701660622256104 0.023682778025209787
0 0.6515635935611122 0.16772355482032902 0.013918050518546816 0.017320240645302704
0 0.5731254374244449 0.1442175139445611 0.01292390405293627 0.022622355128558598
0 0.6116983202901317 0.14351056534679363 0.014912196984157288 0.017673714944186413
0 0.6381426162753706 0.16454228613037547 0.012526245466692097 0.013078549058697922
0 0.6895399885474327 0.15323110856609615 0.012725074759814145 0.017320240645302687
0 0.6904347203664822 0.17549998939577105 0.010140293949226983 0.019441086438605062
0 0.733282433034294 0.07263896842060615 0.013122733346058395 0.018027189243070132
0 0.726820481007826 0.11487914713721166 0.011730928294203751 0.01555286915088404
0 0.8494981548641598 0.24036252324093516 0.02564897881275049 0.026157098117395878
0 0.8259368836291914 0.2193308024573533 0.01829229496723287 0.030045315405116884
0 0.796510148247121 0.2078428877436322 0.006760195966151322 0.01484592055311657
0 0.7528671184068206 0.16471902327981736 0.011333269707959502 0.013432023357581665
0 0.7660892663994402 0.15482174291107295 0.007157854552395418 0.014138971955349135
0 0.8446268371826685 0.36849695658628656 0.015111026277279489 0.03004531540511692
0 0.9613396322453395 0.3066389542816342 0.017496977794744527 0.01802718924307009
0 0.9104393332060827 0.3789244484033566 0.02584780810587254 0.04312386446381484
0 0.9218720175606032 0.3313821552034951 0.02366068588152955 0.02156193223190742
0 0.9283339695870714 0.3646087392985656 0.01630400203601193 0.013078549058697922
0 0.8740251683800069 0.2807449420352646 0.02252451849226042 0.024616960100831052
0 0.7907583008389459 0.2418501450759516 0.020308992083185623 0.015754854464531894
0 0.8396845090393478 0.20951987081019344 0.01144688644688643 0.015426628329854137
0 0.8149444641380124 0.19622671235574465 0.0077543424317618685 0.01312904538710989
0 0.7819885088030248 0.22264891619730334 0.0068312064279805376 0.015426628329854137
0 0.784388662412856 0.16783515170611948 0.004615680018905893 0.018708889676631625
0 0.8446885428253615 0.7546107471951001 0.024718823384006938 0.016479215589337893
0 0.8027824125571622 0.7243988519479806 0.0274224446916326 0.023345555418228723
