0 0.641666666666667 0.300462962962963 0.091666666666667 0.108333333333333
0 0.19581211092246753 0.22332264352637862 0.25997453310696095 0.20593598692070672
0 0.970080085125448 0.35593389088012745 0.0276517697132616 0.06222620469932302
0 0.8592979950716845 0.3310434090003983 0.02240143369175622 0.022401433691756272
0 0.889399921594982 0.33882168458781364 0.025201612903225805 0.021779171644763066
0 0.7614667338709677 0.19943498606133017 0.04095262096774194 0.06907108721624851
0 0.8396967405913979 0.09676174830744724 0.01190076164874562 0.02177917164476305
0 0.8603480622759857 0.09240591397849462 0.01190076164874562 0.02177917164476305
0 0.9125014000896058 0.13285294703305459 0.01190076164874562 0.02177917164476305
0 0.9254522289426523 0.14032009159697334 0.01190076164874562 0.02177917164476305
0 0.9622045810931901 0.1950791517323776 0.01190076164874562 0.0217791716447631
0 0.9041008624551973 0.3189092990840303 0.01190076164874562 0.021779171644763066
0 0.9280773969534051 0.3073974512146556 0.02415154569892473 0.02489048187972917
0 0.49599065249266866 0.03597806017160856 0.07102272727272724 0.06245248180732052
0 0.6399453201368525 0.019007277071793203 0.03971163245356796 0.027153252959704572
0 0.32778897849462363 0.10284294558488107 0.018710288367546415 0.026474421635711957
0 0.6651469330400783 0.13372977082654502 0.017564760508308887 0.03258390355164548
0 0.6651469330400783 0.13372977082654502 0.017564760508308887 0.03258390355164548
0 0.7050494868035192 0.151379385250353 0.01718291788856316 0.0190072770717932
0 0.7344513685239492 0.07059845769523189 0.014891862170088033 0.014934289127837515
0 0.7461416271900143 0.02983098144388461 0.017153545379351827 0.017127436482275188
0 0.804886645612452 0.07244070147295949 0.011983983758177198 0.020469375308085003
0 0.7978372434017594 0.030248723797110834 0.01668358523197233 0.019633890601632537
0 0.6338211519663133 0.11003751326331966 0.010104143168659282 0.021304860014537425
0 0.6568491991879088 0.07160521676650702 0.013863824347695265 0.017962921188727648
0 0.6523845777878036 0.048420516162451584 0.014333784495074841 0.01503872471614407
0 0.6710654936461388 0.09458104619394937 0.009869163094969532 0.020469375308084986
0 0.6802297165200392 0.13844399328270293 0.009399202947590035 0.022140344720989868
0 0.7063125046996014 0.0987584697262116 0.012688923979246597 0.017962921188727648
0 0.6999908177017359 0.005411852186045704 0.013113334143110719 0.010823704372091408
0 0.6660134220618091 0.009361606135799625 0.011514023610797775 0.014620982362917846
0 0.7177148992707947 0.03051401419959073 0.016801075268817203 0.015105947623559787
0 0.7002379186750709 0.049396448729040456 0.011973180076628375 0.015105947623559778
0 0.7153009516747002 0.08784795177082899 0.012745643307378563 0.017852483555116105
0 0.7583657767890247 0.08613136681360628 0.009269558769002716 0.01647921558933794
0 0.7604900506735879 0.050941375190540886 0.008110863922877281 0.02094233647811697
0 0.7878159374613769 0.13265081915434154 0.018346001730317734 0.016822532580782486
0 0.8005615807687553 0.16269105590573887 0.015256148807316676 0.01579258160644887
0 0.755275923866024 0.12578447932545073 0.012745643307378563 0.020942336478116975
0 0.7354815535780497 0.10449882585588921 0.010235137807440299 0.009956192751891689
0 0.6941547707329132 0.08046663645477137 0.010235137807440451 0.012016094700558916
0 0.7417578173278951 0.0890495612408849 0.005793474230626565 0.011329460717669835
0 0.7808637683846249 0.08750463477938447 0.015256148807316829 0.029525261264230485
0 0.8390881844024225 0.03755201252420381 0.009269558769002564 0.014762630632115243
0 0.8298186256334199 0.140547109957566 0.010042021999752905 0.01819580054656065
0 0.8195834878259795 0.204060753374806 0.018925349153380223 0.023688872409673288
0 0.834067173402546 0.24869196226259627 0.011586948461253282 0.025748774358340523
0 0.8471990483252998 0.35477691261895933 0.011586948461253282 0.023002238426784196
0 0.8665106290940551 0.267574396792046 0.013131874922753658 0.014075996649226161
0 0.8820564516129032 0.3087724357653909 0.01564238042269192 0.023688872409673354
0 0.8823461253244346 0.21144206869086363 0.010042021999752753 0.02059901948667243
0 0.897795389939439 0.37125612820829723 0.017380422691879845 0.016822532580782486
0 0.8657381658633049 0.40387124239552863 0.016607959461129657 0.017509166563671543
0 0.9366116672846373 0.3302297477306747 0.017380422691879845 0.018539117538005197
0 0.9061959275738475 0.2936664881418311 0.010621369422815392 0.02231560444389514
0 0.9628717503743024 0.2958350347080441 0.012972982169592966 0.015501414031426268
0 0.8577055260650606 0.23779925290746032 0.01020824826459787 0.01663566383860381
0 0.8679137743296584 0.3599201488135747 0.010633591942289434 0.013610997686130423
0 0.9458580032666394 0.2703144140465496 0.015950387913434075 0.02268499614355065
0 0.9344800598883898 0.27957745413849944 0.008506873553831455 0.0253315790269649
0 0.9416045664897236 0.20604025830648945 0.006592827004219488 0.01361099768613039
0 0.9018349326255614 0.17692784658893276 0.011271607458826705 0.015879497300485473
0 0.9097037906628556 0.1931854271584774 0.008719545392677315 0.011342498071775342
0 0.8805677487409826 0.24176912723258173 0.013398325847284683 0.012476747878952883
0 0.8278251327072274 0.16369493217186157 0.0125476384919014 0.015879497300485473
0 0.851325370899687 0.12286193911347038 0.00723084252075676 0.023441162681669004
0 0.9946661902817475 0.213601923687673 0.009357560909214585 0.01814799691484052
0 0.8958801211378793 0.29129803547933397 0.012972982169593118 0.02381924595072819
0 0.9239528038655233 0.186001845046353 0.008294201714985749 0.015123330762367099
0 0.9269302096093643 0.22116358906885655 0.006592827004219488 0.01361099768613039
0 0.8997082142371036 0.2226759221450932 0.006592827004219488 0.01361099768613039
0 0.9605323601469987 0.254056833477005 0.006592827004219488 0.01361099768613039
0 0.8369700217775964 0.28846241096139014 0.006592827004219488 0.01361099768613039
0 0.8624906424390909 0.2812788288492658 0.006592827004219488 0.01361099768613039
0 0.2266465053763441 0.03942652329749104 0.026545698924731184 0.019115890083632018
0 0.3017731596360629 0.015866451350322365 0.015324057662767326 0.014113723791143144
0 0.2753714699279215 0.050658421626163616 0.01864734727637952 0.01608308059920963
0 0.2538624010398204 0.1020258117032311 0.024740044901335217 0.02231937715808684
