0 0.459114583333333 0.337037037037037 0.0453125 0.053703703703704
0 0.9655666383701189 0.23589888700245237 0.06808856819468022 0.058165126076840906
0 0.9766199773627618 0.18323586744639378 0.045981890209394465 0.05344903477331317
0 0.9478812959818903 0.3710935043702447 0.025643746462931508 0.05187700433880402
0 0.7936638649098894 0.3910427919969038 0.020823867938815813 0.05384757770037188
0 0.7238565803422685 0.4360560014808084 0.058212176283507444 0.05637168290507676
0 0.45906216871119193 0.4726555269490299 0.02744964410116619 0.1161088394164269
0 0.6826821141905196 0.3468709509145675 0.035495229441163095 0.05637168290507683
0 0.47300340042275524 0.22020545497248006 0.017806267806267772 0.08424470790062186
0 0.3528131152506437 0.09109495683780099 0.03170907163410576 0.10180557658976558
0 0.23378577919127672 0.08941222003466437 0.03596849916704529 0.03449610446430074
0 0.1575893533242466 0.14999074494758274 0.035021959715280944 0.06646810372389657
0 0.1168421445639187 0.3863334660825701 0.23054808841099164 0.4911721757599895
