0 0.71484375 0.035648148148148 0.0640625 0.071296296296296
0 0.21470481803143093 0.4758753791011855 0.12730045492142264 0.09305210918114147
0 0.8823924731182796 0.6039426523297491 0.2325268817204301 0.3154121863799283
0 0.6497695852534563 0.843915343915344 0.06912442396313359 0.1740911418330774
0 0.4233984873336978 0.2666200919344714 0.06777382905048294 0.1528866209019299
0 0.4372917613206119 0.38178773957965234 0.11453127366348635 0.15649452269170583
0 0.6940710872162486 0.16812690827027746 0.04256272401433687 0.07301208018053891
0 0.5780365732880589 0.15681003584229392 0.1030171194114318 0.06209520216311388
0 0.6328611346915677 0.07113437716154185 0.017243208828522903 0.03694271521096648
0 0.4851885257498586 0.1410897314972018 0.07295203735144307 0.12969251084701
0 0.4553445104697228 0.0396937684713576 0.08931097906055457 0.0793875369427152
0 0.34459005376344093 0.04008677607998491 0.04996109224674595 0.06759730868389613
0 0.2950742086930183 0.1268531139044542 0.09702029380584581 0.09928147138506069
0 0.2808761169165531 0.029675063523314307 0.10080645161290322 0.0546889461019402
