0 0.675260416666667 0.781018518518519 0.061979166666667 0.073148148148148
0 0.519014108622697 0.6455037326210534 0.053078556263269676 0.049844378999916214
0 0.3486690151779823 0.6271301579907613 0.03942490586545554 0.030192064662776224
0 0.7207637792315211 0.8431753431753432 0.017623505526731326 0.0605726412178025
0 0.6292192173983345 0.7316499133137503 0.027285956827552752 0.022008426083128984
0 0.8298186256334199 0.650544500748431 0.017380422691879845 0.02403218940111778
0 0.9053616672846374 0.686201403479861 0.02104962303794339 0.02712204232411867
0 0.9685723334569275 0.7224694104560624 0.059286552960079085 0.045661159862124004
0 0.8080420254466008 0.7739341320500555 0.04176841023004749 0.0414114152708164
0 0.8393046709129512 0.9597896643304492 0.04644373673036082 0.07647877999223807
0 0.20951825127334467 0.560428849902534 0.0689728353140917 0.030916598545347868
0 0.04189873907325756 0.505157164590908 0.011845362419741625 0.04168708044317231
0 0.9310035842293907 0.8028673835125448 0.0456989247311828 0.050975706889685474
0 0.9125224014336919 0.8349263241736359 0.03651433691756267 0.024293110314615736
0 0.7007036685641997 0.7719797596457937 0.03241619228336497 0.030219973293977177
0 0.6493354538833911 0.8033267170267556 0.0392248211455254 0.026893620262081898
