0 0.723697916666667 0.386111111111111 0.1671875 0.198148148148148
0 0.47126131861912846 0.1816638370118846 0.10169071873231471 0.18864365214110546
0 0.4587331563903634 0.6041770639565658 0.059973458554512055 0.06200565612570507
0 0.664986559139785 0.480884109916368 0.06518817204301075 0.11827956989247312
0 0.730510752688172 0.6959378733572282 0.07661290322580645 0.15651135005973715
0 0.5540994623655914 0.8405017921146953 0.0396505376344086 0.06810035842293907
0 0.24361559139784947 0.8835125448028673 0.061155913978494625 0.08721624850657109
0 0.8099985065710873 0.8219168989778309 0.043682795698924734 0.07102084163016051
0 0.8155988649940262 0.8982477100756671 0.06309737156511336 0.02854108588875617
0 0.979876045400239 0.8627372892605867 0.03920250896057342 0.06504712597902564
