0 0.697395833333333 0.306481481481481 0.185416666666667 0.22037037037037
0 0.4000393956247683 0.17917027149507683 0.09095754542083802 0.14419313640670708
0 0.44088338895068596 0.3537469616446257 0.04287170930663705 0.09784534256169407
0 0.42031655543196145 0.26568615333910106 0.015642380422691844 0.07415647015202079
0 0.4571051167964405 0.28319531990277264 0.042871709306636974 0.0906356857413587
0 0.47825129773822767 0.263111275903267 0.05735539488320361 0.14522308738104064
0 0.52228170189099 0.26465620236476745 0.024911939191694484 0.084455979895357
0 0.5448762513904338 0.10810365426605693 0.024911939191694484 0.06591686235735178
0 0.3855557100482017 0.10089399744572157 0.05040322580645161 0.06385696040868453
0 0.36238181312569523 0.032402257652535724 0.060831479421579494 0.06282700943435093
0 0.4151024286243975 0.04476166934453918 0.04229236188357433 0.058707205537016444
0 0.47043010752688175 0.06381576236971118 0.04287170930663705 0.09681539158736045
0 0.4805686874304783 0.09213941416388578 0.03765758249907305 0.08754583281835786
0 0.43943502039302934 0.00922836073002923 0.04576844642195033 0.014419313640670704
