0 0.330208333333333 0.164351851851852 0.063541666666667 0.09537037037037
0 0.35234375 0.100462962962963 0.056770833333333 0.067592592592593
0 0.475 0.140277777777778 0.079166666666667 0.093518518518519
0 0.6438172043010753 0.05675029868578255 0.05510752688172043 0.06332138590203107
0 0.5787970430107527 0.009557945041816009 0.04536290322580645 0.016726403823178016
0 0.34238415719037674 0.6521363554317836 0.032635182176839195 0.0459847176022623
0 0.48815463758025834 0.6117385661363381 0.032635182176839195 0.052860937056806175
0 0.47111182022124237 0.5131077933352243 0.02562466156107368 0.04641448131817125
0 0.6466547192353643 0.5949157042347006 0.03733572281959378 0.06371963361210664
0 0.5600358422939068 0.6015531660692952 0.016427718040621275 0.06637461834594449
0 0.5091374269005848 0.4498627093420528 0.01739058668175814 0.04558888260076712
