0 0.74375 0.305092592592593 0.055208333333333 0.065740740740741
0 0.844067090716341 0.3148821242869403 0.02366348629410873 0.018089420633718673
0 0.8711617825230956 0.30773049287360965 0.04188437074057255 0.039123630672926436
0 0.6347072879330944 0.4137129961502721 0.16427718040621275 0.11283685118810569
0 0.46639784946236557 0.2913496405290406 0.04745566874174687 0.049256953614621984
0 0.5380234861346915 0.2206082709761261 0.04509762308998298 0.027248527531493004
0 0.46315553669119036 0.24838080865245551 0.026822769288813372 0.02200842608312895
0 0.6992826239104155 0.27500300453154053 0.015508684863523584 0.02686404671516333
0 0.71866847998982 0.27677037602595916 0.020877075777820265 0.025450149519628425
0 0.8690541279387642 0.4427130793997935 0.02619828685985058 0.04404349674989368
0 0.8073233668086832 0.371086089132346 0.016325573138567535 0.027050787854196245
0 0.8536848245080138 0.40912625955230947 0.027262122134307138 0.03437704289804112
0 0.9412564668289713 0.42687833908162576 0.05309773787786573 0.023105881292125968
0 0.9808816443497667 0.29246973693108813 0.02742062284439041 0.023669439372421712
0 0.9498155051734632 0.22413831969522782 0.056901754919862005 0.05325623858794887
0 0.8571718401298437 0.2626011586754131 0.020922093730980022 0.025923671693604756
0 0.7754039894916912 0.27594493320299773 0.03341122922776143 0.025116758987726705
0 0.6582383055955071 0.07115189979377363 0.017336141360180787 0.031200298305291103
0 0.3637501092752863 0.28387291041369195 0.06529198356499696 0.050995133607250054
0 0.34626606346708627 0.27950189896164196 0.07294125360608443 0.09373391224951677
0 0.2982357357357357 0.194683931243071 0.011049355807420324 0.04170837504170838
0 0.31776130969679356 0.2039674082684835 0.008324857115179688 0.027446801640350058
0 0.28665661629371303 0.1886294897047585 0.01907149084568436 0.030137664546266686
