0 0.948177083333333 0.255092592592593 0.105729166666667 0.125
0 0.6985179683078664 0.25004716091303536 0.07516270514997164 0.23423253474187267
0 0.6433341733870968 0.15774342891278376 0.044627856182795696 0.08400537634408602
0 0.6199701780913979 0.09660618279569892 0.04725302419354839 0.0942727001194743
0 0.5147405660377359 0.32855436081242534 0.061498275512274256 0.06649985347489912
0 0.7463925967123965 0.40099424600722333 0.07454270176739591 0.05767725456268282
0 0.49867041850390653 0.12997344060235683 0.03239344008664041 0.030513223829538506
0 0.4648265258760733 0.04552487042623968 0.02369072483948325 0.019769130931813685
0 0.39278738299682836 0.24901798990914797 0.0377117660710142 0.07091101312498385
0 0.3474607410845517 0.35065710872162487 0.04278834996518922 0.05157164590907919
0 0.4945608029705269 0.38740190643184375 0.07107217451844976 0.04168708044317231
0 0.657258064516129 0.5412186379928315 0.0739247311827957 0.08960573476702509
0 0.721680854241338 0.7790720828355236 0.04806974313022688 0.11283685118810569
0 0.9645964008363201 0.3604971458914111 0.014934289127837482 0.025720164609053492
0 0.9646547379032258 0.42204923337315814 0.025201612903225805 0.030801971326164874
0 0.27941480562448306 0.8524032717581105 0.15146815550041354 0.1461262751585333
0 0.6207797578765321 0.8176930596285434 0.03571697120084215 0.08229524358556624
0 0.9875481842158652 0.2603638330966389 0.02377510651247711 0.04959311106602644
