0 0.041145833333333 0.526851851851852 0.053125 0.062962962962963
0 0.8430956423316356 0.6823555304030686 0.11672325976230903 0.17135131736150414
0 0.551287492925863 0.16122744136326478 0.1043435200905489 0.3049739042947871
0 0.7683750707413696 0.2932779978620387 0.03802348613469156 0.08174558259447907
0 0.7268145161290323 0.3797396717600453 0.022106677985285907 0.07860152172546073
0 0.4694927843803056 0.2932779978620387 0.04156055461233731 0.07545746085644219
0 0.6807332220986281 0.3928850986693034 0.06604560622914346 0.07518642112635436
0 0.7102799406748239 0.6107197297408644 0.06604560622914346 0.049437646768013876
0 0.5863828869953337 0.26628119293974434 0.03487015621829983 0.05241090146750525
0 0.31456782464846983 0.3786416689642496 0.2641645988420182 0.16542597187758476
0 0.24887574113154454 0.5468462131109101 0.03297407295749171 0.02512310320570801
0 0.2903288614209627 0.4692437387643899 0.0348583056979198 0.021773356111613563
0 0.23835544166415434 0.1699996650252906 0.02135463772485174 0.04410500340557622
0 0.32864159380966734 0.28668252213624534 0.025437141995779324 0.021773356111613563
0 0.12906994271932468 0.19372704027512588 0.037056577228419256 0.02903114148215142
0 0.03878379057381168 0.270771223439297 0.03171791779720631 0.044663294587925284
