0 0.341927083333333 0.256481481481481 0.066145833333333 0.077777777777778
0 0.048958333333333 0.430555555555556 0.055208333333333 0.064814814814815
0 0.2315493646138807 0.35987111255928456 0.03339850114043662 0.028239383078092744
0 0.27380661453242094 0.32493392708446467 0.02912186379928314 0.0409109011259549
0 0.25483354011579823 0.3892105505008731 0.025847808105872616 0.03400422755261464
0 0.053911142620820036 0.512964932319771 0.03877171215880893 0.05185972927908411
0 0.0822514179369018 0.5272427691782531 0.03230976013234077 0.060721834915383306
0 0.12277708850289494 0.4679979518689196 0.04172574737090866 0.03610487481455222
0 0.1587793926503604 0.4478120445862382 0.027324825711922494 0.024616960100831087
0 0.10154496041592814 0.4683261780035973 0.02067824648469808 0.030196804390352754
0 0.13265464374335342 0.5139496107238043 0.029355724920241053 0.038730683891974156
0 0.20872105045492143 0.4112148305696693 0.02455541770057896 0.0269145430435753
0 0.06526571546732837 0.615863825541245 0.027878707314191183 0.04234117137342954
0 0.06840437788018433 0.6787191303320337 0.024924672102091455 0.05776779970328357
0 0.04920314900153609 0.6194743130227002 0.03083274252629091 0.06466054853151634
0 0.1795441967109424 0.5233589851711293 0.009512373497786232 0.034261016234450783
0 0.24378360215053763 0.4487973504814111 0.029278344402277036 0.0217425679949399
0 0.017017398126355623 0.6791576291783962 0.0323042133924039 0.07537649791560913
0 0.027617218145738153 0.5810912670943129 0.040812912455581704 0.06999246235020841
0 0.2785766524351676 0.8439278937381405 0.03879071790006327 0.04612059877714515
0 0.10457220986281053 0.533645065161565 0.02529817080706958 0.0436012579134567
0 0.24949596774193547 0.17204301075268819 0.02385752688172043 0.027479091995221028
0 0.27318548387096775 0.260752688172043 0.02486559139784946 0.032855436081242535
0 0.3136760752688172 0.17562724014336917 0.021841397849462367 0.027479091995221028
0 0.21186155913978494 0.1388888888888889 0.023185483870967742 0.025686977299880526
