0 0.418489583333333 0.543518518518519 0.1109375 0.131481481481481
0 0.5610144312393888 0.6744953782305225 0.07604697226938312 0.08646167389800678
0 0.41869479646697394 0.83442140296979 0.11760752688172044 0.22828127666837342
0 0.5021654719235364 0.6539891145625913 0.03957586618876943 0.06969334926324165
0 0.6880040322580645 0.5352449223416965 0.06686827956989247 0.07885304659498207
0 0.6380051626056362 0.68222572972499 0.02856696590049653 0.042199642673155534
0 0.01387198214648001 0.03830645161290324 0.026019476567255034 0.07661290322580648
0 0.10248655913978495 0.06541218637992835 0.021841397849462367 0.06123058542413381
0 0.13440860215053763 0.041517323775388325 0.04032258064516129 0.07915173237753884
0 0.14213709677419356 0.13530465949820789 0.03293010752688172 0.08064516129032258
0 0.1742271505376344 0.10931899641577061 0.03192204301075269 0.08721624850657109
0 0.20698924731182797 0.15173237753882915 0.0396505376344086 0.05973715651135006
0 0.15540994623655913 0.23148148148148148 0.04334677419354839 0.08542413381123058
0 0.19506048387096775 0.2541816009557945 0.039986559139784945 0.10931899641577061
0 0.21858198924731181 0.03643966547192354 0.03595430107526882 0.07287933094384708
0 0.24630376344086022 0.07765830346475508 0.02956989247311828 0.07407407407407407
0 0.265625 0.07228195937873358 0.028561827956989246 0.04659498207885305
0 0.2550433498014143 0.021526903247333355 0.03541848299912813 0.0398247710075667
0 0.29318633149278306 0.08153314604927508 0.01362249346120313 0.02314142099088336
0 0.33602150537634407 0.10306004929660843 0.041775646614356274 0.09740923719418343
0 0.32497214956892373 0.27527527527527523 0.044500145306596905 0.1006382726812834
0 0.42257406571922695 0.03129307968017639 0.03971163245356796 0.06015489886457629
0 0.39931103842394167 0.1196455873875228 0.02749266862170086 0.06892748828232696
0 0.3887369351079028 0.1455456132875487 0.024672907737423873 0.08981460594363819
0 0.3873270546657643 0.3103449716352942 0.017623505526731326 0.0660032918097434
0 0.40400985663082445 0.42572680207088814 0.04144265232974908 0.07566706491437672
0 0.42327508960573473 0.3578255675029869 0.02262544802867381 0.055356431700517766
0 0.447244623655914 0.2893269613699721 0.02396953405017926 0.0553564317005177
0 0.42831541218637986 0.2124651533253684 0.017025089605734792 0.07765830346475508
0 0.48118279569892475 0.43050577459179606 0.03225806451612903 0.038231780167264036
0 0.5180331541218638 0.3546395858223816 0.0114247311827957 0.040223018717642396
0 0.6333128211771818 0.5299573443115352 0.04156410588590918 0.03358715627144179
0 0.6220446301334369 0.46086376569599785 0.033872047329101325 0.03838532145307635
0 0.6840534179729671 0.4567853252916084 0.02186164010882232 0.03454678930776873
0 0.5672653958944281 0.3777922595126896 0.05274519387422614 0.09449332029977195
0 0.5779569892473119 0.29687556569276996 0.01669925057021833 0.06227146012092245
0 0.5250778155065082 0.17631893353455327 0.0732173174872666 0.08929132868012327
0 0.5004067628749292 0.051971326164874605 0.023875212224108707 0.05250581651260768
0 0.5216291737408035 0.09583097528768161 0.022106677985285754 0.05847953216374268
0 0.5149087436332767 0.01314217443249707 0.019984436898698336 0.024523674778343704
0 0.6118244199207696 0.10023266050430742 0.015032541029994404 0.06602527824938689
0 0.646045557441992 0.18213544614223734 0.022990945104697232 0.039929573036533966
0 0.6374681663837012 0.21279003961516701 0.02281409168081492 0.024523674778343694
0 0.6088850419411135 0.3728098982279019 0.012666779260260096 0.046913997260222606
0 0.6027275798007093 0.4131559358716933 0.010203794404098382 0.0369056778447084
0 0.6344824916962225 0.35279325939687367 0.031842875640376044 0.06630511612778123
0 0.6760013792715194 0.30759944203619255 0.06562095366773632 0.08726003490401396
0 0.6450381410797725 0.3887606572963776 0.017768676462309327 0.028148398356133482
0 0.7052475027040784 0.325019617823588 0.012725074759814298 0.05196072193590801
0 0.7469022396131577 0.3729153853223332 0.05229210409111153 0.10887008405618823
0 0.7032592097728574 0.38829151732377537 0.048116688935547526 0.06468579669572226
0 0.7644986320544633 0.3851102486338218 0.04135649296939613 0.0943776378019554
0 0.716680187058599 0.23612083165433043 0.061438251574727966 0.07705739715665273
0 0.751574728001527 0.2617477183234007 0.019087612139721218 0.05690936212028025
0 0.6729377425717377 0.1329063363802818 0.03559044346885535 0.05302114483255923
0 0.7078322835146658 0.11699999293051404 0.053286250556721926 0.10462839246958355
0 0.7706623401412482 0.0482492417976289 0.036584589934465894 0.05125377333814058
0 0.745311605268181 0.10957703265395573 0.037181077813832196 0.11028398125172317
0 0.7933288795571675 0.11505588428665352 0.04930966469428019 0.05054682474037313
0 0.7735453648915187 0.10056343803242067 0.037181077813832196 0.09013594621535069
0 0.7907440987465801 0.22445617979116742 0.053683909142966175 0.09119636911200185
0 0.7986493574613166 0.3942215228603899 0.03819171256228702 0.06935338170586008
0 0.7950432730133753 0.477125040067605 0.06277865198006809 0.08829443133141006
0 0.8435298479792362 0.48077424847910577 0.06952169076751938 0.08960573476702509
0 0.9005205485693457 0.4910596764068607 0.06464142518680523 0.0850495109653119
0 0.9373974849644615 0.4968815179312719 0.03588026243849105 0.09669319401413438
0 0.9607481319482413 0.5308000728995809 0.02562875888463638 0.021768624830407163
0 0.9121958720612358 0.3596885567907984 0.02534399489702943 0.05214345017516148
0 0.837302943320576 0.3412105380394063 0.054389921632950554 0.11036186541927381
0 0.8593721523601239 0.2951420529331957 0.0563832695462001 0.09719944110321367
0 0.8165151722252597 0.028349836988437318 0.05211180973209406 0.05366219144239921
0 0.9036529524330235 0.04581536156167102 0.11988563878257692 0.08656825223254966
0 0.8303262256242027 0.07821517526274224 0.06036996537269919 0.08251827551991577
0 0.851398760707126 0.1807302108012879 0.06777382905048301 0.08707449932162892
0 0.9217354656460724 0.1070712593402588 0.07517769272826684 0.08251827551991577
0 0.9251526334973573 0.16503655103983153 0.08485966830690732 0.08707449932162892
0 0.9147587479496992 0.2247737075511816 0.03616502642609815 0.04758722637344836
0 0.8766003736103517 0.10656501225117955 0.028191634773099973 0.06631836866938015
0 0.9531226112215258 0.44689621589178236 0.010192121490088201 0.03822045558783061
0 0.977727029506192 0.4327404915999933 0.03232813535137336 0.03878668455950218
0 0.9677737858635276 0.4685544740582197 0.024524792335524678 0.042467172875367325
0 0.9614833358813636 0.3738526785461505 0.04124624165520052 0.0733266518314676
0 0.9815490750649749 0.3742773502749042 0.010669877184936073 0.037371112130323285
0 0.9494598175610255 0.3380386960879241 0.03439841002904758 0.06171895791220054
0 0.9451600163073944 0.30703765988890586 0.03599092901187377 0.10050564247170272
0 0.9692866788972127 0.2458849309483769 0.021499006268154718 0.08068762846319794
0 0.9862470060643123 0.1835997440645048 0.02579880752178557 0.0738928808031392
0 0.9878215325046857 0.26214746856948695 0.023684891979875618 0.08147636637327867
