0 0.6578125 0.1125 0.196875 0.225
0 0.589322916666667 0.305555555555556 0.200520833333333 0.237037037037037
0 0.2509173920464243 0.642231325027024 0.304552824714115 0.1962792285372931
0 0.308521078682369 0.41560941381729916 0.11574074074074067 0.07111566251351197
0 0.06263867554190138 0.7289924332935086 0.1072068612391193 0.11568147768864606
0 0.09944420226678291 0.418429181870042 0.04631647776809067 0.057584466186616674
0 0.11321805676644386 0.4552940036811004 0.049646420614162544 0.04628284198176671
0 0.025396151669496346 0.5640338620684511 0.05079230333899269 0.08876696327417175
0 0.022301216751556333 0.38711657013235345 0.044602433503112666 0.10278750107713214
0 0.7968718299857983 0.6128694123216339 0.01838608236964902 0.03663127521922409
0 0.9721736153377967 0.5404521990036293 0.05389024142828149 0.06762696963549067
0 0.9845783814374647 0.370999182544174 0.027412280701754457 0.06130918694585928
0 0.9200268817204301 0.047160913035276364 0.028296547821165707 0.042444821731748725
0 0.30989729007396355 0.33960400825961146 0.030105973025048145 0.04385328830602
0 0.3374782460065884 0.25224273313029605 0.043702218907328005 0.028660023066139035
0 0.15991880623217025 0.15519469436520128 0.037579547948211535 0.023651037475922274
0 0.19406956330919464 0.11301294711432959 0.031544876014922105 0.024626337990393293
0 0.19722405091068687 0.08607027040206762 0.023315777924072863 0.018530709774949403
0 0.17089093701996927 0.00938726745178358 0.011795040596883926 0.015360983102918585
0 0.198252688172043 0.01999366054665594 0.01275510204081633 0.019993660546655936
0 0.06254114549045424 0.033891692877867995 0.025784507351327618 0.026820764147953088
0 0.05170616633750273 0.01609245848877185 0.02139565503620803 0.013654207202594297
0 0.28417818740399386 0.05461682881037719 0.012892253675663786 0.028283714919659614
0 0.3229921000658328 0.04791163777338892 0.01837831906956333 0.021212786189744714
0 0.3334842001316655 0.08424158193743447 0.016046741277156003 0.016336283617389605
0 0.42119267061663374 0.05205666495989077 0.023590081193767813 0.039255845707458596
0 0.5029350449857362 0.13702972228317847 0.0161838929120035 0.01706775900324288
0 0.4942259161729207 0.011337868480725622 0.019612683783190744 0.021212786189744714
0 0.4929915514592933 0.09899300221880866 0.013303708580206231 0.013166556945358784
0 0.5209704849681808 0.0491307634164777 0.015772438007461052 0.014385682588447564
0 0.5809057493965327 0.012922731816741032 0.01632104454685103 0.019506010289420422
0 0.6122448979591837 0.0158486333601541 0.027978933508887405 0.026333113890717574
0 0.7405233428610317 0.06955219817612632 0.01573771607458837 0.015879497300485462
0 0.7426500612494896 0.04573295222539813 0.01573771607458837 0.015879497300485462
0 0.7460528106710221 0.023426039350906657 0.01573771607458837 0.01587949730048546
0 0.8904569892473119 0.08656594528378932 0.016588403429971345 0.021172663067313947
0 0.8904569892473119 0.08656594528378932 0.016588403429971345 0.021172663067313947
0 0.8481352933170001 0.06898507327253754 0.006805498843065195 0.02230691287449147
0 0.7845464135021096 0.10887285815828078 0.01446168504151352 0.024953495757905713
0 0.8605765958894787 0.12267289747894077 0.013823669524976096 0.01474524749330793
0 0.944569543359866 0.41058821703982995 0.03185658427593911 0.03917826498471663
0 0.9616979123027509 0.39429626526400724 0.03382034632034619 0.03452342162019583
0 0.9112946864962993 0.3531784822107402 0.027710864404412713 0.03219599993793543
