0 0.774479166666667 0.900925925925926 0.104166666666667 0.124074074074074
0 0.05521363893604985 0.22017858265736023 0.10257498585172609 0.15248695214739352
0 0.14850382003395593 0.22253662830912405 0.03802348613469158 0.05030497390429479
0 0.20470275614880729 0.31962811903486726 0.026263749845507355 0.05424408464823744
0 0.30694613511868535 0.2806519239872861 0.07639734226009337 0.0619913888325331
0 0.3760524447149523 0.31418362976488357 0.07766534794075879 0.07833457316110998
0 0.33227604273679884 0.4251991872702782 0.029749674679816478 0.026253909549574243
0 0.37785618279569894 0.6323178016726404 0.09778225806451613 0.09020310633213859
0 0.5460349462365591 0.5869507500331873 0.08176523297491037 0.08695075003318724
0 0.6996714456391876 0.515598035311297 0.017921146953404916 0.06371963361210671
0 0.6569220430107527 0.6314217443249701 0.07131123058542405 0.07367582636399843
0 0.6035319593787336 0.7595247577326429 0.04293608124253287 0.09093322713394408
0 0.897880009775171 0.5956744868035191 0.04009347507331384 0.04140871076354943
0 0.98207630742913 0.6173970891712827 0.032838465298142494 0.04005104811556422
