0 0.741666666666667 0.446296296296296 0.091666666666667 0.109259259259259
0 0.9174017137096774 0.21530266825965752 0.04620295698924731 0.03733572281959379
0 0.8090697804659499 0.27161738351254483 0.054953517025089556 0.04915870171246516
0 0.8071446572580645 0.23708183990442055 0.028001792114695237 0.022401433691756272
0 0.1477574016791869 0.3260994091749726 0.0303800265134777 0.06792032863619255
0 0.34038978494623656 0.1603942652329749 0.0456989247311828 0.05077658303464755
0 0.42338709677419356 0.2661290322580645 0.03225806451612903 0.03882915173237754
0 0.3731518817204301 0.3652927120669056 0.057459677419354836 0.05316606929510155
0 0.4168346774193548 0.4387694145758662 0.022513440860215055 0.03524492234169654
0 0.03247777088502894 0.35238029592868303 0.02132444168734491 0.032166161198419245
