0 0.529166666666667 0.27962962962963 0.05625 0.066666666666667
0 0.8041878890775325 0.573885430421933 0.11141765704584047 0.10218197824309887
0 0.6609366157328807 0.6084700999811357 0.07958404074702886 0.0833176130289882
0 0.7559953310696095 0.41825441740552105 0.08046830786644042 0.12104634345720941
0 0.8683110719086021 0.4162933094384707 0.0766549059139785 0.05973715651135006
0 0.7352150537634409 0.5357676224611708 0.025726646505376344 0.07093787335722819
0 0.5763923891129032 0.22028076463560334 0.05565356182795699 0.13067502986857826
0 0.49789986559139787 0.3159535543608124 0.041477654569892476 0.08680555555555555
0 0.4430338541666667 0.10874029271206691 0.12075772849462366 0.07187126642771804
0 0.4065440188172043 0.2636835424133811 0.041477654569892476 0.04013590203106332
0 0.5577536962365591 0.4517622461170848 0.07402973790322581 0.13440860215053763
0 0.6771988407258065 0.40462589605734767 0.052503360215053765 0.07560483870967742
0 0.6454343077956989 0.21841397849462366 0.04672799059139785 0.06347072879330944
0 0.7003003192204301 0.10360663082437276 0.033602150537634407 0.06160394265232975
0 0.6895371303763441 0.2170138888888889 0.06247899865591398 0.06813769414575867
0 0.7829931115591398 0.11527404420549582 0.10133148521505377 0.07373805256869773
0 0.7874558971774194 0.23101478494623656 0.13020833333333334 0.13720878136200718
0 0.6895371303763441 0.282351403823178 0.021526377688172043 0.07560483870967742
0 0.7084383400537635 0.3047528375149343 0.04672799059139785 0.05693697729988052
0 0.7352150537634409 0.336488201911589 0.034127184139784945 0.07560483870967742
0 0.8659484206989247 0.3350881123058542 0.10763188844086022 0.08213859020310633
0 0.8693611391129032 0.3560894563918757 0.034652217741935484 0.07560483870967742
0 0.3225806451612903 0.4327956989247312 0.05712365591397849 0.06720430107526881
0 0.6091662593678723 0.541182433655552 0.08502362333007493 0.06335759023931063
0 0.5658907624633431 0.5615473733753303 0.06262218963831871 0.06969334926324171
0 0.6048387096774194 0.6375764816625031 0.10793418051482569 0.08598530103906445
0 0.5823582121020451 0.8947337596926463 0.13967952772506853 0.1253308969944011
0 0.8756924079504724 0.13524130190796863 0.1069159335288367 0.10227725281488723
0 0.9171859726295208 0.04563556714094355 0.0697499185402411 0.08779551790304478
0 0.8207070707070706 0.049708555084899235 0.04683936135549042 0.09232106006299554
0 0.8746741609644836 0.037489591253032174 0.03971163245356788 0.06969334926324174
0 0.8527818507657218 0.0827450128525398 0.04276637341153477 0.05702183121537959
