0 0.203645833333333 0.266203703703704 0.094791666666667 0.112037037037037
0 0.411458333333333 0.419907407407407 0.053125 0.087962962962963
0 0.9107420769666101 0.7696032195183299 0.052171760045274414 0.2200842608312897
0 0.6168199764784946 0.7443809737156512 0.06720430107526881 0.0774716248506571
0 0.49684979838709675 0.9263926224611708 0.06877940188172044 0.1129405615292712
0 0.4600974462365591 0.6655092592592593 0.05827872983870968 0.054136798088410994
0 0.5931934643817204 0.9473939665471923 0.08295530913978495 0.07467144563918758
0 0.741252940188172 0.4246938470728793 0.04200268817204301 0.08213859020310633
0 0.6832367271505376 0.7361360015929909 0.05040322580645153 0.181700517722023
0 0.9744553651433693 0.5149218438868977 0.04970318100358418 0.09396156909597768
0 0.9835559475806451 0.07404918359219435 0.020301299283154224 0.028624054161688582
0 0.8981504816308244 0.04573626045400239 0.03150201612903226 0.029246316208681802
0 0.5474280353942653 0.3624676423735564 0.045502912186379876 0.05164774990043803
0 0.6198826724910395 0.3634010354440462 0.025201612903225805 0.04604739147749896
0 0.6377421488308586 0.06329293963702566 0.030135261990100724 0.030816787089188526
0 0.6536098310291859 0.048121598300809774 0.01333418672128352 0.02323111642108058
0 0.7156137992831543 0.01517134133621589 0.010934033111452425 0.026549847338377803
0 0.3758587216248507 0.054047903510269106 0.04080261136712746 0.042669397508107186
0 0.4158510247219924 0.3417220639442862 0.021827037956070192 0.06075830448590307
0 0.19998079877112135 0.8219599993793542 0.08684192151934088 0.20869214417601525
0 0.11815738025415444 0.6908485779453521 0.058476469766792334 0.048875855327468194
0 0.2729629241726016 0.3000356871324613 0.02792906018712472 0.03064438548309523
0 0.3038296986218386 0.2231729685159944 0.03265561108587006 0.06604741952311237
0 0.23307587460245346 0.12199841822740505 0.02555656519763742 0.03365473606273243
0 0.02274445564516132 0.37055704898446834 0.043577788978494625 0.05787037037037037
