0 0.539583333333333 0.312962962962963 0.057291666666667 0.085185185185185
0 0.5651534111976271 0.44541259836031805 0.0770532072673341 0.13080377374036994
0 0.5509593993325919 0.24354220739092822 0.042871709306636974 0.08136612697235611
0 0.7036174453096034 0.665822106867713 0.09790971449759002 0.1019651464590285
0 0.7905195587690026 0.5978453425616941 0.11992491657397114 0.06900671528035272
0 0.8942227474972193 0.3614715939521279 0.10370318872821659 0.1565525480987105
0 0.831073878383389 0.4253285543608124 0.03765758249907305 0.07827627404935525
0 0.7105696143863554 0.5046347793845013 0.08052929180571002 0.0803361759980225
0 0.730557100482017 0.4289333827709801 0.10428253615127922 0.08136612697235615
0 0.8035548757879126 0.36662134882379593 0.0718390804597701 0.07209656820335354
0 0.7580761030774936 0.26568615333910106 0.11760752688172044 0.17303176368804846
0 0.6367028179458658 0.2595064474930993 0.05445865776789025 0.18539117538005193
0 0.7027484241750094 0.11788818852222632 0.03128476084538369 0.056647303588349206
0 0.7905195587690026 0.09110946318955217 0.09790971449758987 0.07312651917768714
0 0.658718020022247 0.04321674288303875 0.09848906192065258 0.08239607794668972
0 0.475933908045977 0.02570757631936718 0.07937059695958473 0.04119803897334487
0 0.4466768631813126 0.22757796728875704 0.04055431961438641 0.04531784287067937
0 0.6685669262143121 0.43047830923248054 0.041713014460511615 0.06385696040868453
0 0.949260752688172 0.10140897293288838 0.09675101965146458 0.19672063609772175
0 0.852799406748239 0.13694228154739832 0.10775862068965507 0.08651588184402423
0 0.8475852799406749 0.23478762410909237 0.1054412309974045 0.17303176368804846
0 0.5376344086021505 0.5396531125118444 0.056776047460140894 0.05355745066534835
0 0.6071560993696701 0.5257487743583406 0.07763255469039675 0.08342602892102338
0 0.604549035965888 0.6277139208173691 0.10602057842046722 0.12668396984303543
0 0.4171301446051168 0.5139043381535039 0.03476084538375969 0.06797676430601901
0 0.6862370226177235 0.35323198615745893 0.049244530960326334 0.07827627404935525
0 0.6943478865406008 0.3053392658509455 0.027229328883945126 0.042227989947678485
0 0.7592347979236189 0.21882338400692128 0.052720615498702175 0.0710666172290199
0 0.32940289996741606 0.40858404836899465 0.05804007820136849 0.06245248180732056
0 0.561800338783326 0.9042405197950935 0.09252098983650023 0.09492479664817272
0 0.9168766801075269 0.06130525686977307 0.07350470430107527 0.09893966547192354
