0 0.323697916666667 0.573611111111111 0.113020833333333 0.134259259259259
0 0.04077060931899644 0.7796785054849571 0.07738677093515803 0.12309474675066097
0 0.5668931700517722 0.8435892175438173 0.26943946634806853 0.266805852229986
0 0.4760711958292604 0.6909778791499224 0.04174812642554578 0.061547373375330346
0 0.5442937438905181 0.7117953730856956 0.05396709025741281 0.052496289055428906
0 0.14077700972862264 0.2321310045324383 0.048003072196620596 0.10051013635243027
0 0.08957373271889404 0.12403519751190006 0.035202252944188425 0.08913163035026832
0 0.15224441030892646 0.09037378392217109 0.029335210786823687 0.06732282717945799
0 0.16584528076463564 0.15437788018433185 0.04480286738351258 0.07016745367999846
0 0.2133149854924049 0.26531831370541054 0.04373613244580985 0.13085281902486204
0 0.3239887352790579 0.29471278754432884 0.04533623485236385 0.1005101363524303
0 0.24718381976446496 0.06287572775027978 0.04213603003925585 0.11473326885513266
0 0.17363106175504095 0.037364169084599226 0.0430988595928368 0.07472833816919842
0 0.555736900494965 0.2273899603648708 0.06720430107526881 0.0929244656843223
0 0.40826079535756954 0.4573306024918929 0.043202764976958484 0.07680491551459293
0 0.3730585424133811 0.38526673114486737 0.022934801160607594 0.05784073884432303
0 0.34505675029868577 0.329796514384328 0.021334698754053593 0.07206387134702545
0 0.3813257381805769 0.31557338188162565 0.016001024065540225 0.06447820067891753
0 0.4034604881379075 0.31130644213081493 0.022934801160607594 0.04266939750810716
0 0.41039426523297495 0.16860101268703423 0.04213603003925582 0.0948208833513493
0 0.4215949820788531 0.24161309286757318 0.017601126472094185 0.06827103601297152
0 0.3789255845707459 0.14631810509946716 0.03253541559993174 0.07680491551459291
0 0.3415898617511521 0.12498340634541356 0.04533623485236385 0.10240655401945722
0 0.4615322560131028 0.024563349832167066 0.035605047953838315 0.04912669966433413
0 0.4866658132787165 0.05339363941514485 0.059203789042498706 0.10145834518594375
0 0.43424764370104874 0.45501275867663765 0.023231116421080576 0.03244981341357282
0 0.44212962962962965 0.5870244996091273 0.024060799150404856 0.03244981341357282
0 0.7091733870967742 0.5734767025089605 0.062163978494623656 0.06571087216248507
0 0.7825380824372759 0.5222023098367184 0.06440412186379924 0.08263639984070094
0 0.5806451612903226 0.5660095579450418 0.04704301075268817 0.03882915173237754
0 0.6304883512544802 0.6859816806053366 0.06720430107526881 0.04778972520908005
0 0.6153673835125448 0.7427319792911191 0.06720430107526881 0.055754679410593345
0 0.5854054659498208 0.41915571485463965 0.052083333333333336 0.10354440461967346
0 0.6164874551971326 0.40870171246515336 0.021281362007168434 0.07467144563918758
0 0.6080869175627239 0.4998008761449622 0.012320788530465976 0.035842293906810034
0 0.5248740982714033 0.33611602619360886 0.02296855859534505 0.080909819578664
0 0.49446202531645567 0.39849976558837313 0.02169252756227028 0.04839465843957472
0 0.46234857765074183 0.3905600169381304 0.016163059752279857 0.05671249035887664
0 0.5389104396352252 0.44613825748982955 0.009357560909214585 0.04234532613462788
0 0.546141282155982 0.49113016650787167 0.02296855859534505 0.031002828062852535
0 0.5740012930447802 0.500204164965292 0.03105008847148494 0.02344116268166902
0 0.6505631550292637 0.47449450266926785 0.013185654008438824 0.027978161910379117
0 0.6184497073635498 0.23554587662386764 0.021267183884578714 0.05520015728263993
0 0.573150605689397 0.13875655974471818 0.023393902273036615 0.061249489587586754
0 0.518068599428338 0.09489890053385358 0.026371308016877648 0.05822482343511335
0 0.49829011841567983 0.13119489436353463 0.02339390227303654 0.06276182266382349
0 0.5114757724241186 0.20000604933230495 0.01658840342997142 0.07637282034995387
0 0.6654244053437601 0.19226313312334822 0.025456174649723034 0.060642264943340206
0 0.6549873737373737 0.3995329640490931 0.037166014988595675 0.07150356612722207
0 0.7056451612903226 0.36242351833749686 0.06720430107526881 0.0877955179030448
0 0.6885895242750081 0.31762065095398434 0.017819322254806116 0.04344520473552729
0 0.7405201205604433 0.2922776148582601 0.06465868361029653 0.08870062633503495
0 0.8069607363962202 0.291825060642265 0.06007657217334643 0.08055465044712355
0 0.7779406972955359 0.4031533977770538 0.037675138481590056 0.08417508417508415
0 0.7318650211795373 0.4393577350566598 0.056512707722385085 0.0733137829912023
0 0.7025904203323559 0.4529343615365121 0.014255457803844924 0.05340139748741898
0 0.8145975887911371 0.4506715904565367 0.03563864450961223 0.08326997574309401
0 0.854309221244705 0.4017957351290685 0.047857608341479334 0.09232106006299559
0 0.8229981264255457 0.35427754244958554 0.022910557184750678 0.06788313239926143
0 0.7186278103616813 0.18230694037145656 0.06364043662430754 0.10589768654284784
0 0.7832864939719778 0.17913906085949102 0.05040322580645161 0.10499257811085767
0 0.7855775496904529 0.22258426559501832 0.032583903551645345 0.06697802396727127
0 0.7570666340827631 0.18683248253140733 0.023419680677745285 0.03891966257557654
0 0.7017879144265233 0.03204649542015134 0.06650425627240131 0.06035941855834329
0 0.7875434027777777 0.04044703305455993 0.04200268817204301 0.06471525288729589
0 0.7926187275985662 0.08276085225009958 0.023451500896057298 0.05102548785344484
0 0.8843245967741935 0.5298278483762355 0.07484115347018551 0.09299989138698814
0 0.9188813538611927 0.540349733898121 0.05383980938416431 0.0760291082871728
0 0.9824581500488758 0.47620017378081897 0.028256353861192542 0.06041598783534267
0 0.9595475928641252 0.48061257738677093 0.024437927663734198 0.04616053003149776
0 0.8568319281524928 0.34043390898229614 0.018328445747800726 0.030547409579667638
0 0.8768786656891497 0.4218936678614098 0.045439271749755705 0.09028456609101776
0 0.8923432917888563 0.32108721624850656 0.022910557184750983 0.06381014445530574
0 0.8911977639296188 0.25897415010318237 0.08018695014662737 0.07399261431519497
0 0.9232725439882699 0.30106169219072443 0.028256353861192848 0.04683936135549037
0 0.8969254032258065 0.19889757792983598 0.02902003910068415 0.052948843271423914
0 0.8358534946236559 0.5762087989317591 0.019271821631878603 0.022840677489633854
0 0.9266534234661605 0.4262070419565676 0.016554000632510987 0.04612059877714522
0 0.9649499920936117 0.41127275282873005 0.02495453826691959 0.048756061564410716
0 0.9299889310562934 0.36603064164733995 0.04595588235294125 0.07950312741584091
0 0.8903334519291587 0.40512333965844405 0.022977941176470625 0.04787757396865562
0 0.9338185879190385 0.470131421744325 0.025448687539531868 0.04787757396865555
0 0.8364711812144211 0.04274720640944557 0.019518896268184666 0.061933375500737915
0 0.8799563172043011 0.055265654648956414 0.02989603099304239 0.07994237121371846
0 0.8548782416192283 0.0809614168247945 0.04892077798861477 0.07862463982008575
0 0.8411655993042378 0.18352484362920804 0.05658009171410503 0.09575514793731113
0 0.9251709756483238 0.17473996767165653 0.050650300442757826 0.0843348091924942
0 0.9192411843769764 0.10907301988895922 0.044226359898798195 0.051391524351676154
0 0.9075051391524351 0.06448977440438548 0.042990986717267574 0.11332489985241408
0 0.9654441413662238 0.26566343383231433 0.06794552498418716 0.062372619298615484
0 0.969273798228969 0.09523684025581566 0.05386227071473757 0.07379295804343243
0 0.9371540955091713 0.029569892473118347 0.06522770398481985 0.054905474734696744
0 0.9695208728652751 0.16573546981516626 0.04397928526249213 0.05578396233045189
0 0.9930708292603454 0.4065106538224818 0.013186298468556611 0.03317988264224838
0 0.9861722059302703 0.3475616378842185 0.02545617464972311 0.0608232866297382
0 0.9832582226438962 0.037212734556188024 0.026684060721062646 0.07238737789022419
