0 0.579427083333333 0.026851851851852 0.0578125 0.053703703703704
0 0.8020095725150801 0.3550281201736748 0.023931287699973706 0.04516711833785005
0 0.8363493312352478 0.42161319462656993 0.0247508523472331 0.04137890841274003
0 0.7843069761342776 0.41228837019552994 0.023931287699973706 0.026226068712300012
0 0.7315270128507737 0.39961243698458493 0.035077366902701315 0.059154354984410046
0 0.7331661421452924 0.3586706297170498 0.03048780487804871 0.04720692368214004
0 0.5933393070489844 0.9742097732938036 0.10329549980087614 0.050149711639158184
0 0.4581010221691225 0.10138354204463325 0.031942785078985854 0.04203725828576484
0 0.4969758064516129 0.05515730784547988 0.019937275985663132 0.02031063321385902
0 0.5817652329749103 0.026284348864994027 0.026881720430107527 0.038231780167264036
0 0.6323924731182796 0.01592990840302668 0.02956989247311828 0.03106332138590203
0 0.527105734767025 0.19155714854639583 0.020609318996415747 0.04858622062923137
0 0.5698924731182796 0.167463162086818 0.024641577060931952 0.022700119474313024
0 0.5045922939068099 0.2694145758661888 0.03337813620071682 0.038630027877339684
0 0.58915770609319 0.2495021903624054 0.041666666666666664 0.03863002787733972
0 0.6136872759856631 0.28793309438470727 0.04861111111111114 0.03902827558741536
0 0.6733354011579817 0.15764953730214276 0.0351927848826111 0.03958912147497754
0 0.6919259400648979 0.18398337256898048 0.03857288286568684 0.03499395558948908
0 0.6928206718839472 0.2564456038401448 0.041555322262518325 0.047012081751535845
0 0.6948089648151684 0.23258608866549313 0.02604663739899474 0.025450149519628425
0 0.6890429153146275 0.3025739998444713 0.026841954571483088 0.024036252324093555
0 0.977721140190708 0.1673767498478393 0.03962517752079544 0.03268636865715378
0 0.779121863799283 0.5587415372361608 0.04032258064516129 0.051772202309836694
0 0.8360215053763441 0.5523695738749502 0.03046594982078863 0.04540023894862605
0 0.8004032258064516 0.5077658303464755 0.02956989247311828 0.05017921146953405
0 0.8204525089605735 0.5244922341696535 0.015905017921147003 0.02867383512544803
0 0.8360215053763441 0.4743130227001195 0.030017921146953303 0.05097570688968534
0 0.8674709027531606 0.30913650268488985 0.01827809287486712 0.04070004070004067
