0 0.295052083333333 0.100925925925926 0.065104166666667 0.135185185185185
0 0.3125353706847765 0.3082122869898762 0.09550084889643463 0.08960573476702513
0 0.5380234861346915 0.04804125007860153 0.04775042444821734 0.09432182607055276
0 0.5137061403508771 0.17694774570835692 0.06101443123938879 0.07231339998742377
0 0.42837436332767403 0.35065710872162487 0.05482456140350876 0.09589385650506195
0 0.5137061403508772 0.3121423630761491 0.04156055461233731 0.06916933911840537
0 0.8099356253537069 0.22253662830912407 0.06632003395585742 0.09117776520153424
0 0.8293895019807583 0.33729485002829657 0.057477362761742964 0.0597371565113502
0 0.8585703169213357 0.37030748915299005 0.04686615732880586 0.07545746085644228
0 0.6565642105856678 0.9210307978229125 0.13765052391924498 0.15674366122394784
0 0.6479428016726404 0.35646488782689495 0.05693697729988057 0.05309969467675563
0 0.5456325501128368 0.40928802159387584 0.04604739147749898 0.03244981341357289
0 0.48983638656577716 0.35250084812012333 0.03982477100756669 0.03244981341357289
0 0.5031113102349661 0.4015443161201823 0.02986857825567504 0.04351224980456361
0 0.4809172972255409 0.4612814726315324 0.03940992964290452 0.022862368541380882
0 0.43881089871233236 0.4727126569022228 0.04646223284216115 0.026549847338377744
0 0.3952525554228063 0.48709382421051084 0.03235762644364795 0.02728734309777724
0 0.375547590601354 0.5103249406315914 0.035261515996282966 0.020649881263182734
0 0.578612438603478 0.8532604687523047 0.024890481879729212 0.039824771007566755
0 0.33583482676224613 0.49933625381654057 0.04592293906810038 0.019248639320323876
0 0.3382616487455197 0.47610513739545995 0.030615292712066897 0.02721359352183724
0 0.3319145758661888 0.5375016593654587 0.01941457586618875 0.05044470994291784
0 0.3039127837514934 0.549117217575999 0.02613500597371563 0.051108456126377266
0 0.20476556693854125 0.9172972255409532 0.1803732866724993 0.16421080578786673
0 0.04957117255504355 0.4605924408791792 0.01120071684587813 0.023231116421080594
0 0.09184054446151224 0.448976882668639 0.02320148489503329 0.017067759003242866
0 0.08410671616316781 0.43096091483188254 0.02373485236388462 0.015171341336215902
0 0.09344064686806626 0.49852079421971895 0.025868322239289993 0.016593654586486158
0 0.23304958183990446 0.4352278545826933 0.021334698754053593 0.020860594337296857
0 0.028236473800989956 0.44850277825188223 0.022401433691756276 0.019912385503783377
0 0.02956989247311831 0.5068176215129621 0.025068271036012973 0.020860594337296857
0 0.02023596176821986 0.5459312358953936 0.013334186721283496 0.019438281087026603
0 0.7206541218637994 0.40959776981282364 0.01836917562724009 0.02429311031461567
