0 0.589583333333333 0.503703703703704 0.061458333333333 0.072222222222222
0 0.2140625 0.611111111111111 0.05625 0.066666666666667
0 0.11875 0.37962962962963 0.060416666666667 0.072222222222222
0 0.25078125 0.735648148148148 0.050520833333333 0.060185185185185
0 0.88359375 0.582407407407407 0.033854166666667 0.062962962962963
0 0.27889784946236557 0.30120801805389624 0.028375149342891284 0.035842293906810034
0 0.3261275388291517 0.5026549847338379 0.02202807646356033 0.020576131687242805
0 0.360663082437276 0.6427054294437807 0.024641577060931875 0.02986857825567503
0 0.3625298685782557 0.7459179609717244 0.014934289127837482 0.0292048320722156
0 0.19899940262843488 0.7299880525686977 0.034348864994026305 0.023894862604540025
0 0.2555630227001195 0.9387362272666931 0.025014934289127804 0.025886101154918312
0 0.22718787335722818 0.8159431833266959 0.017547789725209064 0.04048851719102618
0 0.2109468339307049 0.8451480153989115 0.020908004778972544 0.024558608787999453
0 0.18723864994026282 0.8258993760785877 0.013067502986857833 0.037833532457188325
0 0.16819743130227 0.8249037568033984 0.016054360812425346 0.026549847338377744
0 0.08195191158900836 0.8388424266560467 0.028001792114695334 0.022567370237621166
0 0.1351553166069295 0.8332005840966414 0.014187574671445642 0.016593654586486158
0 0.03322879330943847 0.9244656843223152 0.04704301075268817 0.04380724810832333
0 0.12171445639187575 0.8743528474711271 0.01866786140979689 0.03119607062259389
0 0.09389934289127838 0.9204832072215585 0.024268219832735964 0.026549847338377744
0 0.10790023894862603 0.9815478560998274 0.030615292712066915 0.026549847338377744
0 0.14990292712066905 0.626775521040754 0.03845579450418161 0.024558608787999453
0 0.01773446833930705 0.5199123855037833 0.03173536439665472 0.03916102482410726
0 0.023148148148148147 0.3407009159697331 0.04480286738351254 0.0809770343820523
0 0.732014848950333 0.9408602150537635 0.016001024065540072 0.03555783125675605
0 0.931827636968766 0.8896569380440348 0.02040130568356377 0.03413551800648573
0 0.9894054395951929 0.6391524351676154 0.011068943706514883 0.05270925574530889
0 0.9886148007590132 0.8640452596809333 0.018184693232131528 0.0569259962049337
0 0.980510752688172 0.9287019467285121 0.010673624288424966 0.06535947712418305
