0 0.60859375 0.479166666666667 0.084895833333333 0.100925925925926
0 0.22985639501980762 0.13450292397660818 0.1441355404640634 0.26724517386656604
0 0.1431982173174873 0.42061246305728484 0.14767260894170914 0.21065207822423437
0 0.29529216185625357 0.4630572847890336 0.12114459535936614 0.14462679997484754
0 0.40181871639784944 0.48100856232576666 0.08890568996415768 0.07716049382716055
0 0.35806591621863804 0.576836917562724 0.09870631720430108 0.0995619275189168
0 0.5164510528673836 0.47385254878534455 0.10115647401433686 0.15992134607726008
0 0.5064619520264683 0.6615966669730111 0.177488282326992 0.14398186441197205
0 0.5624655362558589 0.14540636583647337 0.14130135097877033 0.15623564010660784
0 0.4353804797353184 0.13774775602732592 0.04394127377998344 0.06433232239683855
0 0.33457402812241527 0.20514352234782343 0.08185139233526333 0.137854976564654
0 0.8610077198786877 0.19135802469135801 0.27484835952577885 0.3706767147627362
0 0.9109144341170038 0.4316566429743029 0.06435666119919813 0.03948727294818056
0 0.8146642063058136 0.20992041795759672 0.07802533260433754 0.06783710993661786
0 0.8300414616365956 0.3010448939918595 0.15206396938217598 0.12251179555717558
0 0.7802077638053581 0.44228783184496695 0.12529615454711135 0.09517445274689665
0 0.668295516675779 0.19574549946337808 0.12017040277018402 0.15896158597088067
0 0.2891629770187645 0.3330873568065219 0.03821421041534894 0.056223206128329505
0 0.16611150070126227 0.11869513272037814 0.036524076671341756 0.03376447976728482
0 0.03866548828988069 0.45457521153499947 0.06996612166740315 0.05810052208638161
