0 0.225260416666667 0.268518518518519 0.0765625 0.090740740740741
0 0.306770833333333 0.430555555555556 0.076041666666667 0.090740740740741
0 0.018986580994842208 0.16464143136055018 0.03742678555817817 0.05148080154636671
0 0.021855057260250024 0.01772687977775835 0.03879272663694379 0.034482423677283366
0 0.18180675758370485 0.03836776719021671 0.023220998339015655 0.03788209925110004
0 0.15667344173441733 0.20713737603325855 0.018303610455459383 0.02088372138201671
0 0.20079333857854706 0.12603083020077513 0.021855057260250048 0.035453759555516697
0 0.24805489990383775 0.10101893133626678 0.02349418655476876 0.03885343512933337
0 0.24764511758020807 0.2112655535157502 0.023220998339015617 0.031082748103466715
0 0.33247005857155343 0.10077609736670842 0.029504327301337514 0.0383677671902167
0 0.40022073607832853 0.15881341609115018 0.02404056298627501 0.034968091616400035
0 0.4324569455371973 0.17775446571670017 0.02458693941778122 0.05245213742460007
0 0.4713862662820177 0.055366145059300056 0.026499256928053116 0.040796106885800036
0 0.6276881720430108 0.16968866399606433 0.03557874762808353 0.05130367559210065
0 0.6586768219832736 0.16812690827027746 0.04480286738351252 0.05604967771435313
0 0.7078355236957387 0.19504550348835498 0.029453736891012786 0.036137292210569785
0 0.8285543608124254 0.2016829653229494 0.03858024691358024 0.03908727524816729
0 0.8611194079384042 0.16259569007478208 0.051440329218106984 0.05678717347375252
0 0.9761424731182796 0.08632019115890087 0.043682795698924734 0.055256869772998804
