0 0.23828125 0.4375 0.068229166666667 0.080555555555556
0 0.32913623453033064 0.23105881292125963 0.025677115033475358 0.03832194946011135
0 0.368761412051126 0.21471562859268276 0.0326511462771353 0.042830414102477406
0 0.3760054596982578 0.2465894251340613 0.04193756772526466 0.026395487760829072
0 0.4202873635075435 0.23871708667907715 0.04662623989330668 0.040287849740212836
0 0.4835927333744264 0.1969043216218067 0.06784638038490515 0.04680044745793668
0 0.497183412095062 0.2494121407209552 0.049226080405451705 0.04984437899991632
0 0.457267481679337 0.23609494022479433 0.014339771248544637 0.020927029351109912
0 0.5982038901445106 0.14154281670205235 0.06891651256763238 0.05402978487013825
0 0.6196065337990548 0.2300070771408351 0.029107595370180112 0.04680044745793668
0 0.5164548712935809 0.2965135223199739 0.043173672205930276 0.05068607219144855
0 0.5724584555229716 0.1911589008363202 0.028510915607689848 0.06806415408565947
0 0.5760223199739328 0.25994714166757177 0.025863473444118615 0.018826255385395164
0 0.558915770609319 0.2880055030592665 0.03848973607038122 0.04525542159950765
0 0.5508716194200065 0.2123384381448897 0.050097751710654906 0.04887585532746823
0 0.6471977842945584 0.261395315158756 0.01873574454219615 0.033307990297237605
0 0.6604349951124144 0.23912964773179823 0.028510915607689848 0.043807248108323364
0 0.7182714239165852 0.21523478512725822 0.0325839035516455 0.032221860178849426
0 0.8633716194200064 0.1759530791788856 0.03645324209840339 0.052134245682632765
