0 0.701302083333333 0.325 0.106770833333333 0.127777777777778
0 0.623177083333333 0.333333333333333 0.1046875 0.124074074074074
0 0.547395833333333 0.2625 0.098958333333333 0.117592592592593
0 0.42364230298080846 0.29755153274957274 0.07145773785218454 0.047638491901456345
0 0.34070028583095135 0.34367769157479244 0.017864434463046155 0.08242215265490074
0 0.37876854498434737 0.3765709359829409 0.05827208384374572 0.08469065226925576
0 0.4157734449435143 0.18752930145335206 0.04125833673608281 0.03327132767720762
0 0.49148461957261463 0.19320055048923973 0.07188308152987619 0.03251516113908928
0 0.4946746971553015 0.2124827972112578 0.06720430107526881 0.039320659982154456
0 0.45235300122498984 0.22722804470456573 0.025095276983802876 0.07637282034995387
0 0.5244487545937118 0.11871814648458175 0.0450864298353069 0.033271327677207634
0 0.6184497073635498 0.046126158825219664 0.07145773785218454 0.040832993058391186
0 0.6358887981489043 0.0911180678432618 0.05614536545528782 0.041589159596509544
0 0.5729379338505513 0.10964414802716149 0.048489179256839494 0.042345326134627895
0 0.5948431332516674 0.10170439937691877 0.052317272356063656 0.03856449344403612
0 0.5497567034163604 0.16597855511697895 0.05146658500068053 0.0355398272915627
0 0.602073975772424 0.19546905010359478 0.05231727235606373 0.04007682652027283
0 0.7698720566217503 0.07183582112124375 0.06210017694296988 0.04083299305839118
0 0.779229617530965 0.11985239629175928 0.05954811487682049 0.04007682652027283
0 0.7128760038110793 0.08658106861455167 0.06465223900911943 0.04763849190145638
0 0.6516265142234926 0.14215930916625077 0.046787804546073154 0.03629599382968104
0 0.6818259153395944 0.22836229451174322 0.06380155165373622 0.049906991515811426
0 0.733079828501429 0.25596237315306325 0.059973458554512055 0.06124948958758677
0 0.901274119899838 0.1276574851475426 0.08745765208425398 0.04418912947414936
0 0.8851634997790544 0.15916269782818612 0.08101340403594064 0.03682427456179114
0 0.8982821475916926 0.28150112109458114 0.07595006628369423 0.05400893602396032
0 0.8745765208425395 0.2909117690381499 0.07548976285167182 0.05810052208638158
0 0.8589262041537783 0.31136969935025616 0.07641036971571664 0.05646388766141306
0 0.7956344822506997 0.29950409976923453 0.06029974959493291 0.07528518354855077
0 0.76870673147739 0.33960164318096264 0.06352187361908966 0.04746239832408636
0 0.838442701428782 0.19598697238997725 0.03912579172190307 0.05319061881147606
0 0.7997772131389012 0.18780380026513477 0.054776108410664395 0.06137379093631854
0 0.8752669759905731 0.23853946743915813 0.06582339077920173 0.04500744668663362
0 0.9387888496096627 0.20785257197099885 0.0630615701870674 0.04418912947414936
0 0.960192959198704 0.25286001865763247 0.07456915598762699 0.04255249504918088
0 0.9767305107526881 0.193847072879331 0.044102822580645164 0.06533751493428913
0 0.7055331541218638 0.15332536837913183 0.06048387096774194 0.051772202309836715
0 0.6526097670250895 0.17124651533253685 0.0644041218637993 0.037833532457188394
0 0.734655017921147 0.1637793707686181 0.06048387096774194 0.03882915173237754
0 0.7550963261648747 0.18916766228594187 0.05432347670250891 0.04778972520908005
