0 0.752604166666667 0.453240740740741 0.101041666666667 0.119444444444444
0 0.7545728143992521 0.6363565529063426 0.15924497428705006 0.29219261337073393
0 0.9003038803179055 0.725312970754766 0.1950385694249649 0.3402420653472547
0 0.8907517449537823 0.36575908109581 0.060130164119977465 0.12157035360204572
0 0.7002292852624922 0.4627521259399817 0.045461733080328894 0.055520416051725384
0 0.8807187056198013 0.49649466874056036 0.04596520592412255 0.0777710150808142
0 0.8528225806451613 0.4407024187912806 0.042161188882126284 0.05973715651135006
0 0.7921168086833028 0.4204143279006334 0.020288090890647082 0.04959311106602647
0 0.6860798336376547 0.393927098126733 0.028847129235138956 0.05410157570839255
0 0.6667427470075066 0.33954374337819254 0.01236305538648807 0.02986857825567503
0 0.7876787888009738 0.2699443204616668 0.19654088050314475 0.1949910957823313
0 0.665194164783234 0.27775875320564036 0.03852475857817954 0.045658973129694316
0 0.6813531607424149 0.2579731981827728 0.03188993904527084 0.03957111004573507
0 0.7102467296760495 0.28422710773234705 0.04772789534963363 0.06087863083959242
0 0.7427787480309568 0.33045681802616256 0.027181357441271127 0.04756143034343163
0 0.641856463429044 0.22593117754408082 0.04929546260191421 0.046936337258917896
0 0.6264400921658986 0.11449840482098551 0.05797294103745718 0.061706513319416546
0 0.6210859033439678 0.15372142791497637 0.04431052818149596 0.0489056940669844
0 0.606518817204301 0.07004967616173054 0.031303056027164676 0.028925359994969493
0 0.5746435831594716 0.054794724109440876 0.06837452522334564 0.07519154526055503
0 0.453580534308835 0.2687494611338974 0.04676587961423344 0.11023660840754286
0 0.5200920075379669 0.12494919262461664 0.030138011306950412 0.06404808533175675
0 0.42257648819421345 0.06705957703629802 0.16766433876510362 0.09484043404894751
0 0.40923955215608027 0.20470137580214068 0.06270092007537967 0.11516338420229338
0 0.5280448717948718 0.21987868762062313 0.0253308519437552 0.05468247403731272
0 0.5350237799834573 0.2672088962411543 0.03566997518610415 0.06019667309989891
0 0.4775124069478908 0.0946604172410624 0.048335401157981794 0.13142174432497014
0 0.5116315136476427 0.02435437919308887 0.011631513647642727 0.03032809484422387
0 0.5107268403639371 0.08294274423306681 0.03825475599669147 0.039058910026651954
0 0.5135700992555831 0.06777869681095487 0.010339123242349032 0.02986857825567503
0 0.456575682382134 0.14267990074441686 0.04575062034739455 0.09052476794412277
0 0.4411962365591398 0.031017369727047144 0.02171215880893297 0.03905891002665196
0 0.4216165219189412 0.016312838893484054 0.01124379652605455 0.03262567778696811
0 0.25991263440860213 0.16726403823178015 0.10651881720430108 0.1087216248506571
0 0.2288306451612903 0.10663082437275985 0.07258064516129033 0.0985663082437276
0 0.30073924731182794 0.13679808841099164 0.06854838709677419 0.0955794504181601
0 0.20463709677419356 0.02927120669056153 0.05577956989247312 0.053763440860215055
0 0.24479166666666666 0.06242532855436081 0.06686827956989247 0.09498207885304659
0 0.3503024193548387 0.17473118279569894 0.03326612903225806 0.06272401433691756
0 0.07911094545345018 0.0154438119333755 0.08935348332881543 0.030887623866751
0 0.4734543010752688 0.18667861409796893 0.049059139784946235 0.05077658303464755
