0 0.612760416666667 0.267592592592593 0.050520833333333 0.059259259259259
0 0.9271010186757216 0.11563855876249766 0.04244482173174871 0.0628812173803685
0 0.9735250424448217 0.28463183047223795 0.04332908885116011 0.0581651260768408
0 0.8523804470854556 0.16594353266679243 0.07162563667232597 0.056593095642331684
0 0.8360215053763441 0.26498145004087276 0.04244482173174871 0.06288121738036843
0 0.7732385398981324 0.2767716782996919 0.02299094510469731 0.05502106520782246
0 0.755516353046595 0.32668757467144566 0.015050963261648695 0.04106929510155317
0 0.5297939068100358 0.05064383379795571 0.015681003584229417 0.055754679410593415
0 0.4838709677419355 0.18073808575600697 0.01792114695340507 0.06637461834594452
0 0.38106607243916246 0.017292334779601334 0.011495472552348578 0.03301263912469345
0 0.42959939680041964 0.055905236471719535 0.014752163650668719 0.039047702304980045
0 0.2861544840997483 0.06944762195276957 0.01251143902997028 0.03495259157578994
0 0.12654426904598487 0.10058720353847332 0.019303363074811248 0.0641856681664506
0 0.1706104980192417 0.25004716091303525 0.3386743067345784 0.2971137521222411
