0 0.621875 0.04537037037037 0.127083333333333 0.090740740740741
0 0.9338630613535737 0.3128821421041536 0.10080645161290322 0.07379295804343242
0 0.48715211891208104 0.11873638344226589 0.1462681846932321 0.10014758591608686
0 0.5890032134470399 0.3948145401612217 0.061024595229267085 0.08102280998091155
0 0.614108268446422 0.19878053804638898 0.014676801384254111 0.05699062057979377
0 0.7315188172043011 0.992010155316607 0.03326612903225806 0.01478494623655914
0 0.8559027777777779 0.9652528872958981 0.07672491039426528 0.06670649143767428
0 0.9217069892473119 0.727299880525687 0.06720430107526881 0.05475906013540427
0 0.373431899641577 0.8831142970927918 0.14000896057347664 0.2170450019912385
0 0.21458914111243857 0.5401935188872664 0.1497577326430373 0.08481201233092908
0 0.18098699057480416 0.5368747879699691 0.13814217443249702 0.10914937239110875
