0 0.321875 0.385648148148148 0.102083333333333 0.121296296296296
0 0.20400458570524985 0.28389205144423374 0.03459044908285889 0.07203598285192216
0 0.8963077166350409 0.2988263405720712 0.1956831119544591 0.26003232834352374
0 0.8058783997469955 0.5579801813198398 0.11958412397216955 0.1352870897462928
0 0.6502213788741302 0.27774263827394763 0.16801075268817203 0.2073230725982148
0 0.60715609936967 0.503646026449141 0.0718390804597701 0.10505499938202939
0 0.5584909158324064 0.533514604704816 0.03707823507601041 0.0727832021862426
0 0.6543796916210185 0.566375870697234 0.045965205924122475 0.06988120195667365
0 0.7590330487033522 0.021153981305784015 0.025498102466793206 0.04230796261156801
0 0.45248445900537637 0.42562724014336917 0.07140456989247312 0.11760752688172044
0 0.40806958815175487 0.5052298189851446 0.05230523432744975 0.037758391379815646
0 0.3636893893284642 0.45084646423660424 0.02631111787380803 0.04733887874484349
0 0.3544963481436396 0.2767070174252158 0.0668872996551025 0.1397624039133473
0 0.019460717184012977 0.506312079587963 0.03892143436802596 0.05006695803077591
