0 0.144791666666667 0.056481481481482 0.072916666666667 0.087037037037037
0 0.259114583333333 0.171759259259259 0.0765625 0.091666666666667
0 0.320833333333333 0.202314814814815 0.080208333333333 0.09537037037037
0 0.6848118279569894 0.5257548604322798 0.055367179863147674 0.04955468665146087
0 0.6823562861869313 0.49972429004687063 0.01550868486352366 0.015164047422111922
0 0.4957817300307219 0.3181216931216931 0.01950124807987709 0.038935825226147816
0 0.5089825748847926 0.2829194401775047 0.014700940860215055 0.01546765659668887
0 0.5725866455453148 0.334389400921659 0.017101094470046072 0.017067759003242866
0 0.5872875864055299 0.3709250725379758 0.02490159370199694 0.021868066222904953
0 0.5584857430875576 0.394126557433009 0.014700940860215055 0.019201228878648283
0 0.7346900201612904 0.3758462763839108 0.023101478494623656 0.022401433691756272
0 0.7969940076164875 0.3204649542015134 0.005600358422939017 0.02364595778574269
0 0.7217950320913562 0.47673955525918515 0.009377344336084028 0.01713391310790665
0 0.7124176877552721 0.5756068646791327 0.017712761523714208 0.012040047048799216
0 0.7517504376094023 0.49526270456503013 0.015107943652579892 0.01620775564261434
0 0.7685515128782194 0.502208885554722 0.01588938901392005 0.018060070573198823
0 0.7689422355588897 0.5156381688014596 0.018754688672168056 0.02546933029553683
0 0.7517504376094023 0.517027404999398 0.011982162207218344 0.008798495920276402
0 0.7508387513545053 0.542728274661258 0.011721680420105112 0.01481851944467601
0 0.8114007668583813 0.49155807470386115 0.010940235058764649 0.024543172830244653
0 0.7985069183962658 0.48414881498152307 0.010158789697424491 0.008798495920276334
0 0.8396630407601899 0.505681976049568 0.016931316162373897 0.0138923619793837
0 0.8667531466199883 0.45590101229010954 0.017973243310827745 0.02546933029553683
0 0.9223135735232508 0.49922419277257984 0.014837313224409973 0.013188722866142198
0 0.9118401759530793 0.5680770842061165 0.011346180701019374 0.02133469875405363
0 0.9105310012568077 0.583399276947664 0.013528138528138537 0.011637108411302
0 0.865255376344086 0.5576036866359447 0.012437159614578879 0.010473397570171766
0 0.8659099636922218 0.5948424335521111 0.012873551180002895 0.012800819252432165
0 0.8767106549364614 0.6057037347359928 0.02007401200949587 0.0159040481621127
0 0.8041605571847507 0.5783565299694332 0.013746334310850468 0.009309686729041599
0 0.7553937997486384 0.5804899998448385 0.0087278313084765 0.014352433707272431
0 0.06838037634408602 0.9071087216248507 0.030577956989247312 0.05077658303464755
0 0.12315188172043011 0.8169056152927121 0.009072580645161291 0.03524492234169654
0 0.18649193548387097 0.72610513739546 0.03696236559139785 0.045997610513739545
0 0.14919354838709678 0.8028673835125448 0.01747311827956989 0.04659498207885305
0 0.19674059139784947 0.7983870967741935 0.01243279569892473 0.031660692951015534
0 0.28914650537634407 0.6974313022700119 0.02788978494623656 0.026881720430107527
0 0.29653897849462363 0.9492234169653524 0.01646505376344086 0.025089605734767026
0 0.3106518817204301 0.96415770609319 0.022513440860215055 0.025089605734767026
0 0.1424731182795699 0.9130824372759857 0.014112903225806451 0.03524492234169654
0 0.1765793010752688 0.9548984468339307 0.0198252688172043 0.02927120669056153
0 0.3288627863487611 0.25972676744065243 0.04821178120617108 0.041556282790504405
0 0.3450794763908368 0.08051529790660225 0.16654978962131833 0.1568749675341541
0 0.4314223936418886 0.2402472598826035 0.013148667601683046 0.014025245441795215
0 0.4076086956521739 0.28517999064983635 0.015778401122019656 0.01350579190691394
0 0.38525596072931273 0.27660900732429483 0.006720430107526882 0.02129759493013351
0 0.36524076671341743 0.24284452755701 0.009934548854605003 0.010908524232507393
0 0.37459093034128094 0.3098540335566983 0.014025245441795198 0.012986338372032596
0 0.09385428253615129 0.5453178428706794 0.023173896922506487 0.08548593086969061
0 0.2619053695385871 0.3752325212104714 0.032538791343405454 0.024575412488846527
0 0.2308552810671022 0.11492219046322762 0.015950387913434075 0.027221995372260797
0 0.12217997141690486 0.17409222207098893 0.01552504423574247 0.029112411717556658
0 0.0976163740302164 0.176360721685344 0.020416496529195586 0.02230691287449148
0 0.16471433918606235 0.18033059601046536 0.014249013202667755 0.01058633153365697
0 0.23191864026133116 0.30301861682016845 0.009570232748060445 0.023063079412609818
0 0.11771386280114332 0.3525475250669208 0.013823669524976172 0.018526080183899687
0 0.30049980683793703 0.3037974230749969 0.006639945914622359 0.014666008484822458
0 0.3618690039276286 0.3769486117370993 0.018310153885776864 0.013592885912762332
0 0.2596540789388964 0.3365276615228325 0.008652050737235224 0.011446640768641941
0 0.441862945895204 0.5995619275189168 0.06240399385560678 0.19817564620432007
0 0.5157930107526881 0.5350955794504182 0.06720430107526881 0.0985663082437276
