0 0.2890625 0.359722222222222 0.098958333333333 0.119444444444444
0 0.8120404834114511 0.6207507479908914 0.044515669515669466 0.06024773049862653
0 0.6104581331503088 0.5101680266402298 0.14298787462823156 0.13345534965301606
0 0.5377665196213584 0.4954048341145116 0.03992050363018109 0.07607552410419795
0 0.43595487547100453 0.4606858029797098 0.08730815182428085 0.10568881536623478
0 0.5375093773443361 0.21242810702675663 0.2188047011752938 0.2764580033897363
0 0.29096336584146043 0.2304881775999555 0.10080645161290322 0.18476841432580363
0 0.38467058501913604 0.42296944292570327 0.030184982686349594 0.04708097928436914
0 0.35348892837616175 0.13288986088329993 0.013953435392746513 0.02176862483040723
0 0.23388805358119188 0.38753214669015656 0.06521095316201932 0.11593058339914544
0 0.20427259887005647 0.26982969847923377 0.022496355020958626 0.05872466233319158
0 0.11827387461272097 0.2591985096085697 0.07261481683980318 0.13162424316060178
0 0.09976421541826133 0.49308466476317764 0.04413841807909605 0.0445497438389729
