0 0.71171875 0.249074074074074 0.094270833333333 0.111111111111111
0 0.24798387096774197 0.21225200666363775 0.2697637437528396 0.18930789035286993
0 0.6427388097024256 0.5922776990543932 0.0810098357922814 0.08798495920276368
0 0.8928138724822051 0.1375637336564188 0.04685370286233531 0.05553031450350853
0 0.920855103740724 0.08455752435761524 0.019640693624110278 0.01851010483450284
0 0.9383660835983643 0.1283086812391674 0.019640693624110278 0.01851010483450284
0 0.9007411403907314 0.05510963030272436 0.019640693624110278 0.01851010483450284
0 0.8121213842192943 0.14639810187288607 0.04685370286233516 0.03197199925959581
0 0.8131862411025292 0.0875023137631043 0.018220884446463664 0.026923788850185957
0 0.7675157125548995 0.07572315614114797 0.018220884446463664 0.026923788850185957
0 0.6987200028483942 0.1413792557778886 0.037385174108096414 0.048660067886728865
0 0.7075099693797622 0.08441137142269384 0.03716264330983413 0.06131959774343882
0 0.6112183855823112 0.07698520874350044 0.04922005149174615 0.040385683275278916
0 0.6565339618355294 0.1121123395089774 0.021060502801756736 0.0197721574368553
0 0.7501230501287295 0.07088528783213018 0.017510979857640434 0.030709946657243338
0 0.7310739436619718 0.10685378699917546 0.01112183855823106 0.02271694684234439
0 0.7504780024231411 0.010306762919211806 0.019640693624110278 0.01724805223215037
0 0.6605567545055279 0.08287478755447861 0.012068378009995443 0.031971999259595804
0 0.6269546039678935 0.03702020966900567 0.01159510828411329 0.022716946842344387
0 0.5748949341208542 0.013041210224308817 0.08163902771467518 0.021875578440776075
0 0.6846013902465514 0.0075425702665846035 0.015613120451830114 0.01387832929051567
0 0.7355137395459975 0.054306505919409144 0.01289779515585981 0.026549847338377803
0 0.9942502986857825 0.18870303995752025 0.00970728793309447 0.024558608787999488
0 0.9897700119474313 0.2613832470463295 0.017174432497013056 0.02522235497145892
0 0.961768219832736 0.01048718969865928 0.017921146953404916 0.018584893136864466
0 0.9298461768219835 0.1731050046462233 0.013814217443249616 0.021239877870702237
0 0.9630749701314218 0.0523031992566043 0.013814217443249616 0.02123987787070222
0 0.9750224014336919 0.08482676224611711 0.013814217443249616 0.02123987787070222
0 0.8745893070489843 0.05031196070622596 0.013814217443249616 0.02123987787070222
0 0.8663754480286737 0.011150935882118688 0.013814217443249616 0.0212398778707022
0 0.8663754480286737 0.011150935882118688 0.013814217443249616 0.0212398778707022
0 0.8062649342891278 0.030731448294172355 0.014560931899641475 0.01526616221956724
0 0.853494623655914 0.030399575202442634 0.014187574671445623 0.017257400769945575
0 0.7844235364396654 0.0313951944776318 0.015681003584229494 0.021903624054161693
0 0.685297192353644 0.05529005708217182 0.008587216248506606 0.019248639320323904
0 0.7015382317801673 0.04035576795433431 0.008213859020310599 0.018584893136864462
0 0.6838037634408602 0.03637329085357764 0.015307646356033487 0.01592990840302668
