0 0.472135416666667 0.118518518518519 0.0609375 0.072222222222222
0 0.83456541218638 0.33731581043409004 0.028449820788530415 0.039824771007566685
0 0.8604390681003584 0.2781760254878535 0.021505376344086023 0.017921146953405017
0 0.8935931899641576 0.2520908004778972 0.012544802867383563 0.027877339705296673
0 0.8489023297491038 0.15173237753882915 0.010528673835125499 0.026284348864994027
0 0.7158378136200716 0.14217443249701314 0.011872759856630876 0.03345280764635603
0 0.7664650537634409 0.1501393866985265 0.019489247311827957 0.03265631222620471
0 0.7455197132616487 0.22122660294703303 0.012096774193548387 0.05137395459976105
0 0.9767025089605735 0.17861409796893668 0.021057347670250845 0.018717642373556376
0 0.9834229390681004 0.31740342493030665 0.010304659498207835 0.016726403823178016
0 0.9391241039426522 0.8814843009342962 0.1210797491039427 0.1828697095611168
0 0.8477446649904788 0.9733909926757052 0.05923991436618425 0.052023271518362744
0 0.7219051110180142 0.4604338314015734 0.05454894567797801 0.07059845769523186
0 0.5039837601152866 0.2909199522102748 0.04295532646048108 0.05604207466528716
0 0.5654722314599269 0.2746000073901637 0.05230850238332783 0.034487430563253624
0 0.428292317924842 0.08522706277944056 0.05577264161401175 0.031408195691534566
0 0.4199783837712005 0.01779181908879281 0.019745593614898582 0.03325573661456601
