0 0.681510416666667 0.173611111111111 0.216145833333333 0.256481481481481
0 0.6592973674453096 0.36872244881143657 0.15681003584229394 0.16753869182493578
0 0.6081216784081078 0.5287081668245924 0.15642380422691884 0.3034922204369738
0 0.814026664180496 0.3465100379141028 0.035738703461992795 0.036256655686079484
0 0.7266222263658401 0.2950601169881424 0.041565665982969735 0.06871499506218881
0 0.7423550251724781 0.36273920760215744 0.03263099011747153 0.10255454036919634
0 0.4480286738351254 0.5750033187309173 0.09408602150537634 0.30797822912518247
0 0.3547194762400277 0.4007592399892087 0.07099809226500173 0.6590357266736038
0 0.28182448838015955 0.6083940339923689 0.10297433229275062 0.26881720430107525
0 0.24361559139784947 0.16855513161444477 0.066662330905307 0.20040852507033569
0 0.5230012140131808 0.534686090877558 0.09213492889351371 0.29675877750799706
0 0.4777467048213666 0.3150075153196901 0.07208203260492542 0.21197055536285503
0 0.4118973291710024 0.25687867624997984 0.08454734651404783 0.2627100618446658
0 0.28263744363510235 0.20805873511388595 0.11435570586194933 0.1811384745828034
0 0.9721662186379929 0.41266427718040616 0.054995519713261595 0.07821585025886112
0 0.9250453847228041 0.2765675185030024 0.06458595168272595 0.06439199987587085
0 0.097334229390681 0.20529669454400637 0.059363799283154106 0.19713261648745525
0 0.1656256588656968 0.34714315833860426 0.09026460046384147 0.32094080164921407
0 0.08230660095579447 0.6410460639851321 0.1148073476702509 0.38995088278242396
0 0.0707325268817204 0.4470330545599363 0.07336469534050179 0.09757068896853839
0 0.205421146953405 0.28225806451612906 0.04592293906810035 0.15232974910394265
