0 0.701302083333333 0.285185185185185 0.175520833333333 0.238888888888889
0 0.5601301641199773 0.20681632396403193 0.13264006791171476 0.21694019996227135
0 0.9235904782116583 0.2925587487649623 0.15214700056593092 0.29069209814384783
0 0.8895196661007356 0.8568509086335913 0.2148769100169779 0.28139344777714903
0 0.9447863610639502 0.5487329434697856 0.09903791737408042 0.19021568257561466
0 0.571404569892473 0.4551971326164875 0.1802884615384615 0.18495542689091077
0 0.4793217535153019 0.6625539931991545 0.1537944582299421 0.167723554820329
0 0.47279825908858164 0.4089719519827047 0.06987113841952552 0.1166296865221596
0 0.3839925755248336 0.5592630520945934 0.12160778289810545 0.11188864235459213
0 0.7340203106332138 0.4953537767157839 0.2045997610513739 0.17257400769945574
0 0.6235763299377476 0.6834402314028799 0.1419248726655347 0.16113311953719428
0 0.6065541878890777 0.5993366031566371 0.10611205432937185 0.09353581085329811
0 0.7730174731182796 0.6339212727158398 0.16580008488964354 0.16584921084072188
0 0.8428745755517826 0.6641828585801421 0.1295451329937748 0.16191913475444894
0 0.43236184837348574 0.368253104063639 0.033602150537634407 0.04990699151581139
0 0.7597308145529533 0.34082911899968904 0.04925246722639558 0.1857580072339242
0 0.8402839151568714 0.3412382776059312 0.06950581823538089 0.12111094744766861
0 0.6964390926498749 0.3862457242925648 0.07088672853144798 0.08837825894829872
0 0.7890646539840088 0.2781556025283624 0.08070260086389111 0.0806706899896864
