0 0.4546875 0.665277777777778 0.242708333333333 0.287962962962963
0 0.7958138794567063 0.7185122303967804 0.40770019807583474 0.3034018738602779
0 0.9198914311911311 0.412603150787697 0.056524547803617556 0.05464329045224269
0 0.8715156496130403 0.49597059562130447 0.07662146428326824 0.053649293427390776
0 0.8774361559139785 0.5970728793309439 0.18733198924731181 0.21953405017921146
0 0.6863239247311828 0.7979390681003584 0.2385752688172043 0.11648745519713262
0 0.8862567204301075 0.8681302270011948 0.1646505376344086 0.15232974910394265
0 0.6447031890616539 0.8986708482676224 0.3065434748975014 0.20146356033452809
0 0.6472894265232975 0.4166666666666667 0.041442652329749155 0.130426125049781
0 0.4900313620071685 0.41072613832470467 0.039949223416965364 0.08761449621664673
0 0.5261605035405194 0.41330341618828376 0.037699973773931306 0.03205408398170008
0 0.5372773857526881 0.48039874551971334 0.21106350806451613 0.16427718040621267
0 0.5320340501792115 0.7154158068136562 0.18226621049201697 0.12762028891061156
0 0.3811298468556532 0.45961406176459935 0.06496415770609316 0.07059845769523186
0 0.4388644509612251 0.3712754788023605 0.023216031280547382 0.07639115165996886
0 0.24781586021505375 0.45864350703060375 0.13117762613730355 0.09362650491682746
0 0.24248474979321752 0.5852977667493797 0.14636321339950373 0.11373035566583953
0 0.07587976539589443 0.8171318924007097 0.15175953079178886 0.36454147206835363
