0 0.391666666666667 0.589351851851852 0.121875 0.302777777777778
0 0.7649724931232808 0.3006979815129221 0.25174714731314407 0.6013959630258442
0 0.7366348304107645 0.8994372131044457 0.4322198694557774 0.19993083066088163
0 0.526528013582343 0.777463371690876 0.1803904923599321 0.23894862604540024
0 0.5924059139784946 0.6627051499717035 0.19896010186757218 0.24523674778343713
0 0.5450976230899831 0.37423756523926305 0.09019524617996605 0.2310884738728543
0 0.5729520373514432 0.14629315223542727 0.12468166383701193 0.11161416085015408
0 0.9381543576683644 0.20996038483305035 0.10345925297113757 0.12261837389171856
0 0.8988044708545557 0.765673143432057 0.19984436898698366 0.24052065647990953
0 0.9468035954301075 0.4354278673835125 0.10028141801075269 0.12600806451612903
0 0.6239079301075269 0.47043010752688175 0.15803511424731181 0.18481182795698925
0 0.6287335722819593 0.21923536439665475 0.11798088410991636 0.07964954201513344
0 0.18779868578255676 0.6161555821054029 0.09184587813620071 0.11150935882118683
0 0.10939366786140979 0.5404885171910262 0.08736559139784947 0.09823443515199781
0 0.1881720430107527 0.20264170981016863 0.04032258064516129 0.120801805389619
0 0.12470131421744324 0.05263507234833403 0.1135005973715651 0.0809770343820523
0 0.39536723898716614 0.08087640189617291 0.12085934790149153 0.15608740894901146
0 0.3896765522025667 0.2027594712298146 0.12898890045091915 0.09538674991328477
0 0.3758563128685397 0.4397810922264615 0.248764308012487 0.478860754615177
0 0.2671912937911897 0.3916059660076309 0.21245230662504336 0.2765252244960882
0 0.4644684356573015 0.5698539330173044 0.14524800554977454 0.27074420934982857
0 0.3728754769337495 0.24852584113770373 0.14524800554977454 0.08286121709638881
0 0.26475242802636145 0.015839981500751478 0.05473898716614636 0.026014568158168574
