0 0.613541666666667 0.265740740740741 0.275 0.325925925925926
0 0.5561509620826259 0.27912972395145574 0.16358941709111488 0.207508017355216
0 0.6105333899264289 0.43790479783688613 0.2582059988681381 0.15405898258190276
0 0.5707413695529145 0.503930076086273 0.13617713638936052 0.1886436521411055
0 0.6551888794567063 0.566025278249387 0.11407045840407476 0.24366471734892797
0 0.9120950056593095 0.4536596236543341 0.17513794567062824 0.3457776526473151
0 0.24621533672891913 0.45283908696472364 0.4633559705715902 0.25624096082500164
0 0.5583616298811546 0.7106520782242344 0.35547538200339557 0.4134440042759228
0 0.2236665251839276 0.6336225869332831 0.2360993208828523 0.24366471734892797
0 0.30899830220713076 0.7978997673394957 0.36078098471986414 0.2892535999496951
0 0.38283460667798525 0.6021819782430987 0.23433078664402937 0.4920455260013834
0 0.025396151669496346 0.7218302626338846 0.05079230333899269 0.16855519922865717
