0 0.86171875 0.356018518518519 0.143229166666667 0.169444444444444
0 0.5123797396717601 0.4732754826133434 0.07958404074702886 0.08960573476702509
0 0.4562287775891342 0.691787713010124 0.30507215619694394 0.2908256303842042
0 0.6357350028296548 0.6100421304156448 0.12468166383701186 0.297113752122241
0 0.5257979327578374 0.8313504601124648 0.24514425261244893 0.20643263859513522
0 0.7058723307587461 0.8230854662022313 0.061998334090564905 0.12199841822740508
0 0.7398695738749502 0.6952520023009867 0.23272600557546788 0.25664852427098556
0 0.8151632815611309 0.610071242090358 0.12569693349263236 0.11947431302270019
0 0.5927170450019912 0.4741876484210216 0.05475906013540425 0.10324940631591367
0 0.6773446833930705 0.4959437733233034 0.04065445373689105 0.15561160523326986
0 0.2825940860215054 0.7783751493428913 0.23051075268817203 0.22580645161290322
0 0.08525612305854238 0.6605954632948361 0.17051224611708476 0.21478411655382987
