0 0.656770833333333 0.43287037037037 0.207291666666667 0.24537037037037
0 0.5574773627617431 0.17616173049110231 0.2564374646293152 0.3348424825504622
0 0.31076683644595365 0.2767716782996919 0.17508488964346347 0.2059359869207068
0 0.8749292586304472 0.20445827831226812 0.09019524617996597 0.12419040432622772
0 0.9213532823995472 0.8183361629881155 0.1547467458970006 0.21379613909325282
0 0.3173988398415393 0.7342325347418727 0.1600523486134691 0.31283405646733325
0 0.46816638370118846 0.8985097151480853 0.11672325976230903 0.19807583474816085
0 0.6476726089417091 0.8607809847198641 0.07604697226938312 0.267245173866566
0 0.8285052348613469 0.7004338803999246 0.2078027730616864 0.17921146953405018
0 0.5919637804187889 0.80890398038106 0.10080645161290322 0.2578129912595108
0 0.4893887945670629 0.6682072564924857 0.12379739671760046 0.12733446519524616
0 0.6123019241652519 0.5896057347670252 0.07958404074702886 0.19650380431365155
0 0.7635116015846065 0.214676476136578 0.030065082059988656 0.11004213041564485
0 0.7064763723825693 0.17773376092561152 0.023875212224108707 0.07702949129095145
0 0.8454610060561116 0.30177563547975117 0.058707205537016444 0.07621637210068799
0 0.7477444073662094 0.47446408217635505 0.07029415399826958 0.07415647015202079
0 0.712017982944012 0.47480739916779957 0.027422444691632752 0.06111042447712824
0 0.7154940674823878 0.621747071506063 0.08921950315165002 0.16410552191049046
0 0.7952508960573478 0.5826089344813854 0.07106661722901991 0.07621637210068795
0 0.8249327956989247 0.5173237753882916 0.08131720430107527 0.2054958183990442
0 0.4117079027038313 0.5222651401793275 0.07372899050005219 0.10961478233636081
0 0.36489325608101053 0.6014313718666991 0.10537373421025158 0.07075663198431759
0 0.5106366519687476 0.5582329835056686 0.08630192620097471 0.18737698013632104
0 0.5627160138248847 0.4918928144734597 0.06408410138248842 0.07509813961426862
0 0.560537207714627 0.6279512999943108 0.03413551800648578 0.1322751322751323
