0 0.870833333333333 0.747222222222222 0.233333333333333 0.275925925925926
0 0.380181805319751 0.6501289064956297 0.15651528013582336 0.15091492171288445
0 0.5627829654782117 0.7460227630006917 0.12910299943406908 0.21694019996227126
0 0.9253324844368989 0.488209771741181 0.12379739671760039 0.0628812173803685
0 0.19187461959829577 0.36349496179076213 0.03645516331913165 0.15216068167985392
0 0.3586173666058024 0.4925497621784901 0.07893335362142422 0.11383873221974254
0 0.283963532156624 0.48015148441198346 0.0697403124365997 0.12398277766506614
0 0.8973345203183913 0.5519790842371487 0.07375017455662615 0.07059845769523186
0 0.9394463063817902 0.6287839997517417 0.11869850579527993 0.1714533972598488
0 0.7849636922217569 0.37121600024825835 0.06371316855187822 0.10783720461139819
0 0.8910068426197459 0.37315551831680865 0.09600614439324119 0.0899936383807352
0 0.9228634268956849 0.42009185557572654 0.04102080714983932 0.06749522878555139
0 0.7902003910068427 0.43560800012412915 0.11433459014104161 0.11094043352107866
0 0.8331849602010892 0.5659436143307112 0.08247800586510265 0.17921146953405018
0 0.6055244678516568 0.22996367005583593 0.20298441957428132 0.343793431351035
0 0.5300910686855388 0.5304781410772195 0.2784178187403994 0.40840709043474027
0 0.6665569453587887 0.6036256796625461 0.09326311169629138 0.27917977226733004
0 0.6446126837831907 0.4201472703776851 0.22767171384682908 0.28771365176895136
0 0.7073595567259162 0.6024065540194573 0.08571977177967953 0.17921146953405026
0 0.7800179211469535 0.5467175198357994 0.09563688999172874 0.27570995312930796
