0 0.2484375 0.114814814814815 0.171875 0.203703703703704
0 0.27861083109318996 0.19476802070888094 0.09100582437275984 0.11574074074074074
0 0.5613239247311828 0.0785950906918649 0.32841520039100697 0.1571901813837298
0 0.557389672939068 0.2673611111111111 0.052111335125448 0.18028176025487855
0 0.7242516402405685 0.18275519915760485 0.09368735192272643 0.07391207500556873
0 0.04637096774193553 0.7420926869144187 0.0884267119411432 0.23737659561089108
0 0.11824419920769666 0.6609624753413293 0.2364883984153934 0.21099336661596443
0 0.32137804187889085 0.6163302521536818 0.04067628749292587 0.11790228258819083
0 0.1558255517826825 0.4899344756399229 0.31165110356536513 0.4241428703890217
0 0.3495496439044826 0.3764526990333442 0.02923823488339616 0.05469440953311923
