0 0.564322916666667 0.478240740740741 0.183854166666667 0.217592592592593
0 0.86741298811545 0.3082122869898762 0.2626273344651953 0.303401873860278
0 0.8121462931522354 0.6988618499654154 0.18392756083757786 0.12576243476073687
0 0.8979202037351444 0.19031000440168522 0.19984436898698366 0.16191913475444886
0 0.48871760902745615 0.12463057284789032 0.1419089022654387 0.24926114569578064
0 0.3552867383512545 0.04288499025341132 0.11257309941520463 0.08576998050682264
0 0.10694326542161861 0.07004967616173048 0.1282187323146576 0.13833867823681065
0 0.370897000565931 0.336508834811042 0.11141765704584036 0.09274979563604357
0 0.22499292586304478 0.5628812173803686 0.1414827391058291 0.14619883040935672
0 0.34127405206564804 0.8324844368986984 0.20780277306168643 0.29868578255675043
0 0.4226266270514998 0.69964786518267 0.10699632144878325 0.1399107086713198
0 0.5269701471420487 0.6642771804062126 0.17773769100169776 0.2546689303904923
0 0.6834854272778721 0.6831415456203234 0.19542303338992642 0.31126202603282394
0 0.5447672536012462 0.07196755329183174 0.0484111634256909 0.14393510658366349
