0 0.266927083333333 0.427314814814815 0.161979166666667 0.191666666666667
0 0.5698571024335032 0.6147582217191725 0.32010469722693835 0.4102999434069044
0 0.9112107385398981 0.19618112438235757 0.17690647990945102 0.29794775563697024
0 0.8006508205998869 0.7609570521285293 0.1733163554046406 0.1933597434446331
0 0.7660926156659424 0.926947745708357 0.08326468377847156 0.14490976545305917
0 0.48585172608941707 0.7861095390806765 0.07604697226938312 0.38514745645475695
0 0.4120154216185625 0.8898635477582847 0.0698571024335031 0.2153681695277621
0 0.36072792869269954 0.2382569326542162 0.23433078664402943 0.16977928692699495
0 0.47745118845500856 0.42690058479532167 0.18658036219581212 0.14148273910582923
0 0.5354397681451613 0.198346027479092 0.0640540994623656 0.08680555555555555
0 0.6421768412533241 0.4075037576598451 0.14416406520985076 0.1059852776814275
0 0.9259072580645161 0.47401433691756273 0.14751344086021506 0.11648745519713262
0 0.3658247461170848 0.5314117881322182 0.07000448028673836 0.2414376742333732
0 0.3242887544802867 0.6529603079782292 0.11854091995221029 0.11117748572945704
0 0.15931152927120665 0.5836818000796496 0.22448103345280768 0.18667861409796901
0 0.09047379032258061 0.16469202177087483 0.07467144563918757 0.2231846541882384
0 0.7548976285167182 0.6272401433691757 0.11047282368537346 0.16120849085939679
0 0.8292074996597251 0.37127777021611236 0.04551177351299854 0.06200565612570507
0 0.703453716690042 0.3527955257735529 0.04236792893875639 0.040690526899035545
0 0.5787848683185289 0.33158450643256626 0.029706249026024614 0.06406593596869425
0 0.9308769674302633 0.36491610825411663 0.07158719027582996 0.038959015116097825
0 0.8807172354682873 0.4276834103856077 0.04236792893875639 0.027704188527002915
0 0.8181393174380551 0.48525617716828556 0.039932990494000335 0.05454262116253697
0 0.7562918809412497 0.44716291794365653 0.10421536543556167 0.092635880387166
