0 0.13828125 0.268981481481481 0.252604166666667 0.299074074074074
0 0.2175632911392405 0.31985844562406424 0.12122294814209882 0.14669630839496087
0 0.3602660950047638 0.2718418704535487 0.1386620389274534 0.08393448573113742
0 0.3246491586254325 0.4207005498259357 0.18947941515692052 0.560531662019559
0 0.28902102899142507 0.6434977239387203 0.13143119640669657 0.1603073060810913
0 0.1898521505376344 0.5639187574671446 0.1310483870967742 0.0979689366786141
0 0.615255376344086 0.9008363201911589 0.27486559139784944 0.1911589008363202
0 0.5534743901029021 0.4746277668580825 0.050583882529772216 0.1310363433152195
0 0.6056841831425598 0.6030947701082978 0.08346340617412414 0.14131370357523673
0 0.4494161174702278 0.5295474107475495 0.11345242224534624 0.2164669004766126
0 0.4428279956679818 0.4538004005397832 0.06140249091049745 0.10314329181815839
0 0.4074127794538563 0.36333513834094017 0.0746983058714319 0.09497778121588751
0 0.1799395161290323 0.4644563918757467 0.1281081989247312 0.08512544802867383
0 0.03882915173237754 0.6513341298287536 0.07541816009557945 0.11881056683924068
0 0.054696833930704895 0.3496614894464357 0.060110513739546005 0.06902960307978236
0 0.07037783751493429 0.46448957918491973 0.066084229390681 0.12080180538961904
0 0.03305119635764799 0.4795117698343505 0.02315823888404534 0.04520649681940008
