0 0.468489583333333 0.275 0.1984375 0.235185185185185
0 0.7564374646293154 0.11721058919700687 0.155631013016412 0.19493177387914232
0 0.6684528862478778 0.22489467396088783 0.16889501980758345 0.20279192605168828
0 0.5698571024335032 0.09520216311387789 0.1114176570458404 0.09746588693957117
0 0.4044991511035654 0.19424008048795827 0.1467883418222977 0.12261837389171856
0 0.5433290888511602 0.48742375652392633 0.04244482173174871 0.13991070867131994
0 0.5941744482173175 0.5345846695592027 0.07162563667232597 0.22165629126579886
0 0.49557866440294285 0.5927497956360436 0.10080645161290322 0.1304785260642646
0 0.41820529145444263 0.56995535433566 0.06101443123938879 0.08803370433251594
0 0.3934458121109225 0.4732754826133434 0.24671052631578944 0.3442746651575174
0 0.45136530843237127 0.7648871282148022 0.07427843803056032 0.17921146953405018
0 0.3439268534238823 0.6705653021442496 0.14590407470288624 0.16977928692699498
0 0.1290499434069044 0.7641011129975477 0.20426570458404072 0.1839275608375779
