0 0.215104166666667 0.465740740740741 0.128125 0.151851851851852
0 0.12942980463425718 0.1495700607467986 0.08944797819173105 0.10601241859760718
0 0.12722614247311828 0.22183641975308643 0.08575548835125447 0.12134109916367981
0 0.20252213788741305 0.40498278164312324 0.14429158760278304 0.08140651720664377
0 0.21141682479443388 0.5833157635814182 0.14231499051233396 0.07847822522079329
0 0.27927999156651906 0.5595965984960293 0.12781994518237402 0.19619556305198307
0 0.4951365308432372 0.7192039237879645 0.2148769100169779 0.1304785260642646
0 0.42063702603282416 0.5124819216500031 0.15253607809847203 0.14305476954033833
0 0.34591645444255803 0.43191536188140606 0.049076825127334474 0.14069672388857446
0 0.5630040322580646 0.4142300194931774 0.09682724957555178 0.13362258693328305
0 0.6459040747028862 0.14973589888700245 0.04598189020939439 0.05737911085958624
