0 0.429947916666667 0.596759259259259 0.386979166666667 0.458333333333333
0 0.7383099886813809 0.28148776960321953 0.26262733446519526 0.22794441300383578
0 0.4345642331635541 0.31292837829340375 0.16624221844934925 0.19335974344463308
0 0.8028614883984154 0.5282965478211658 0.2856182795698925 0.32541029994340687
0 0.5831211092246746 0.7648871282148022 0.32187323146576113 0.35213481733006347
0 0.9589611629881155 0.8679317784169621 0.08140563101301634 0.237223282127278
0 0.6304294001131862 0.5581651260768409 0.12291312959818906 0.12733446519524616
0 0.4188681868743048 0.9325794092201212 0.0938542825361513 0.1287438717917028
0 0.10890830346475502 0.5481215983008099 0.20721326164874554 0.28707022434621016
0 0.11497535842293902 0.8136200716845879 0.21934737156511352 0.360082304526749
0 0.23180505774591792 0.8163856807823354 0.22567370237621134 0.26254849034618055
