0 0.556770833333333 0.444907407407407 0.157291666666667 0.186111111111111
0 0.6905595642331634 0.38131170219455446 0.11760752688172035 0.7168458781362007
0 0.43677490096208266 0.24847513047852604 0.252016129032258 0.488901465132365
0 0.43624860956618466 0.49073044123099746 0.11007601038190579 0.12050426399703378
0 0.559070263255469 0.5690067152803526 0.11702817945865779 0.11020475425369745
0 0.5526974416017798 0.606084950356363 0.12166295884315907 0.12462406789436818
0 0.40988830181683356 0.6421332344580398 0.1106553578049685 0.1287438717917028
0 0.4733268446421951 0.6503728422527087 0.055617352614015535 0.0751864211263545
0 0.5176469225064887 0.7456433073785688 0.19639877641824252 0.10505499938202939
0 0.43074480904708945 0.8033205619412517 0.16974879495736003 0.17097186173938123
0 0.23452929558920343 0.8669568185697217 0.21395655036208033 0.19384097725111557
0 0.2153280667105552 0.6816497208202277 0.2976190476190476 0.18896447467876054
0 0.7805299539170506 0.6173408431472949 0.09984639016897073 0.11179382147124081
0 0.9180587557603686 0.756016385048643 0.11760752688172044 0.196279228537293
0 0.8616551459293393 0.7986857825567503 0.2361751152073732 0.26967059225123735
