0 0.26484375 0.386111111111111 0.1828125 0.216666666666667
0 0.8112620260328239 0.35851726089417096 0.25820599886813816 0.21851223039678058
0 0.5596880305602717 0.5510909891215494 0.24671052631578952 0.1572030434509212
0 0.5831211092246746 0.22017858265736023 0.1025749858517261 0.07702949129095138
0 0.45357597623089985 0.2154624913538326 0.11053338992642893 0.10218197824309874
0 0.39521434634974534 0.28698987612400184 0.09284804753820032 0.3458466955920267
0 0.3487442966464796 0.7833034647550776 0.49460627549128666 0.4321983273596178
0 0.07390606332138584 0.6120071684587813 0.1465427120669056 0.36837913181999216
0 0.13691009557945039 0.41703172706756936 0.11760752688172045 0.2505641842559405
0 0.26011798088410987 0.5049780963759458 0.20908004778972528 0.23728926058675154
0 0.025836320191158852 0.8103013407672907 0.05040322580645161 0.24392672242134616
0 0.12283452807646356 0.2348333997079517 0.1269414575866189 0.10088941988583568
0 0.0896057347670251 0.0712199654851985 0.12320788530465951 0.13606796760918624
0 0.2966323178016726 0.17343687773795302 0.10939366786140975 0.06703836452940395
0 0.3778292181069958 0.44948154048114225 0.07716049382716048 0.1408616900452822
0 0.3539758396389221 0.3340634541351387 0.067619142439931 0.07522456745873715
