0 0.1984375 0.525 0.332291666666667 0.394444444444444
0 0.30413483305036787 0.34201094133182425 0.25378466327108085 0.36471106080613724
0 0.4036148839841539 0.3993900521914105 0.0689728353140917 0.18078349996855947
0 0.5729520373514432 0.3215745456832045 0.06632003395585742 0.22008426083128974
0 0.5534981607243916 0.6241904043262279 0.11230192416525181 0.25624096082500164
0 0.44636579818031424 0.18752871978678431 0.07108147229114968 0.22860950280305117
0 0.4515023138696066 0.41664776250321367 0.06507758268681099 0.1013263161078596
0 0.032968147697301685 0.7738892270237371 0.06466828971393793 0.264872297739005
0 0.02028809089064719 0.3853244694186061 0.04057618178129438 0.11892783245998914
0 0.8344941348973607 0.08817566344448073 0.14357282502443786 0.130335614206582
0 0.9478810280221569 0.05792342466316792 0.10356590094493329 0.08222707993038922
0 0.9098144634197767 0.5872631011783447 0.07642842083069788 0.14290064890950394
