0 0.431770833333333 0.485648148148148 0.296875 0.350925925925926
0 0.8384429914754533 0.0642679253537954 0.07324653257234043 0.1285358507075908
0 0.7539412522401435 0.09831740342493031 0.11480734767025084 0.09085025886101154
0 0.6424591173835126 0.025512743926722422 0.053553427419354836 0.051025487853444844
0 0.9741263440860215 0.041664693994443114 0.051075268817204304 0.07750141800321007
0 0.913064318469323 0.7205003865345421 0.10204182479443401 0.15944549862955926
0 0.9691502609108159 0.7027110127205003 0.05954498734977856 0.10366153629910757
0 0.8836624367488931 0.550513036755921 0.08820564516129033 0.08213859020310633
0 0.794097881087919 0.5120792044416334 0.07807558507273867 0.11156792466090378
0 0.6796127259836937 0.46241810757939794 0.07828193312064273 0.062362965588772065
0 0.6633655323171452 0.3731405989470506 0.1333008389460003 0.09321622224848027
0 0.5968992248062016 0.20270345364118803 0.22505626406601653 0.24589480703509212
0 0.44718305692494564 0.04404573365563612 0.29943233576251194 0.08809146731127224
0 0.23469929982495627 0.2409074490844933 0.28679044761190303 0.3084104359423189
0 0.346055263815954 0.213817343224695 0.21880470117529385 0.1569836903670362
0 0.43318642160540144 0.2673029368453224 0.23677794448612152 0.2695118224000445
0 0.5746280320080019 0.34440554583090216 0.22271192798199552 0.24589480703509214
0 0.5718929732433108 0.45346058736906447 0.11721680420105028 0.05834792031341166
0 0.6285477619404851 0.5715456641938262 0.13675293823455856 0.08891111666805586
0 0.7186239919354839 0.5943847072879331 0.05796370967741935 0.07168458781362007
0 0.546594982078853 0.7648347272003186 0.20609318996415768 0.17257400769945574
0 0.546594982078853 0.6486791450949158 0.13291517323775384 0.20576131687242794
0 0.40471923536439663 0.7137262710739414 0.18518518518518517 0.3225806451612903
0 0.29751904121863804 0.5217791716447632 0.2114135304659498 0.23148148148148154
0 0.17711133512544805 0.5248904818797291 0.20021281362007165 0.22774790919952204
0 0.07510964912280707 0.6627051499717035 0.1476726089417091 0.18235553040306862
0 0.1317027447651387 0.33572281959378736 0.2555531975099038 0.2452367477834371
