0 0.8765625 0.693981481481482 0.242708333333333 0.287962962962963
0 0.9607296972269382 0.07638495881280266 0.07786856253537075 0.13843300006288128
0 0.790923882286361 0.8859334716720116 0.22814091680814935 0.20750801735521607
0 0.4827567911714771 0.621832358674464 0.1812747594793435 0.1729233477960133
0 0.4518909899888766 0.8311292382482595 0.22015202076381166 0.19157088122605373
0 0.26444432169686255 0.7102993404363267 0.16064589777581384 0.10801787204792071
0 0.34591802916482545 0.6538354527749137 0.08975916924436589 0.10147133434804664
0 0.37837482468443195 0.8623188405797101 0.18262038335670874 0.21427458313853823
0 0.3035004675081814 0.8019323671497584 0.09715404394576907 0.11427977767388696
0 0.274281206171108 0.8610202067425069 0.1322171575502571 0.27660900732429483
0 0.13622019635343618 0.8532284037192873 0.1336781206171108 0.2116773154641317
0 0.7072132616487457 0.6715763142174432 0.021351366487455146 0.03515780565511753
