0 0.144010416666667 0.7125 0.277604166666667 0.328703703703704
0 0.5247594793435201 0.685499591272087 0.19277023203169216 0.13676664780230136
0 0.3832383203559511 0.5623120339471842 0.1674314052651094 0.21010999876405886
0 0.3689516129032258 0.38410991636798086 0.1935483870967742 0.4743130227001195
0 0.4770090548953028 0.4295573162296422 0.15916808149405773 0.17999748475130475
0 0.7079380139152436 0.5319769484854874 0.06008855154965202 0.08433480919249424
0 0.82297596457938 0.39352730339447606 0.11227071473750787 0.12790779394194954
0 0.7808744465528147 0.6240424485206268 0.19252055660974055 0.14899149624007307
0 0.7397612270714736 0.369632440789936 0.058902593295382735 0.07449574812003656
0 0.9786231024667932 0.38401208479481724 0.04208175205566105 0.10371664143011398
0 0.9215093295382668 0.6396795277250686 0.1156309297912713 0.13704406493780313
