0 0.51484375 0.415277777777778 0.133854166666667 0.158333333333333
0 0.6257062872406 0.3430130356368285 0.057145058557633056 0.0650640367098144
0 0.581937880967057 0.4398481078160552 0.05650297924799673 0.1133864499387409
0 0.7197317098882564 0.43323494272260876 0.12716107948555777 0.09956192751891674
0 0.5648982711364116 0.5609084733056903 0.12452561669829226 0.1464145992925246
0 0.4808928947923255 0.5726216412490922 0.04480286738351252 0.1253308969944011
0 0.42568108974358965 0.5267094017094017 0.09983715880893297 0.07696902858193179
0 0.39014035359801486 0.3954599761051374 0.14442462779156326 0.1430245381858285
0 0.3516917390405293 0.5525572098152743 0.11082247725392885 0.11487914713721163
0 0.26945191158900833 0.24434156378600827 0.21234692353643972 0.1551506703836453
0 0.2890531660692951 0.11242200982344353 0.10220654121863798 0.12030399575202444
0 0.15441121565113497 0.3795798486658702 0.0942727001194743 0.08877605203770084
0 0.2755189665471923 0.416915571485464 0.09847296893667865 0.16676622859418555
0 0.26641838410991636 0.5376344086021505 0.1362753882915173 0.30034514801539897
0 0.14227710573476698 0.5326563122262048 0.09240591397849461 0.09624319660161959
0 0.22139734700030148 0.6088165343516564 0.04082504270927543 0.0854185508994071
0 0.12121212121212126 0.7128815032040839 0.1667888563049853 0.14011078527207557
0 0.05248044965786906 0.6346801346801347 0.10263929618768328 0.08797653958944295
0 0.030486314760508358 0.5510481155642446 0.05865102639296187 0.11838818290431184
0 0.06500488758553279 0.5429021396763332 0.08369990224828934 0.08471814923427823
