0 0.440104166666667 0.71712962962963 0.254166666666667 0.300925925925926
0 0.7761324310962798 0.4803004710309122 0.11934556915090835 0.08582924786113515
0 0.36907727948247226 0.5191790269157172 0.03715359734242509 0.12918767180503346
0 0.3817310134620269 0.24694023462121 0.04286258572517149 0.05456307208910713
0 0.5011243796526055 0.5746714456391876 0.08982113316790738 0.10166804521643227
0 0.5692979735318444 0.5402077014980241 0.06720430107526874 0.18093465674110834
0 0.22310265066266566 0.5167958656330749 0.07163249145619736 0.10836042343919308
0 0.09677419354838708 0.5678371099366178 0.16174594496081648 0.1964238705627443
0 0.1352173318753417 0.11677095356701699 0.07688627665390924 0.09011198185610433
0 0.15883450401101037 0.8136651563310114 0.3087257982267112 0.3714749442077502
0 0.7582885304659498 0.6181468206557813 0.07093787335722826 0.3252356298951281
