0 0.598697916666667 0.510648148148148 0.1484375 0.30462962962963
0 0.5437712224108658 0.22175061309186947 0.1547467458970006 0.23737659561089097
0 0.38918439716312053 0.23880881567909712 0.17801990391214825 0.16268842624367674
0 0.7630976893159459 0.5641856681664505 0.2280656600320294 0.32537685248735343
0 0.6594314802104781 0.541943109890948 0.10938572409059714 0.25292966267571626
0 0.6880290551361244 0.5571951498512926 0.11653511782200882 0.2808917359363482
0 0.922424853372434 0.42725804307935034 0.15447825024437936 0.34870529002532397
0 0.9373370804822417 0.5769342167191631 0.0743320299771912 0.12309474675066076
0 0.4975998463901689 0.595036385358966 0.05018503002373976 0.16602274666790798
0 0.6416549789621318 0.2329749103942652 0.06428237494156142 0.09713781102280399
0 0.42585612435717624 0.4454573788374631 0.2235273492286115 0.2454417952314166
0 0.28318612391193043 0.48530276308054093 0.030935313193377705 0.11378506002161916
0 0.2967789938556067 0.3521505376344087 0.030001920122887882 0.032855436081242535
0 0.27372880222543206 0.26105137395459976 0.06703712619697211 0.03952757122392813
0 0.15658602150537634 0.4340501792114695 0.03198924731182797 0.09414575866188771
