0 0.570833333333333 0.513888888888889 0.16875 0.2
0 0.7378678551216751 0.306640256555367 0.16624221844934908 0.2625290825630385
0 0.8797927277872098 0.5055021065207823 0.23433078664402932 0.21065207822423437
0 0.30661262320788535 0.08369424532058942 0.06860439068100353 0.1437425328554361
0 0.44539650537634407 0.27659547988849065 0.1200576836917563 0.1387644364794903
0 0.2396953405017921 0.4402628434886499 0.04629629629629627 0.17124651533253674
0 0.41856591865357645 0.5553824043772617 0.054055633473585774 0.21037868162692847
0 0.5023278011531869 0.5380672865478849 0.0754830917874396 0.25886101154918356
0 0.4546551624465256 0.5324379183206793 0.04877731529656611 0.228671265785383
0 0.6454901624342256 0.3817966903073286 0.14298787462823162 0.1690434428938204
0 0.26537653339391193 0.5620340922476316 0.035731864304104216 0.1211570498258368
0 0.359202256550053 0.5595099870429266 0.04496062395880662 0.18930789035286985
