0 0.696614583333333 0.096759259259259 0.106770833333333 0.126851851851852
0 0.21659238822863613 0.7483808086524556 0.4324066213921901 0.4983336477394203
0 0.5517296264855687 0.8442746651575174 0.317451895868704 0.21851223039678055
0 0.5844475099037917 0.6226183738917186 0.24494199207696657 0.2342325347418725
0 0.4915994623655914 0.17537571527384774 0.2803126768534239 0.3395585738539899
0 0.32685558542413373 0.40126775521040753 0.08867234169653525 0.4214788264967476
0 0.3809923835125448 0.46097172441258466 0.13720878136200718 0.2668259657506969
0 0.4775985663082437 0.49183592194344883 0.18929211469534055 0.27080844285145356
0 0.5935259856630825 0.4027279968140184 0.035842293906809986 0.09060135404221424
0 0.6994047619047618 0.43471582181259605 0.13728878648233483 0.0981396142686465
0 0.63892089093702 0.6971326164874552 0.22753456221198162 0.20822665983956298
0 0.9269393241167434 0.7163338453661032 0.10464669738863291 0.16299709848096947
0 0.8539746543778802 0.33785628946919277 0.035522273425499254 0.11264720942140292
0 0.7526881720430108 0.274278887182113 0.15649001536098311 0.13910223587642942
0 0.7269146076412721 0.17748290500521116 0.06541695264241593 0.0705406848165942
0 0.8879547014413176 0.09264343272579381 0.13083390528483185 0.12455832634281504
0 0.7674874170670326 0.04720506367726689 0.06648936170212769 0.09341874475711126
0 0.7917953557538321 0.322695035460993 0.10724090597117368 0.08515722311192453
0 0.8900316455696201 0.6242154772167021 0.09144889070368864 0.1414031426281324
0 0.9127875323261195 0.4434916746064153 0.17268953314277927 0.16560047184791976
0 0.9283125765618618 0.3962312659740181 0.08974751599292238 0.09527698380291276
0 0.92235776507418 0.30133236544016456 0.051466585000680604 0.16106347261920967
0 0.9493670886075949 0.20076221587042328 0.09953042057982837 0.07334815419748045
0 0.8932217231523071 0.5697714864721806 0.14801959983666801 0.09300848418855767
0 0.26631231671554256 0.5532475290539807 0.05383980938416423 0.0909633974150103
0 0.23557398582600197 0.45685348104702944 0.03436583577712609 0.09503638535896602
0 0.10994776392961879 0.5084446616704681 0.05345796676441838 0.13440860215053763
0 0.08970229267086886 0.40627446133564044 0.05001699419107652 0.08479929688680149
0 0.05320340501792115 0.49708180557272136 0.028001792114695338 0.03845150304178857
0 0.7438503461481808 0.6792032863619253 0.14361467079098547 0.15057036709710153
0 0.14777309384164225 0.6697078309981537 0.2481977028347996 0.18328445747800595
