0 0.3109375 0.410648148148148 0.111458333333333 0.132407407407407
0 0.4259702620967742 0.42422715053763443 0.1086819556451613 0.0812051971326165
0 0.4656102990591398 0.5404345878136201 0.19006216397849462 0.2445489844683393
0 0.3703167002688172 0.5525686977299881 0.10763188844086018 0.07467144563918758
0 0.41205687163978494 0.6739097968936678 0.18376176075268813 0.1437425328554361
0 0.5060378864247311 0.8022513440860215 0.17536122311827956 0.1484094982078853
0 0.6687983030913979 0.6524417562724014 0.18796202956989247 0.22401433691756273
0 0.5816427251344086 0.6193063022700119 0.05565356182795699 0.08307198327359618
0 0.738229064841968 0.7000289634698238 0.1344086021505377 0.12399985518265084
0 0.7990693222548061 0.7348756381014446 0.20823150863473439 0.12671518047862126
0 0.9561746497230368 0.6855472285579813 0.0814597588791136 0.14119691539046386
0 0.038850063014333705 0.3419413596568541 0.038060605492795614 0.042305658381808615
