0 0.9328125 0.366203703703704 0.15625 0.186111111111111
0 0.5835632427843803 0.1738036848393385 0.19011743067345788 0.14462679997484754
0 0.15140421618562538 0.08847387285417847 0.30280843237125077 0.17694774570835695
0 0.2320670628183362 0.4237565239263032 0.3077249575551782 0.3615669999371188
0 0.13214487832484442 0.5825315978117336 0.09019524617996605 0.23266050430736335
0 0.415994623655914 0.7939696912532227 0.12556593095642332 0.31597811733635156
0 0.4381013016411998 0.38524177828082756 0.31303056027164683 0.5046217694774571
0 0.5910795132993776 0.6359806325850469 0.3006508205998869 0.2546689303904923
0 0.7573217317487267 0.6006099478085897 0.29003961516694965 0.26567314343205684
0 0.8041878890775325 0.46620134565805194 0.3006508205998868 0.3269823303779162
0 0.617284429280397 0.33285084091535705 0.17511889991728696 0.12406947890818858
0 0.6411936517783292 0.4362420733388475 0.1893351943755169 0.15393805716386358
