0 0.647916666666667 0.156481481481481 0.109375 0.12962962962963
0 0.49646293152235427 0.5290825630384205 0.2935766836445953 0.3206942086398793
0 0.7219510469722694 0.433974721750613 0.20514997170345212 0.31283405646733325
0 0.548192558007923 0.4017480978431743 0.1459040747028863 0.2546689303904924
0 0.34481112054329377 0.7240143369175627 0.10699632144878321 0.31126202603282394
0 0.46020797962648563 0.7994717977740049 0.14501980758347482 0.3332704521159529
0 0.7617430673457838 0.7428787021316734 0.284734012450481 0.2043639564861976
0 0.6118597906055462 0.8301263912469344 0.14590407470288622 0.297113752122241
0 0.7954440118650353 0.09368434062538622 0.11471078976640707 0.07209656820335351
0 0.6338060808305525 0.22191323692992213 0.07068038561364474 0.06900671528035265
0 0.6256952169076752 0.34911218226012447 0.07879124953652203 0.06797676430601908
0 0.87915971449759 0.31048902072261364 0.07010103819058218 0.08342602892102334
0 0.8832151464590285 0.23530259959625924 0.06546625880608074 0.08960573476702509
0 0.844978216536893 0.17041568821324105 0.10833796811271772 0.08754583281835787
0 0.7444614386355211 0.1642359823672393 0.07994994438264738 0.07312651917768719
0 0.7693733778272156 0.2445721583652618 0.08690211345939938 0.08136612697235611
0 0.7554690396737116 0.3249083343632843 0.03128476084538384 0.11432455815103203
0 0.9373841305153876 0.1729905656490751 0.04750648869113826 0.059737156511350094
0 0.9538955320726735 0.028282453755201234 0.08516407119021145 0.05046759774234747
0 0.9156586021505376 0.3707411527211305 0.1257183908045977 0.06797676430601901
0 0.5445954467011814 0.22970780418012596 0.05558874286472853 0.042037258285764864
0 0.49045864861277044 0.16480817735298023 0.03692088145493168 0.08776199536852662
0 0.4437889950882782 0.2197516114282343 0.10371034116553832 0.0973494402407186
0 0.4653607460507102 0.2367140138944201 0.10039161024824113 0.09144947416552356
0 0.3624800876144962 0.11539596147322154 0.1858489313686446 0.1113618596693069
0 0.33634508164078053 0.2743262976237887 0.10951812027080843 0.06637461834594453
0 0.29734999336253815 0.21016416655604228 0.07964954201513338 0.060474652270749454
0 0.13680638523828487 0.08737112261604497 0.14851320854905087 0.11726182574450196
0 0.1637710739413248 0.21163915807484107 0.08462763839107929 0.14012419428588285
0 0.22143402362936412 0.4413690871277491 0.043973184654188244 0.16151157130846494
0 0.13514701977963625 0.4413690871277491 0.14602416036107793 0.15266162219567236
0 0.18368345944510817 0.5578934171128517 0.043973184654188244 0.07006209714294143
0 0.14323642639054826 0.5165936545864862 0.0684488251692553 0.04941221587975869
0 0.23263474047524227 0.6545053615941708 0.08545732112040352 0.1688865289024588
0 0.2757782424001062 0.4185067185863682 0.08711668657905217 0.12906175789489205
0 0.0955794504181601 0.8305455993628036 0.12395459976105136 0.3225806451612903
0 0.017174432497013142 0.2670250896057348 0.03136200716845878 0.0955794504181601
0 0.05733833632019112 0.3837282623124917 0.10267323775388293 0.11864463029337587
0 0.053138067502986816 0.25720164609053503 0.05880376344086022 0.10122129297756538
0 0.056904308542413365 0.119869398417455 0.11380861708482673 0.06882415459410288
0 0.03983721624850653 0.026549847338377803 0.07887171445639188 0.053099694676755606
