0 0.685416666666667 0.485648148148148 0.094791666666667 0.502777777777778
0 0.8028138740150625 0.07746965981261399 0.1298920377867745 0.15493931962522797
0 0.7577638653084323 0.4866377413066717 0.45186049801924166 0.47160913035276375
0 0.6509139758550203 0.7925391435578194 0.41855121147234964 0.4137269697541344
0 0.36824419920769674 0.5691693391184053 0.0884267119411431 0.2719612651700937
0 0.46728211658177704 0.47877758913412566 0.13440860215053763 0.1949317738791424
0 0.47917613206118437 0.6564945226917057 0.2039792518552173 0.23978999444696844
0 0.3154248069059519 0.30438184663536777 0.14434726639406334 0.16154273310111564
0 0.40913221263062244 0.22781732209265146 0.0885014387399667 0.18678378514816496
0 0.48343555959412393 0.3140575832534034 0.13961456913524162 0.2953203089504771
0 0.5842420112070271 0.16387332357345988 0.1746365288505225 0.25409325727362986
0 0.27093745267302743 0.4171252124455214 0.09607375435408147 0.10432968179447054
0 0.054653187944873546 0.5921298399717301 0.036441768892927454 0.12957073384151974
0 0.14102491291837044 0.611060629007017 0.15807208844464637 0.1421912598650445
0 0.17628350749659247 0.5660474195231123 0.13961456913524156 0.1127433658101536
0 0.11391129032258064 0.2939068100358423 0.2264784946236559 0.2270011947431302
