0 0.129166666666667 0.335648148148148 0.241666666666667 0.286111111111111
0 0.5720677702320317 0.29878010438282093 0.14944114318053198 0.30025781299125964
0 0.4495967741935484 0.035504159058632585 0.1410656319740312 0.07100831811726517
0 0.32824322978892867 0.5857338820301783 0.17236658701712465 0.19027390592504098
0 0.43060533651931493 0.4540908889773885 0.08836121067303858 0.500022124872782
0 0.6272401433691756 0.5707995929023408 0.18170051772202306 0.20244258595513084
0 0.6088834129828753 0.6073056329926102 0.12383014735165271 0.11394309482720476
0 0.7413947567426278 0.7264213929299318 0.5153920171915312 0.5459624710099092
0 0.5109844271412681 0.6575824990730441 0.13324990730441236 0.3573929880937667
0 0.10073568739407074 0.8500736295184907 0.18900124336639723 0.2986579978327915
0 0.20528113799283149 0.6176987919819461 0.11200716845878138 0.2746249834063454
