0 0.690625 0.520833333333333 0.314583333333333 0.373148148148148
0 0.9408071590265987 0.14393510658366346 0.10169071873231462 0.27667735647362135
0 0.1677631578947369 0.23870052217475182 0.33552631578947373 0.4033269702754296
0 0.10763299377475949 0.6813699246010927 0.21526598754951903 0.13479543619834927
0 0.338179117147708 0.506288121738037 0.3837719298245613 0.3442746651575174
0 0.5698571024335032 0.3192165000314406 0.21929824561403513 0.15248695214739355
0 0.6881247160381645 0.3237333198714389 0.07666969559291219 0.08413684015683105
0 0.42338709677419356 0.8345280764635603 0.3040994623655914 0.29719235364396657
0 0.5972782258064516 0.8561827956989247 0.12768817204301075 0.2747909199522103
0 0.6283602150537635 0.6836917562724014 0.14112903225806453 0.28823178016726403
0 0.790070564516129 0.7158004778972521 0.1604502688172043 0.2120669056152927
0 0.9682459677419355 0.807577202182319 0.06283602150537634 0.18489679891237143
