0 0.842447916666667 0.473611111111111 0.146354166666667 0.173148148148148
0 0.5848896434634974 0.6328365717160285 0.4049943406904357 0.622524052065648
0 0.3905609881633043 0.7886090674715462 0.5292119593486799 0.42158712192668046
0 0.8293895019807583 0.3490850782871156 0.1441355404640635 0.19021568257561464
0 0.44252263723825697 0.13450292397660818 0.058361629881154516 0.14462679997484748
0 0.700728636106395 0.3498710935043703 0.13264006791171484 0.3458466955920266
0 0.3629385964912281 0.5762434760736967 0.26881720430107525 0.2200842608312897
0 0.1798953027730617 0.7475947934352009 0.16447368421052633 0.2043639564861976
0 0.822315365025467 0.6124001760674086 0.07516270514997173 0.2263723825693266
0 0.43544850028296544 0.40096208262591965 0.18923316355404635 0.14619883040935672
0 0.31262760310330745 0.22684996143550656 0.12164829181979038 0.08922765149796588
0 0.40428916564584183 0.2945268665970993 0.08974751599292223 0.0612494895875868
0 0.24669933306111339 0.3735462698304674 0.09102354702599699 0.09830164995538618
0 0.24686985372469242 0.5500123779693672 0.10988811392037201 0.14745928724423352
0 0.017921146953405017 0.7502323111642109 0.034348864994026285 0.3716978627372892
0 0.6408876187493475 0.20067044808667106 0.08840954170581475 0.11251464430293118
0 0.6780783484706128 0.14383315354189138 0.10994101680759993 0.08815580378373988
0 0.5529674287503914 0.04465787428518402 0.07438145944253052 0.06611685283780491
0 0.7568509708362342 0.06679817436373484 0.025141177380676033 0.10185400067043138
0 0.9471019958226967 0.037144477966014305 0.09427941517753528 0.06747290339771193
0 0.8605583275315232 0.16027178257394087 0.026591629921869045 0.03867873443180941
0 0.949260752688172 0.6305367494136909 0.10018418956591003 0.27987964069206606
0 0.9445937873357229 0.2970042922253197 0.10827359617682196 0.08849949112792599
0 0.8456129427577481 0.463982008574039 0.1262551391524351 0.10058682971396443
0 0.8802033918406071 0.5129576920373885 0.03780241935483871 0.08784875957551476
0 0.969273798228969 0.41522594700962834 0.0592979127134725 0.08565254058612692
0 0.5147238514173997 0.8855761920278049 0.2672898338220919 0.22401433691756273
