0 0.30234375 0.127777777777778 0.168229166666667 0.2
0 0.38150820599886814 0.33729485002829657 0.24228919071873226 0.2641011129975476
0 0.5959429824561404 0.5683833239011508 0.12468166383701186 0.16349116518895795
0 0.30413483305036787 0.5165063195623467 0.10169071873231462 0.1886436521411055
0 0.27403133110863925 0.383100564413134 0.1842324805339266 0.16685205784204668
0 0.606287078235076 0.16011617846990484 0.08284668149796073 0.12256416594570102
0 0.5046116054875789 0.1580562765212376 0.05098257322951425 0.0690067152803527
0 0.5399517982944012 0.23169777118609156 0.14136077122728954 0.11535450912536564
0 0.7447511123470524 0.41760392205331026 0.03186410826844633 0.09990524451036134
0 0.796023359288098 0.37228607918263096 0.12513904338153506 0.17612161661104933
0 0.6899074452157342 0.26428020507236516 0.08847148495984754 0.06276182266382348
0 0.8976254480286737 0.14821452276649405 0.19974611708482687 0.2206956060002655
0 0.8940992964290456 0.25773264303730253 0.030283419620337138 0.05236219891735623
0 0.7955744723217841 0.23782025753351918 0.02903889552635076 0.0656371225865451
