0 0.454166666666667 0.617592592592593 0.2 0.237037037037037
0 0.06626697792869275 0.1981701565742313 0.12821873231465764 0.18392756083757777
0 0.8404428409734013 0.6941457586618877 0.10080645161290322 0.10689806954662648
0 0.7171102727398587 0.6767219940416672 0.0390823295952744 0.033073361330318345
0 0.8773894862604541 0.795367051639453 0.05973715651135008 0.1088543740873491
0 0.5876642771804061 0.9035576795433427 0.06571087216248503 0.17921146953405018
0 0.4945714583985802 0.711626126596374 0.11874934753105748 0.10903480994304673
0 0.38217427733556764 0.7595075175720337 0.16757436112274818 0.26532607177768464
0 0.22215221774193553 0.6096923536439666 0.21757392473118278 0.2501493428912784
0 0.21273455618806658 0.7243071661161478 0.2292852624920936 0.22255019092463746
0 0.21438172043010753 0.8021997329397709 0.1719639468690702 0.24011994283974045
0 0.06481920725279358 0.8642795230398012 0.07576955513388152 0.25886101154918356
