0 0.446354166666667 0.730092592592593 0.198958333333333 0.236111111111111
0 0.3399476513865309 0.6422687543230837 0.17508488964346347 0.18235553040306862
0 0.7674591928131226 0.29598189020939447 0.4553343448792161 0.5919637804187889
0 0.9624717034521788 0.25633528265107214 0.07250990379173737 0.06130918694585921
0 0.44802167338709675 0.612772550776583 0.07612987231182795 0.12040770609318996
0 0.42439516129032256 0.5278337813620072 0.09188088037634409 0.05693697729988052
0 0.5094506048387096 0.6057721027479092 0.10238155241935484 0.07840501792114696
0 0.08487343189964153 0.6023496614894464 0.12227449223416967 0.09126510022567366
0 0.10284124850657105 0.7313653258993761 0.09193921744324972 0.15515067038364527
0 0.034703554360812384 0.6907108721624851 0.06767099761051375 0.09707287933094384
