0 0.54375 0.191203703703704 0.134375 0.160185185185185
0 0.6768534238822863 0.551877004338804 0.08488964346349742 0.2908256303842042
0 0.8612231182795699 0.7020059108344338 0.09638511601584608 0.23266050430736335
0 0.757508788254756 0.6108583769874092 0.1143765508684863 0.0781178200533039
0 0.5148624896608767 0.7854746806359709 0.19385856079404465 0.16542597187758476
0 0.5235980672383286 0.5780893183914825 0.03402749421532605 0.29263645025180346
0 0.4468235334149993 0.5349878257187363 0.10420920103443582 0.091496151112321
0 0.5546481557098135 0.566368737050648 0.09442629644752959 0.12401131225141021
0 0.6016486320947325 0.6276182266382347 0.04976521028991426 0.07712898688807217
0 0.4357645977950183 0.6072017301090392 0.10080645161290322 0.07712898688807224
0 0.2535842293906809 0.5688636665339173 0.15681003584229386 0.1028806584362139
