0 0.819791666666667 0.681944444444444 0.339583333333333 0.402777777777778
0 0.8519383135257499 0.25633528265107214 0.29534521788341817 0.4983336477394203
0 0.9363858234295416 0.49606992391372695 0.10345925297113742 0.14777086084386598
0 0.8745249351130886 0.4814608824619948 0.07241842788283274 0.0957854406130268
0 0.3417898745519713 0.6667662285941857 0.33695489844683396 0.3053232443913447
0 0.9255439278806913 0.8347437939731847 0.14764272966275116 0.3293176689234037
0 0.5345355436081243 0.5008296827293243 0.08027180406212665 0.45466613566971986
0 0.6770069648093843 0.6079341805148257 0.15961021505376352 0.25524057782122295
0 0.6195676523297491 0.3459776981282358 0.13832885304659492 0.08064516129032262
0 0.47003808243727596 0.40123456790123463 0.06776433691756267 0.08562325766626844
0 0.5702844982078853 0.42761847869374753 0.05320340501792112 0.07467144563918758
0 0.6509296594982079 0.10304659498207885 0.13384856630824377 0.08861011549183592
0 0.4085708927231808 0.22701508710510956 0.3813453363340835 0.44177711094440275
0 0.15336728919071876 0.25004716091303525 0.1609366157328806 0.1430547695403383
0 0.034238822863610664 0.16095818076576437 0.06847764572722133 0.29185913962371257
0 0.25089174937965264 0.49770241705725576 0.06655810587262197 0.1091351897803511
0 0.14103856492969397 0.6958689458689458 0.13893196856906534 0.23205587721716747
0 0.9007056451612904 0.7664277180406213 0.09576612903225806 0.13620071684587814
