0 0.436197916666667 0.694444444444444 0.1828125 0.216666666666667
0 0.6376683969843036 0.17749488457682747 0.03707823507601041 0.1132946071766984
0 0.4819869165268196 0.3195765222615866 0.03981757722667662 0.03763786161697778
0 0.45372614830008084 0.3490997990345371 0.05127727018459817 0.03591135420335493
0 0.3817631611660141 0.4431944530769815 0.06701006899123625 0.05973715651135006
0 0.33377422779261695 0.401037980655815 0.07298301486199577 0.06772747680904652
0 0.294607389904801 0.4291943474191265 0.08154407232381346 0.04033209293122999
0 0.16739121303763443 0.3257541816009558 0.0903057795698925 0.10827359617682199
0 0.14981288214210417 0.5093705343547216 0.21808454564621546 0.33382528638695613
0 0.13960046384145056 0.67862581113688 0.15812776723592664 0.24831916040012172
0 0.5932459677419355 0.7526881720430108 0.12488799283154124 0.1911589008363202
0 0.59100582437276 0.5261847869374752 0.28057795698924737 0.2041019514137794
0 0.4369959677419355 0.5381322182397452 0.16969086021505375 0.3434886499402629
0 0.76668373442567 0.573012080180539 0.298152415087899 0.1773150518670232
0 0.9357612220515446 0.662617814947564 0.12640809011776752 0.15740266636323985
0 0.8720238095238095 0.6882194534524285 0.07253797576378222 0.06258178301189057
0 0.6424091141833077 0.4544859759913524 0.038935825226147816 0.03698014450702624
0 0.8192204301075269 0.4032826989816237 0.07360471070148497 0.04456581517513416
0 0.9048259088581668 0.41466120498378567 0.07947175285884975 0.04835865050918815
0 0.8766351282702566 0.4856536750110537 0.09710227753788848 0.05691492864467207
0 0.8120766658199984 0.46166473814429115 0.05053551773770211 0.048448245044638294
0 0.8829851409702819 0.5432741606223953 0.072760562187791 0.05456307208910716
0 0.7366669985397584 0.47308140478192257 0.04646223284216115 0.033187309172972246
0 0.7231846541882385 0.4428440786465478 0.050195805124120446 0.034662300691771036
0 0.9428431567768485 0.5741183238196381 0.10868843754148415 0.07153708866174015
0 0.8375966061827957 0.7809513142174432 0.24256552419354838 0.16054360812425328
