0 0.784895833333333 0.149074074074074 0.15 0.177777777777778
0 0.8921989954725523 0.6645913970918574 0.21492996604414258 0.16726365942926585
0 0.8316266977928694 0.7894663971944496 0.3360745614035088 0.41386959876543206
0 0.6074384550084889 0.6847135760548325 0.25732173174872663 0.2515248695214739
0 0.21438172043010761 0.5958938565050619 0.10788058856819469 0.34741872602653584
0 0.06449844368986989 0.3600892913286801 0.10699632144878325 0.09903791737408042
0 0.10674872665534808 0.8044925021879571 0.21349745331069617 0.3873287131101153
0 0.36824419920769674 0.5369427152109665 0.2281409168081494 0.2546689303904923
0 0.45534451046972274 0.6147582217191725 0.16005234861346915 0.3757152738477016
0 0.5369203314719301 0.8373420109413319 0.13220229282501472 0.3241212349871093
