0 0.229427083333333 0.473148148148148 0.3828125 0.468518518518519
0 0.8616652518392756 0.2508331761302898 0.18215902659875505 0.19493177387914223
0 0.713108375778155 0.2932779978620387 0.28296547821165813 0.2137961390932529
0 0.50618986983588 0.24218700874048923 0.11849179400113183 0.28139344777714903
0 0.6935354631927212 0.510913518978035 0.08335918114143928 0.11947431302270012
0 0.510339123242349 0.6895505927763993 0.3243899917287014 0.3205128205128206
0 0.32118855606758834 0.20664789213176316 0.3240207373271889 0.40535927632701824
0 0.24279953917050695 0.3892687554277256 0.4855990783410139 0.3865764253459786
0 0.1393769201228879 0.6845451442225636 0.21721390168970814 0.27308414405188597
0 0.10037442396313366 0.8221539511862093 0.1920122887864823 0.3178870114353985
0 0.015353598014888378 0.614113286156297 0.029294182519988967 0.16542597187758498
0 0.50473876481941 0.7389486260454002 0.25503170664460983 0.5161903011365379
