0 0.37421875 0.181481481481482 0.146354166666667 0.205555555555556
0 0.8214310979060554 0.6406967238885746 0.1865803621958122 0.09746588693957113
0 0.9341751556310132 0.7082940325724706 0.08312110922467447 0.1289064956297553
0 0.911233455057276 0.8326259196378042 0.171449332103897 0.33355341759416457
0 0.5784744623655915 0.9426680500534491 0.23743421052631544 0.11346915676287485
0 0.8479591114883983 0.25476325221656293 0.14767260894170908 0.12419040432622776
0 0.8338108375778156 0.5290825630384205 0.08931097906055457 0.11004213041564492
0 0.7038793389753688 0.5534948551952803 0.04937643916187379 0.11183351393403904
0 0.665735607078853 0.46482974910394265 0.06230398745519708 0.07218239745121467
0 0.6387838821684588 0.5040322580645161 0.08820564516129033 0.1232078853046595
0 0.6081569220430108 0.4542512943050578 0.04865311379928318 0.08462763839107923
0 0.6171823568136932 0.7346816862945895 0.05348913759052006 0.2877136517689514
0 0.534548496818082 0.6767732182478726 0.11589313144612684 0.44985736229975865
0 0.5249478823787579 0.404298637017531 0.2256144393241167 0.3023431594860166
0 0.47043010752688175 0.6377611976690318 0.13029405310511302 0.26698851583644223
0 0.5438062321702875 0.12877624167946747 0.25784507351327624 0.23407212347304515
0 0.6568100358422938 0.08921486201454343 0.03858024691358024 0.09587444872191984
0 0.3819444444444444 0.3904818797291916 0.12619474313022697 0.1646090534979424
0 0.17738201911589005 0.38301473516527285 0.30601425157876766 0.2823291801786426
0 0.1885454002389486 0.5716845878136201 0.19339904420549586 0.2588610115491836
0 0.3498357228195938 0.6194743130227002 0.12022102747909201 0.19248639320323904
0 0.38605137395459976 0.6904951546528607 0.09707287933094381 0.16460905349794244
0 0.4158612817887011 0.544271870436745 0.05733700290151906 0.05025506817621511
0 0.15975134504690655 0.8464869956805441 0.24237696251164598 0.30583126550868495
0 0.09639016897081408 0.6923689611861654 0.1911802355350742 0.3136178835103567
0 0.07618418613274008 0.13745725703456513 0.14078142380422692 0.09784534256169408
0 0.20703125000000003 0.07047117682198327 0.07192960349462367 0.04760304659498208
0 0.31514155634284297 0.27555058321420434 0.02233668966374542 0.04488919275419368
0 0.06591644175984243 0.21142907462146643 0.06171550357708949 0.03260553960978069
0 0.7227067183462532 0.4051938910653589 0.029955405518046242 0.07964954201513344
