0 0.637760416666667 0.11712962962963 0.2046875 0.234259259259259
0 0.7635116015846067 0.6768534238822864 0.19100169779286935 0.16663522605797654
0 0.6645262115997391 0.8617084826762246 0.19110675257129495 0.2753882915173238
0 0.5197089536807278 0.48678889807922066 0.04717224979321749 0.07122507122507125
0 0.8186509021323127 0.3562258267014965 0.048409877893202065 0.07289958082741027
0 0.6315609622744669 0.48228135188222665 0.19477856752323675 0.3391855496830893
0 0.6979109713869145 0.6255492780916511 0.1588983050847457 0.17819897535589166
0 0.4829141607435757 0.6432679262094242 0.06492618917441224 0.15491160925824665
0 0.14245911738351255 0.6113849064117882 0.11970766129032258 0.15681003584229397
0 0.4056759632616488 0.5037335722819594 0.13510864695340508 0.19787933094384713
0 0.42433641627190016 0.5357169712008422 0.06344461989623283 0.038850038850038904
0 0.80055256869773 0.10507102084163014 0.13440860215053763 0.12113367848134869
0 0.9780465949820788 0.6416226934820124 0.04323476702508971 0.1232991504048854
0 0.9784235947198182 0.5939718895396839 0.04125142057872184 0.10199026721450011
0 0.7359849671155653 0.5129855818863022 0.03588579183630866 0.05509737736483744
0 0.6103846956884852 0.3358040157288514 0.04958763962835373 0.03363839881221653
0 0.6381146257438145 0.27925670738072866 0.04110554337613528 0.02377886812587719
0 0.63990891533563 0.3868415863404902 0.03947437101993944 0.04291795710524183
0 0.4130747126436781 0.6241502904461748 0.08303979730564821 0.12908718878314718
0 0.46540909652700535 0.621747071506063 0.11123470522803115 0.12016094700558924
0 0.3545606229143493 0.45867150056990624 0.10814485230503032 0.1235941169200346
0 0.48298263502657274 0.5177220230983672 0.05677604746014097 0.0837693459124679
0 0.19073576264436476 0.38826939245099346 0.06222620469932299 0.06563712258654514
