0 0.820833333333333 0.696759259259259 0.194791666666667 0.230555555555556
0 0.8746114751344086 0.3257541816009558 0.08610551075268817 0.08027180406212664
0 0.7001576919820507 0.3391330115993565 0.14313986961307248 0.13264470973386386
0 0.6265681003584229 0.6366985264834728 0.12096774193548387 0.11051373954599768
0 0.7216449545078578 0.5947752963881996 0.09175971877584789 0.3032809484422388
0 0.9264888337468982 0.49597922985019754 0.09434449958643498 0.10339123242349049
0 0.7749737362501544 0.5726527417294937 0.1193455691509085 0.3199714360263118
0 0.9346883914856265 0.7852754004827738 0.12892253675663817 0.18652622339258282
0 0.9566326530612246 0.6310560066320434 0.08229098090849252 0.09753005144710217
0 0.9834229390681003 0.6948095048453471 0.03210872162485069 0.07035709544670121
