0 0.283333333333333 0.815277777777778 0.172916666666667 0.20462962962963
0 0.8121462931522354 0.7680311890838207 0.11318619128466328 0.18549959127208707
0 0.8037457555178268 0.7145821543105075 0.06632003395585742 0.0628812173803685
0 0.5658779003961517 0.921304156448469 0.22195104697226933 0.1524869521473936
0 0.45073229514275126 0.7008404399950563 0.12861512791991106 0.122564165945701
0 0.5138811642565814 0.7080500968153917 0.0787912495365221 0.1678820088163805
0 0.3290693362995922 0.5535574506653483 0.1367259918427883 0.16788200881638035
0 0.3037711654925226 0.6179705846001731 0.12552527499691016 0.09887529353602768
0 0.17870536306916235 0.6876926707671431 0.12445240939864598 0.08333702081213024
0 0.1728975839638922 0.7577547679100844 0.11283685118810569 0.12168680030089826
0 0.35522036373290855 0.7787733970529669 0.09250962431966017 0.10177441479711483
0 0.20214390017257397 0.48377509329321355 0.0842127970264171 0.07817455049633465
0 0.09179609717244124 0.5781745504963347 0.08670184521439002 0.08407451657152973
0 0.3535609982742599 0.4859875805714117 0.07508628700384974 0.069324601383542
0 0.4747983870967742 0.5485862206292315 0.12768817204301075 0.07566706491437679
0 0.5266373411534702 0.48912059664747837 0.0374714890843923 0.061547373375330346
