0 0.276822916666667 0.474537037037037 0.163020833333333 0.193518518518519
0 0.4740455287872601 0.5077658303464755 0.06422689533142778 0.14896480800931597
0 0.43555192595617254 0.5731742358937132 0.07400979991833401 0.06956732150688866
0 0.5136024908125766 0.4994479984271736 0.05997345855451198 0.20945813105878439
0 0.12161056568489949 0.5205357297456409 0.06647381954184196 0.08787422298408744
0 0.3162985039738195 0.30725676588229184 0.03418653576437588 0.08986546153446573
0 0.2609162775891342 0.033602150537634407 0.026749080362195796 0.06641828585801421
0 0.5924059139784946 0.5855813368546815 0.24494199207696649 0.17606740866503173
0 0.5904138486088304 0.8272423596743784 0.13750846577045478 0.18463626308264344
0 0.637614577824784 0.6634741563350764 0.05894147717257181 0.11066063419315669
0 0.48515253813453363 0.9105192964907893 0.293823455863966 0.1750437609402352
0 0.8675091791240492 0.5845062214063002 0.24832808811959087 0.19378150770755026
0 0.9187319695777603 0.7411341317714253 0.15079989509572522 0.21563656496780023
0 0.9019166317553414 0.4732346506540055 0.04451193967323007 0.05740973482908966
0 0.7718599187198375 0.35324415093274636 0.033602150537634407 0.031044506533457517
0 0.7686491935483871 0.7031063321385902 0.2805779569892473 0.28823178016726403
