0 0.644270833333333 0.226388888888889 0.247916666666667 0.293518518518519
0 0.7904817487266553 0.49371187826196317 0.3422113752122241 0.37885933471672006
0 0.07157258064516134 0.3616613217631893 0.13706140350877194 0.1430547695403383
0 0.4986735993208829 0.3915299000188644 0.15828381437464625 0.21536816952776205
0 0.14734736126560377 0.4003076120243343 0.11007601038190583 0.10574163336491853
0 0.35875237191650855 0.24578130734571804 0.049854171059104675 0.05349013360820233
0 0.4897513440860215 0.21102150537634412 0.16129032258064516 0.14038231780167265
0 0.4087118718455124 0.4335576524516617 0.2784178187403994 0.49740326238022103
0 0.35213212549712775 0.5347702983584557 0.23751657092355283 0.29377587928184484
0 0.25491286614757136 0.6864211263543856 0.30357804968483504 0.2523379887117373
0 0.21288451068463315 0.47751916882174134 0.1926806859942834 0.23063079412609833
0 0.2350599669148056 0.3317658711923945 0.08529776674937968 0.17767974757222066
