0 0.542447916666667 0.35462962962963 0.124479166666667 0.148148148148148
0 0.5293304288715857 0.2976558315824167 0.06681806945989373 0.1462530383553743
0 0.8122199820788532 0.3697398114960839 0.18387843488649938 0.20908004778972522
0 0.9771132019115889 0.44678929949601054 0.04510155316606928 0.1976865012336526
0 0.6821866599462365 0.8350881123058542 0.26566700268817206 0.20908004778972522
0 0.5073504704301075 0.6110737753882916 0.36752352150537637 0.5114994026284349
0 0.7319875603186144 0.9452471624850657 0.35056786257271283 0.10831093189964158
0 0.6428091397849462 0.5913978494623656 0.20049283154121875 0.28275587415372366
0 0.2960465331850204 0.7048297834356417 0.08921950315164998 0.18195800546560653
0 0.13590203106332138 0.6208018053896189 0.18369175627240142 0.3278906146289659
0 0.11163381123058543 0.6958051241205363 0.22326762246117085 0.41948758794636926
