0 0.675 0.316666666666667 0.1625 0.192592592592593
0 0.9540711658177702 0.18244985222913918 0.08754244482173178 0.11475822171917245
0 0.31209323712507075 0.16358548701502862 0.3351372382569326 0.21851223039678047
0 0.29219722693831357 0.506288121738037 0.3271788341822297 0.26252908256303836
0 0.825410299943407 0.7978997673394957 0.1644736842105263 0.24209268691441854
0 0.8864247311827957 0.6391246934540654 0.20691850594227515 0.14148273910582898
0 0.8660865874363327 0.5102181978243099 0.17862195812110915 0.11318619128466323
0 0.8329265704584042 0.3538011695906433 0.1459040747028863 0.09589385650506198
0 0.6569574136955292 0.48663774130667176 0.12998726655348047 0.10375400867760803
0 0.6547592003634712 0.5723576825348747 0.17747614720581556 0.10180557658976551
0 0.44865023474178406 0.4276423174651253 0.16280478570346812 0.14892220707759102
0 0.5758318802673641 0.8245180664535503 0.44954228421970344 0.31483095999225036
0 0.7301123441112922 0.951112402725306 0.28265528852835997 0.0965804514191612
0 0.547678727114211 0.7098873066615001 0.38415431560592844 0.2728534986599501
0 0.05719199927100418 0.8953789765708847 0.11333606706761437 0.2035113298098536
0 0.296393748860944 0.6908551525828728 0.23407599781301258 0.20553631816617052
0 0.9750648869113832 0.40833436328430767 0.04866518353726354 0.08239607794668972
