0 0.1390625 0.58287037037037 0.178125 0.210185185185185
0 0.6012485851726089 0.14236307614915425 0.26970147142048667 0.21379613909325285
0 0.9027836728919072 0.384455763063573 0.14944114318053203 0.10689806954662648
0 0.750689728353141 0.07633779789976733 0.12114459535936618 0.10689806954662641
0 0.8506119128466328 0.22568068917814252 0.2272566496887381 0.11947431302270012
0 0.5658779003961516 0.5023580456517639 0.36697085455574413 0.41816009557945044
0 0.6193760611205433 0.33100672829025973 0.1644736842105263 0.2012198956171792
0 0.7246038483305037 0.8057599195120417 0.09196378041878878 0.3332704521159528
0 0.8139148273910581 0.874929258630447 0.1379456706281834 0.2358045651763818
0 0.7639707402812241 0.6252182703795607 0.21518300248138952 0.1734675121771895
0 0.9159759557945042 0.5660025517353274 0.167376045400239 0.24135212472528295
0 0.8705570489844684 0.3299150404885172 0.11947431302270016 0.07633081109783615
0 0.7319011865035224 0.5240527884206045 0.12087504634779382 0.3113473132012249
0 0.2667450716845878 0.5082636399840701 0.14392921146953405 0.202110712863401
0 0.05225134408602148 0.5555555555555556 0.07112455197132617 0.1772202309836719
0 0.13653673835125446 0.4316009557945042 0.07056451612903226 0.12046993229788927
0 0.16145833333333334 0.30416168857029074 0.15512992831541222 0.20211071286340107
0 0.35159050179211476 0.15525438072481085 0.12075772849462366 0.08276085225009958
0 0.4809985258411377 0.48747446718310394 0.18264394727714184 0.2505106563379195
0 0.08875549853372436 0.15273704789833822 0.1240988514173998 0.08960573476702509
0 0.23633767106549367 0.17344140328011295 0.06720430107526881 0.052270011947431284
