0 0.73203125 0.673611111111111 0.177604166666667 0.210185185185185
0 0.23781479909451053 0.6689932717097404 0.19542303338992642 0.13205055649877376
0 0.5371392190152802 0.6186882978054455 0.08842671194114317 0.11947431302270012
0 0.6529782116581778 0.5644532478148777 0.1025749858517261 0.3034018738602779
0 0.5605722976796831 0.8466327108092813 0.09815365025466888 0.21694019996227126
0 0.6395781637717121 0.8612949177465307 0.08271298593879241 0.275709953129308
0 0.7914340363937138 0.7131008179395275 0.05169561621174523 0.1286646447936771
0 0.792403329197684 0.9112673467512177 0.05621898263027297 0.10454002389486261
0 0.9045181968569065 0.697017737340318 0.06720430107526881 0.1286646447936771
0 0.8799627791563275 0.5809897987317342 0.0659119106699752 0.10798639830897892
0 0.6505634822167079 0.49138406396470913 0.1240694789081886 0.12866464479367704
0 0.7739867659222498 0.5269965995772447 0.11373035566583942 0.23435346015991174
