0 0.858072916666667 0.283796296296296 0.1984375 0.234259259259259
0 0.6295451329937748 0.16751556310130164 0.1193760611205433 0.11004213041564485
0 0.24444680249009626 0.3341507891592782 0.1467883418222977 0.14148273910582915
0 0.1480616864742502 0.8057599195120417 0.1273344651952462 0.22322832170030815
0 0.5116315136476427 0.7021872989614925 0.13699338296112487 0.22401433691756273
0 0.43990384615384615 0.4747265876298134 0.16154880066170388 0.24239500045951662
0 0.4156715260545905 0.32480930061575225 0.16219499586435068 0.17002113776307323
0 0.10907920642132365 0.6674323119120938 0.18504846281993031 0.28690662493479396
0 0.8150546883869346 0.04513218760530588 0.04853369439173513 0.09026437521061176
0 0.9695685139233526 0.6079863983089789 0.05428039702233247 0.1654259718775847
0 0.933381582575131 0.7557975676255246 0.1249310725117176 0.17614802561039095
0 0.800265370829887 0.622537756946359 0.32912875654811147 0.27417823116747864
0 0.5930521091811415 0.4555800631069448 0.1697339398952302 0.4579848665870171
0 0.6740419079128758 0.3521888306834543 0.06461952026468165 0.25426584566369514
0 0.8368830989798733 0.43107251171767297 0.17145712710228836 0.15776736206843733
0 0.6583590711507664 0.9302346272147232 0.26166781056966376 0.13472635298304486
