0 0.58671875 0.317592592592593 0.1703125 0.201851851851852
0 0.7146099614526272 0.3054484795202993 0.062449279772773286 0.07100831811726514
0 0.7127079529316291 0.4632447420031108 0.13789561777236758 0.17357588873109261
0 0.4861638203668564 0.12503806779581605 0.10344191440016871 0.0849204675896643
0 0.5291548070841239 0.18536088270433623 0.1044302129453932 0.11068943706514864
0 0.45224957555178275 0.20947305539835254 0.14059847198641767 0.2743193108218575
0 0.5885884893354487 0.4543941085453513 0.11512867971091138 0.18802514836359366
0 0.6806790774796502 0.5613617838519859 0.09389759823133353 0.22945767594546612
0 0.3665514592933948 0.5580303806110257 0.5990783410138248 0.5547021676053933
0 0.13104795070520883 0.8260795357569551 0.12231095517385841 0.3466461853558627
0 0.25692721257237383 0.2559507398217076 0.11166253101736971 0.1093649480746255
0 0.3606803143093466 0.26606010476978215 0.042648883374689785 0.09466041724106243
0 0.08803763440860216 0.5955794504181601 0.046370967741935484 0.0967741935483871
0 0.08921370967741936 0.5032855436081243 0.04334677419354839 0.10215053763440861
0 0.04603494623655914 0.38321385902031063 0.09005376344086022 0.14038231780167265
0 0.052923387096774195 0.2637395459976105 0.10383064516129033 0.09020310633213859
