0 0.894791666666667 0.265740740740741 0.1625 0.192592592592593
0 0.8550332484436898 0.12821480223857135 0.07869977362761747 0.0974658869395712
0 0.7358745026667353 0.049959127208702755 0.12688482876301205 0.09991825441740551
0 0.954104534388314 0.4353486170284709 0.07100831811726524 0.1234192195847704
0 0.9008482958003652 0.43196726854669637 0.049452221545952586 0.10876670949708078
0 0.9532647472615816 0.274958407306915 0.09138528791076275 0.09100146272289776
0 0.7467842427896694 0.2526267600129523 0.13503667973068037 0.1736285577105595
0 0.4522289426523298 0.2566955396256472 0.08260528673835123 0.24641577060931902
0 0.41057627688172044 0.7034796893667862 0.17291106630824374 0.17174432497013142
0 0.8750592979127134 0.7292852624920937 0.24608633776091085 0.29517183217372966
0 0.32507115749525617 0.546559842575023 0.41113219481340924 0.4954670040059033
0 0.6190899746995571 0.5553447185325744 0.3508459835547121 0.27760208025862665
0 0.7554690396737116 0.36456144687512876 0.2966258806080831 0.2657273513780744
0 0.6184533741193919 0.33623779508095414 0.08400537634408602 0.21937955753306143
0 0.5741332962550983 0.3444774028756231 0.06488691138301818 0.2276191653277304
0 0.08717891278375149 0.49900438072481085 0.15344982078853048 0.13805920615956457
