0 0.880729166666667 0.215277777777778 0.105208333333333 0.125
0 0.731770833333333 0.242592592592593 0.084375 0.101851851851852
0 0.672916666666667 0.226388888888889 0.072916666666667 0.102777777777778
0 0.5720677702320317 0.18009180657737536 0.05924589700056599 0.1289064956297554
0 0.392561544991511 0.3231465761177137 0.1176075268817204 0.08803370433251596
0 0.47089391185824636 0.2787201103875343 0.06720430107526881 0.049640735692530316
0 0.7277438729051632 0.10279096300601676 0.058122638767800036 0.08933664847643341
0 0.7406095611740772 0.389367862486142 0.10443911653589073 0.05112639521241672
0 0.844291872517679 0.27608253414705025 0.11140172430495011 0.07103878071620007
0 0.8998413736316961 0.14611385579127514 0.0626634699215345 0.08987482105761672
0 0.900382547559967 0.468936678614098 0.0979631927212572 0.17599485341420826
0 0.860835401157982 0.407131697454278 0.09227667493796515 0.06892748828232698
0 0.9530265109380793 0.26263749845507356 0.09308181930540103 0.07758964006646617
0 0.9663515016685206 0.10505499938202942 0.025491286614757126 0.09612875760447136
0 0.9653859226300828 0.3704390337686593 0.0683629959213941 0.11329460717669841
0 0.9135141505424912 0.8221602725784327 0.13009480845256494 0.35448471171290763
0 0.9470890581441658 0.6536073983585828 0.10514984070091588 0.2961523603261751
0 0.3328234444912972 0.7756980397362715 0.6587771159837891 0.44740917739723
0 0.11278462998102466 0.5326797385620915 0.11266603415559771 0.082929229039286
0 0.1426312460468058 0.43745168318223343 0.051391524351676154 0.09909340080118074
0 0.19308271949877237 0.48988701681107066 0.029633392600118557 0.09642611877816343
0 0.1993004402675472 0.37746827345506545 0.030956311912623855 0.11618171384490918
0 0.4416282642089093 0.6115499963426231 0.34013605442176875 0.33891692877868
0 0.2746461487820935 0.5341355180064858 0.0761191573403555 0.19140272596493801
0 0.7279323019530393 0.5713188501206935 0.2612738643844635 0.4827737546631557
0 0.5510066929997806 0.4859800551044791 0.19955562870309415 0.4535147392290251
0 0.5006034671933289 0.4006412600882647 0.16595347816545974 0.18530709774949403
0 0.84279679613781 0.6755540926047838 0.11383585692341462 0.23041474654377891
