0 0.4140625 0.408796296296296 0.282291666666667 0.334259259259259
0 0.7144347764572724 0.1580833804942464 0.06278296547821166 0.2641011129975476
0 0.6056699207696661 0.47248946739608877 0.05570882852292024 0.2200842608312897
0 0.6145125919637804 0.17380368483933847 0.12291312959818906 0.3018298434257687
0 0.7038235710243349 0.43947682827139534 0.052171760045274566 0.27667735647362135
0 0.6503254102999434 0.4599132239200151 0.06189869835880019 0.28925359994969496
0 0.7913660158460669 0.37895365654279073 0.07869977362761747 0.22165629126579903
0 0.9111842105263158 0.5613091869458593 0.14325127334465193 0.33798654341948065
0 0.9642402376910016 0.19424008048795827 0.07074136955291457 0.11947431302270012
0 0.21836092246745903 0.22017858265736032 0.12645019807583474 0.2059359869207068
0 0.9438300253747887 0.3405576944266205 0.11166790623967018 0.2442131655075714
0 0.5299805854241338 0.22321784149741145 0.0810185185185185 0.10819062790388957
0 0.4357078853046594 0.24147086154254616 0.0388291517323775 0.06239214124518781
