0 0.84296875 0.645833333333333 0.296354166666667 0.350925925925926
0 0.8426535087719299 0.34201094133182425 0.27500707413695524 0.22951644343834507
0 0.6428091397849462 0.3514431239388795 0.10522778720996045 0.1729233477960134
0 0.09279499151103571 0.4261145695780671 0.17596915676287492 0.1524869521473936
0 0.5742784380305603 0.603754008677608 0.06543576683644595 0.30968999559831467
0 0.8939410016977929 0.7499528390869649 0.1901174306734578 0.12419040432622772
0 0.5104050797182055 0.5880608083055248 0.07994994438264745 0.09475548963869328
0 0.7267913422321097 0.5684917397931859 0.11529013718946979 0.36048284101676764
0 0.6398892287727105 0.6792114695340502 0.06430756395995553 0.13080377374036994
0 0.6637312335159261 0.45169180135704784 0.0982704402515723 0.09411419940939111
0 0.8443988691138303 0.5834260289210235 0.17322487949573598 0.29765583158241676
0 0.946278561827957 0.04554958183990442 0.10248655913978495 0.08811230585424133
