0 0.6328125 0.608333333333333 0.29375 0.348148148148148
0 0.92312181663837 0.8010438282085142 0.13882993774759478 0.36156699993711894
0 0.9200037078235077 0.3470522803114572 0.0857434186132741 0.11947431302270012
0 0.9194243604004451 0.5 0.08806080830552467 0.0957854406130268
0 0.5163862339041551 0.9185288434591501 0.2223549714589141 0.16151157130846502
0 0.64643900172574 0.9539286399103206 0.1638623390415505 0.08481201233092908
0 0.4060384309040223 0.5763308110978362 0.06305588742864728 0.1688865289024588
0 0.24368388845178776 0.5123796757680839 0.10162601626016259 0.059251488572233425
0 0.3566013488021128 0.8064516129032258 0.11849179400113187 0.12890649562975545
0 0.3928563006979815 0.7137018172671822 0.09844840596113945 0.06602527824938681
0 0.2737749952839087 0.6799031629252342 0.10964912280701752 0.08122157244964252
0 0.3434847198641766 0.6702089752457607 0.06926759102056224 0.09641786664989836
0 0.10049532058940659 0.8097482189477411 0.19352349661489446 0.10288065843621397
0 0.11356282357626443 0.5907119784061241 0.22090302668259656 0.1825302004513474
0 0.6443753417167851 0.4919000465747322 0.12700473847275381 0.38069781098758687
