0 0.445052083333333 0.645833333333333 0.222395833333333 0.263888888888889
0 0.7776598754951896 0.28070175438596495 0.44213355970571594 0.42130415644846886
0 0.5800261743067345 0.7806074325598945 0.3652023203169214 0.27038923473558457
0 0.8391164402942841 0.7106520782242344 0.20780277306168654 0.19964786518266986
0 0.9151899405772497 0.7244245085319545 0.1689480758347481 0.21147242145301803
0 0.7498054612337296 0.6509149217128845 0.11407045840407468 0.1933597434446331
0 0.41555249009620826 0.49292586304470853 0.20426570458404072 0.4307363390555242
0 0.11445953593661577 0.5856756586807521 0.10964912280701752 0.14462679997484754
0 0.2683220147142049 0.6611331195371943 0.11672325976230899 0.14462679997484754
0 0.6320680385613645 0.4963951715898323 0.16685205784204676 0.24512833189140196
0 0.5608083055246571 0.4067894368228072 0.11355209492028187 0.10711490133069664
0 0.8148521505376344 0.4817469799548652 0.16738849064117886 0.14823664763927608
0 0.15262533648626542 0.20370370370370375 0.3004840940525587 0.40740740740740733
0 0.29227761485826004 0.5500395661685985 0.04713028906577294 0.10240655401945725
