0 0.327083333333333 0.326851851851852 0.155208333333333 0.324074074074074
0 0.5717994669607572 0.0703519897068284 0.03331495266979143 0.11538972112448817
0 0.44600680084551053 0.158426002512024 0.016657476334895716 0.08832929979883386
0 0.6925661703887511 0.3766963820727262 0.03992050363018117 0.07760724606602742
0 0.7475693397648476 0.5097198494846972 0.11085569289518651 0.1172411482933038
0 0.7565194452818811 0.6724617291394498 0.1589036277761028 0.12003260420504915
0 0.7040749673399657 0.6210989403633359 0.10426087830368808 0.13901450440491744
0 0.5757901215958194 0.4402125972822385 0.10331876193347402 0.26407172925110817
0 0.625251231032057 0.34837369778581717 0.06155160285398451 0.06811152424658604
0 0.8874022482893451 0.5787444335831433 0.038184261974584514 0.1452699033344195
0 0.5480783202557395 0.6019460320535589 0.052370919306403196 0.09525654686945004
0 0.47663591010365197 0.4332289278525837 0.05116003099874066 0.12485603883453344
0 0.4341034582970066 0.3253253253253253 0.04843553230650003 0.09740923719418346
0 0.38634566729917774 0.6639843512076276 0.239168247944339 0.3525663550963993
0 0.5016471642420409 0.6475859160868648 0.1469270503900485 0.20966570618689526
0 0.2886190297574394 0.4423466977855574 0.12112403100775197 0.10002500625156283
0 0.10282551106526637 0.10586674446389373 0.14887510940235057 0.21173348892778746
0 0.08427106776694177 0.6799060876330192 0.11409102275568894 0.4584479453196632
0 0.22258689672418108 0.6166958406268235 0.24381095273818457 0.3348059237031481
0 0.11201237809452366 0.3874718679669917 0.1742623155788947 0.301464254952627
