0 0.786197916666667 0.675462962962963 0.241145833333333 0.286111111111111
0 0.7748550907258065 0.3859580346475508 0.13650873655913978 0.07187126642771804
0 0.7934937836021505 0.4680966248506571 0.20843834005376344 0.17827807646356034
0 0.6155073924731183 0.45409572879330945 0.15698504704301075 0.16147700119474312
0 0.5847929267473119 0.4470952807646356 0.12075772849462366 0.1549432497013142
0 0.44466845878136196 0.5132749236691889 0.1605436081242533 0.2376211336784813
0 0.4409348864994026 0.747577326430373 0.20235961768219832 0.15133412982875344
0 0.25313620071684584 0.7880658436213992 0.3509557945041816 0.3624054161688571
0 0.48634691567628735 0.46846506948374517 0.22990945104697225 0.3689031419648283
0 0.28573174137690266 0.4596580241741532 0.12655355397290874 0.1683501683501684
0 0.2775829827021972 0.6119162640901771 0.06486676016830292 0.180769830138694
0 0.324041608228144 0.5451664848579294 0.0654511453950444 0.06493169186016308
0 0.1435319030229255 0.4914226460178986 0.04057618178129437 0.10820315141678503
0 0.39520367141334883 0.5723465400884756 0.12865688268914074 0.15983725661145018
