0 0.33828125 0.338425925925926 0.3484375 0.413888888888889
0 0.6547467458970005 0.19266805005344903 0.13440860215053763 0.11318619128466323
0 0.6366192699490663 0.6666352260579765 0.1971915676287493 0.5297742564296045
0 0.918700481041313 0.3380808652455512 0.15828381437464634 0.23108847387285422
0 0.9425756932654217 0.5534490347733132 0.11407045840407468 0.1336225869332829
0 0.9133948783248443 0.8560648934163366 0.17243208828522918 0.251524869521474
0 0.5336021505376344 0.7130101238759983 0.2564374646293152 0.1634911651889581
0 0.07732031692133565 0.6249764195434825 0.14855687606112056 0.23266050430736335
0 0.26390067911714776 0.6579890586681758 0.17154782116581777 0.18235553040306862
0 0.3213780418788908 0.5503049739042948 0.09903791737408035 0.18392756083757777
0 0.3731076683644596 0.4850657108721625 0.06632003395585738 0.18549959127208707
0 0.5539402942840974 0.4827076652203987 0.28119694397283523 0.39143557819279384
0 0.7219510469722694 0.5793875369427153 0.23698358800226374 0.2515248695214739
