0 0.5765625 0.596759259259259 0.194791666666667 0.230555555555556
0 0.8974780701754387 0.9024397912343584 0.20072863610639505 0.17763943909954102
0 0.844745140612076 0.658533223049352 0.16477977667493793 0.09534969212388562
0 0.5429719809760132 0.42877492877492873 0.09369830438378825 0.27915632754342434
0 0.624392576509512 0.7550317066446098 0.10532981803143089 0.28375149342891276
0 0.4915994623655914 0.718270379560702 0.1641335814722911 0.22631191986030694
0 0.3291766228594185 0.5403778928271162 0.08960573476702507 0.351785477233506
0 0.38549133811230585 0.5575246692331519 0.04044703305455996 0.2887295898048587
0 0.42308162267839683 0.6466275659824047 0.04378462039752361 0.13848159009449335
0 0.17837941628264203 0.6913011321613471 0.2704173067076293 0.3356659270637765
0 0.28431440124988505 0.5610135914795413 0.05571638636154765 0.12560120087001803
0 0.8948252688172043 0.4756335282651073 0.08931097906055473 0.08803370433251594
