0 0.471354166666667 0.130555555555556 0.104166666666667 0.124074074074074
0 0.9165163412563667 0.8590012807911119 0.16629527447651393 0.2645164599860339
0 0.6484828822148065 0.13904338153503892 0.13286367568903718 0.0803361759980225
0 0.5246956494870845 0.21834960655872782 0.02819490792238294 0.046691110836457515
0 0.6152669632925473 0.30692539035141925 0.0718390804597701 0.12496738488581277
0 0.6206742059077989 0.3776486905889946 0.07029415399826965 0.08514261387824602
0 0.6641252626374985 0.43360936019445473 0.11625571622790752 0.14762630632115245
0 0.726694784328266 0.4658811573902416 0.04750648869113841 0.14625303835537432
0 0.5681467062167841 0.42056331451956225 0.02703621307625758 0.09818865955313863
0 0.5067358793721419 0.5187519740727008 0.07647385984427146 0.27259369120696514
0 0.6301368804844889 0.566473035883492 0.1772803114571746 0.15105947623559784
0 0.4595328939761822 0.3644673115710231 0.05130650942305471 0.08157654706388667
0 0.41075557867961615 0.4351241633586414 0.07154006243496361 0.3500725838568364
0 0.2364537212734556 0.3243024808489704 0.17789373814041748 0.14875723288120504
0 0.31310003840245776 0.34254992319508454 0.05928379416282643 0.06827103601297152
