0 0.132552083333333 0.449537037037037 0.184895833333333 0.219444444444444
0 0.31776893798224914 0.09397597937496069 0.3945272060954904 0.18795195874992138
0 0.6003643180531976 0.19266805005344903 0.09992218449349183 0.14462679997484754
0 0.5539402942840974 0.5432308369490033 0.1114176570458404 0.2200842608312897
0 0.47789332201471424 0.39939005219141044 0.1025749858517261 0.10532603911211719
0 0.4183947772657449 0.5732491323889173 0.2032130056323605 0.3498890595664788
0 0.16117831541218633 0.8008192524321556 0.25201612903225806 0.2901519030551289
0 0.15677803379416277 0.5056892530010809 0.2384152585765489 0.2887295898048586
0 0.3232656120760959 0.6809346567411083 0.2746329611248966 0.30098336549949445
0 0.20206093189964155 0.26483472720031864 0.2676971326164875 0.2867383512544803
0 0.31826836917562723 0.42264038231780165 0.15737007168458778 0.2120669056152927
0 0.04329077060931897 0.24193548387096775 0.07560483870967744 0.1174830744723218
