0 0.21875 0.77037037037037 0.309375 0.366666666666667
0 0.6547675521821632 0.7017007519853818 0.10396900695762164 0.1412608053974278
0 0.5513915243516762 0.7470307119263476 0.10278304870335235 0.19959238175556968
0 0.44603889943074004 0.6767517042659357 0.08104048070841242 0.11385199240986713
0 0.36076108870967744 0.8195191158900836 0.13104838709677416 0.16502389486260455
0 0.3309391801075269 0.6376941457586619 0.07056451612903222 0.09707287933094384
0 0.1994707661290323 0.6765232974910395 0.11004704301075269 0.11648745519713262
0 0.09866431451612907 0.6701762246117084 0.07056451612903226 0.14560931899641577
0 0.17384912634408606 0.8310931899641577 0.06300403225806452 0.1627837514934289
0 0.1089549731182796 0.7889038231780168 0.11886760752688172 0.0798984468339307
0 0.2769657258064516 0.5835573476702509 0.06930443548387097 0.08288530465949821
0 0.10034442204301079 0.5088859020310633 0.12432795698924731 0.09333930704898447
0 0.6190076164874552 0.817652329749104 0.06300403225806452 0.06056683924067438
0 0.5543701463560334 0.9682397451214656 0.10734020310633217 0.05973715651135006
0 0.6218077956989247 0.909747112704102 0.1563433393070489 0.1750630558874287
0 0.7510827359617682 0.8201413779370769 0.08820564516129033 0.13026018850391616
0 0.7734841696535244 0.9400305323244392 0.10033975507765837 0.11615558210540297
0 0.8859580346475507 0.8765598035311297 0.12367458183990446 0.18833797955661757
0 0.778851179808841 0.6529603079782292 0.06440412186379939 0.11117748572945704
0 0.8070863201911588 0.5384640913314749 0.048069743130227036 0.06305588742864734
0 0.8994922341696534 0.42936081242532853 0.06300403225806452 0.08379795566175498
0 0.8584229390681003 0.4633778043276251 0.06300403225806452 0.10371034116553829
0 0.9634296594982078 0.5148181335457321 0.06300403225806452 0.0638855701579716
0 0.9263272849462365 0.5583764768352582 0.0709378733572281 0.10288065843621402
0 0.8847912933094384 0.6583532457188372 0.08307198327359616 0.07716049382716055
0 0.9314609468339305 0.6342924465684323 0.06813769414575868 0.06554493561662024
0 0.9568959080047788 0.7122826231249172 0.0732713560334527 0.11532589937607851
0 0.6910016977928692 0.40479783688612203 0.03448641765704573 0.06026116665618644
0 0.674200622524052 0.3049739042947871 0.03507592906998667 0.08174558259447905
0 0.6307241558196567 0.3185981680605336 0.044213355970571584 0.07964954201513337
0 0.6115650348990758 0.37859732964430187 0.01945387662705148 0.0214844159382926
0 0.23964114348479593 0.38887604218856386 0.023304717308359316 0.03211675081255379
0 0.3475516550706304 0.4620844753672078 0.016032398622531436 0.018350629777996418
0 0.2819945182374025 0.544857528833915 0.025476140276899296 0.02772116413271796
0 0.34744184412116097 0.5639890364748049 0.015373532925715062 0.05583276719688273
0 0.4171717970342258 0.5233833876043448 0.02789198116522592 0.009760973286168284
