0 0.090625 0.213888888888889 0.173958333333333 0.205555555555556
0 0.6565152801358235 0.37030748915299005 0.10434352009054898 0.5344903477331321
0 0.5137061403508772 0.47484751304785267 0.12998726655348047 0.33169842168144376
0 0.415994623655914 0.5903917499842798 0.0866581777023203 0.09432182607055269
0 0.54217769937276 0.2731730386300279 0.10220654121863794 0.10454002389486264
0 0.08022135038264071 0.07265329845975006 0.032088540153056275 0.05274091295596672
0 0.22446842003293616 0.34846674631620866 0.02452048823016563 0.050050050050050025
0 0.3159722222222222 0.22262046993229787 0.03382616487455196 0.046196734368777366
0 0.20207447122769703 0.2623642784933108 0.0223398912915042 0.03708955321858546
0 0.14899415101028005 0.30930061575222867 0.01993973768167316 0.040371814565362915
0 0.3225806451612903 0.4040223018717642 0.1388888888888889 0.1616885702907208
0 0.40467215988779803 0.3356968469170432 0.05162069502882972 0.07055910515471057
0 0.4033329437431821 0.4501930635637975 0.09033621630045187 0.092635880387166
0 0.4008736559139785 0.5283004778972521 0.0835853494623656 0.09632616487455196
0 0.29124663978494625 0.6197729988052568 0.18775201612903222 0.2747909199522103
0 0.06779381248820977 0.5271542057054225 0.07074136955291455 0.13205055649877384
0 0.8393817204301075 0.5139386698526484 0.30913978494623656 0.2767821585025886
0 0.9402675472017612 0.39651831155514167 0.10953771907543815 0.07808163764475674
0 0.8340371264075861 0.16932896828756622 0.032014647362628115 0.07243718191140085
