0 0.44921875 0.178240740740741 0.275520833333333 0.326851851851852
0 0.7581726609813372 0.0710666172290199 0.04094055122976135 0.0473777448193466
0 0.9165276232851316 0.11638446009969927 0.0718390804597701 0.05561735261401557
0 0.5547389871661464 0.6907734998265697 0.44333159902878944 0.3834740047018924
0 0.6764112903225806 0.27711403159431836 0.05273670848267619 0.10619938935351125
0 0.6873786589008363 0.38538762777114033 0.08587216248506567 0.27960307978229126
0 0.6050067204301075 0.44553962564715255 0.10220654121863802 0.11781494756405148
0 0.5240348715651135 0.3916102482410726 0.060670549581839865 0.28707022434621005
0 0.422061678614098 0.45383645294039554 0.1423424432497013 0.27877339705296694
0 0.4876325418160095 0.38082437275985664 0.12507467144563916 0.16427718040621267
0 0.5788717144563919 0.3775056418425594 0.06393742532855438 0.0431435019248639
0 0.5681376941457587 0.06098168060533653 0.03406884707287934 0.11200716845878136
0 0.7919186827956989 0.3646455595380327 0.0700044802867384 0.1070290720828355
0 0.8866580794504181 0.4940760653126244 0.06813769414575868 0.10868843754148415
0 0.8273876194743129 0.5094251958051241 0.04853643966547189 0.0613965219699987
0 0.8773241487455197 0.604009026948095 0.08587216248506574 0.0779901765564848
0 0.7333482676224612 0.3982477100756671 0.03593563321385899 0.05309969467675556
0 0.9501288082437275 0.5260188503916103 0.06067054958183994 0.07135271472189035
0 0.9687966696535244 0.48453471392539493 0.05320340501792104 0.08296827293243059
0 0.9314609468339305 0.7736791450949158 0.12600806451612903 0.11034780300013272
0 0.7937854689366787 0.6865624585158636 0.1521430704898447 0.40239612372228856
0 0.8885248655913979 0.6886366653391743 0.09333930704898448 0.11283685118810555
0 0.9666965352449223 0.8641145625912652 0.06393742532855438 0.09707287933094384
0 0.6593301971326165 0.8856033452807647 0.22121415770609323 0.22401433691756273
0 0.2475885515496521 0.8317169161571437 0.16089500316255537 0.1440719657038443
0 0.16516445287792536 0.785332771101272 0.11306135357368755 0.10752688172043011
0 0.14559614168247942 0.963490055520416 0.17275458570524987 0.06606226720078708
0 0.12009803921568626 0.8629910745660271 0.10515496521189123 0.16164171761894716
0 0.13274826059456038 0.6700751985381965 0.17394054395951933 0.14688312601026066
0 0.16615275142314992 0.5910113149202333 0.12136306135357373 0.14336917562724014
0 0.25786685641998736 0.5175697519151029 0.17275458570524987 0.16796682830838433
0 0.16685236276174312 0.38318241841162043 0.18260116015846067 0.24602276300069167
0 0.08152058573853994 0.4763252216562913 0.15695741369552915 0.1289064956297554
0 0.10252192982456146 0.5910834433754638 0.08223684210526316 0.0628812173803685
0 0.33968974014336917 0.343903491304925 0.1810782556750299 0.1534913049249967
0 0.07333565644497542 0.05049633464607581 0.02903889552635071 0.08628700384972786
