0 0.549479166666667 0.3875 0.132291666666667 0.156481481481481
0 0.6986377128136201 0.43900587415372366 0.14210909498207872 0.10267323775388291
0 0.5973062275985663 0.42158253683791325 0.044452844982078805 0.09271704500199127
0 0.5778799843189965 0.5357676224611708 0.10500672043010753 0.15681003584229392
0 0.4767134364892036 0.5303493895154006 0.058462278171168815 0.17095511456906687
0 0.4108750764927005 0.47158356888228387 0.04425649095200631 0.05730881681576669
0 0.4283591223009004 0.5427339219628755 0.09506949908208762 0.0723645229283834
0 0.3312407116006644 0.5587609639537255 0.03633403269516562 0.12287398859651683
0 0.421875 0.38567801672640384 0.10374663978494623 0.11574074074074074
0 0.33008397073495177 0.3762147581568932 0.09353175922846695 0.11824261907401254
0 0.26131805768902544 0.39143008856270506 0.07680491551459293 0.1630919193643208
0 0.3226553166069295 0.1581707155183858 0.14720942140296975 0.16688475469837474
0 0.21546445639187572 0.23778707022434623 0.2397700119474313 0.16719766361343416
0 0.2567083212244502 0.5521650682941005 0.13017049307371886 0.30998740676160036
0 0.27229850818560497 0.6180912094890589 0.11775888792017822 0.12431786625335013
0 0.17890874745713453 0.39878588265685033 0.08173496076721881 0.08287857750223337
0 0.11321805676644386 0.44399237947625037 0.02906131938390004 0.08287857750223344
0 0.12593238399690013 0.5440924795763505 0.11927249830475636 0.0904129936388001
0 0.046039310152213374 0.5405359276327019 0.07985965647255969 0.09038154199444522
0 0.011237082809663455 0.5481000481000481 0.020292207792207792 0.0760291082871728
0 0.07473205557882977 0.6435243370727242 0.14771854489596423 0.10938881906623839
0 0.16265706173734443 0.7087444457868524 0.1782046635254319 0.12484394506866427
