0 0.686458333333333 0.281481481481481 0.204166666666667 0.242592592592593
0 0.7869446802490095 0.6061120543293719 0.17243208828522918 0.245236747783437
0 0.5534981607243916 0.4096082500157203 0.25378466327108096 0.28296547821165824
0 0.8974780701754385 0.20681632396403193 0.1405984719864176 0.08803370433251587
0 0.8528225806451613 0.1077784065899516 0.09903791737408042 0.08174558259447898
0 0.25152093944538767 0.15100924353895492 0.18215902659875494 0.17135131736150405
0 0.40273061686474254 0.5141482739105829 0.47219864176570453 0.4668930390492361
0 0.5110533389926428 0.2531912217820537 0.2060342388228636 0.17135131736150416
0 0.38062393887945667 0.24768911526127146 0.1096491228070175 0.1446267999748475
0 0.6307333669354839 0.3400662086818001 0.05320340501792112 0.09893966547192354
0 0.1446105884109916 0.4866089207487057 0.10173984468339307 0.23148148148148148
0 0.25545101553166066 0.5421976636134342 0.28421818996415776 0.34099960175228994
0 0.14321049880525683 0.31984269215452016 0.10360663082437276 0.13689765033851053
0 0.021811922278815312 0.39929573036533983 0.04244482173174872 0.1970278144584879
0 0.02358045651763818 0.5790312100442264 0.04598189020939445 0.17292334779601334
0 0.04627664591586493 0.7325661824812928 0.09019524617996605 0.1467228405541931
0 0.10847009998113562 0.9154457230291977 0.0542350499905678 0.1582510637405941
