0 0.6765625 0.242592592592593 0.186458333333333 0.301851851851852
0 0.89836233729485 0.3231465761177137 0.16535795132993786 0.14148273910582915
0 0.9174006083757782 0.5394071881638046 0.16452674023769098 0.2690300589032238
0 0.8292364557485525 0.6200487087583862 0.14022435897435884 0.13096222773642133
0 0.7222911497105046 0.6309622277364213 0.07625103391232431 0.16657476334895693
0 0.6389319685690652 0.5528444076831173 0.3928866832092639 0.2538829151732377
0 0.6615488006617039 0.362145023435346 0.147332506203474 0.18036026100542224
0 0.5087236352357319 0.6550868486352357 0.21389061207609592 0.1550868486352358
0 0.40436311000827124 0.558588365039978 0.08271298593879241 0.1734675121771896
0 0.36106803143093463 0.7728379744508775 0.227460711331679 0.2389486260454001
0 0.3037634408602151 0.3832301460774037 0.60752688172043 0.7478564348412725
0 0.24456670311645703 0.5334123078792297 0.21471204665573165 0.1802239637122086
0 0.9648297491039426 0.2393634674100624 0.06767099761051368 0.1070290720828355
0 0.4875339048726145 0.33285974146189196 0.09959556330524078 0.1738297437222168
0 0.5754368279569892 0.5104540023894862 0.18481182795698925 0.3390083632019116
