0 0.509895833333333 0.478703703703704 0.123958333333333 0.159259259259259
0 0.9434599603848332 0.5086461673898007 0.09992218449349183 0.12261837389171856
0 0.5570352292020374 0.6910016977928694 0.13175580079230337 0.28925359994969496
0 0.2948500282965479 0.43161667609884924 0.19100169779286924 0.47475319122178206
0 0.4714731742831542 0.6154171644763043 0.032902105734767054 0.10205097570688965
0 0.4110943100358424 0.4172267025089606 0.06965445788530468 0.14125348466746318
0 0.3508904569892473 0.34628882915173237 0.06895441308243724 0.08276085225009958
0 0.40584397401433703 0.5852374551971327 0.05215333781362005 0.15992134607726008
0 0.42789538530465954 0.5675029868578255 0.06825436827956989 0.1916567104739148
0 0.41756972446236557 0.4449173636001593 0.08470542114695338 0.062226204699322954
0 0.2303427419354839 0.6593488649940262 0.08190524193548387 0.17323775388291518
0 0.2857862903225807 0.630973715651135 0.07602486559139784 0.12843488649940263
0 0.20157090053763443 0.4316009557945042 0.07896505376344086 0.1538231780167264
0 0.2667235318444996 0.5027111478724381 0.05583126550868488 0.11855527984560242
0 0.12766232423490492 0.5891002665196213 0.040839536807278747 0.10201268265784391
0 0.15190272177419356 0.558635752688172 0.03675235215053763 0.020223516527279946
0 0.14134304595494113 0.4844218406046363 0.11947564644137226 0.07157846136340765
0 0.10693780698260982 0.4273566676991608 0.07301208018053895 0.1438116730828798
0 0.04583760027308417 0.6374902808594565 0.07040450588837685 0.14507595152756445
0 0.024502901519030583 0.7816180235535075 0.03413551800648575 0.14697236919459142
0 0.14566889727751087 0.15778235338976593 0.036104438343628455 0.13027784132794426
0 0.20357666527021365 0.2882046269143044 0.04014802401899174 0.05585812037424946
0 0.3149656123446446 0.21275737404769662 0.019419424661360155 0.06633151794442116
0 0.03452910641453467 0.47583735014213324 0.06859473489061922 0.10793886211016351
0 0.056660177975528365 0.40827256622584773 0.06558212829069336 0.042845960532278696
