0 0.72421875 0.493981481481481 0.403645833333333 0.478703703703704
0 0.178679435483871 0.5488351254480287 0.08873067876344087 0.13627538829151734
0 0.07545549581839903 0.6934309397930541 0.15091099163679805 0.2955967793604348
0 0.29896580047789706 0.8762279304394001 0.23450567502986827 0.24634939599097294
0 0.46949671445639185 0.45353776715783883 0.0790272799681402 0.15819284039116774
0 0.4461618876941458 0.5497809637594584 0.1829450418160096 0.28651710252666057
0 0.35500049780963755 0.6377273330678349 0.0877389486260454 0.2743484224965707
0 0.47310452613153287 0.7771387291267261 0.4400825206301574 0.4445277986163208
0 0.595727056764191 0.5111138895835069 0.1242498124531133 0.3709260648495456
0 0.6578519629907477 0.5430663221360894 0.1297199299824957 0.3931538440165596
0 0.8226366487455198 0.6953943681237208 0.35405465949820786 0.2563637926255176
0 0.6075268817204301 0.6712465153325368 0.12768817204301075 0.09757068896853839
