0 0.622395833333333 0.536574074074074 0.258333333333333 0.306481481481481
0 0.6330822014714206 0.3113563478588946 0.110533389926429 0.23108847387285422
0 0.8187782965478212 0.7483808086524556 0.08400537634408602 0.14934289127837516
0 0.2745118845500849 0.4072502043639565 0.2475947934352009 0.21536816952776205
0 0.2590372099603849 0.4952839086964724 0.4041100735710243 0.24366471734892797
0 0.45136530843237127 0.6194743130227002 0.284734012450481 0.25309689995598317
0 0.5442133559705716 0.7978997673394957 0.39615166949632147 0.36471106080613713
0 0.5923043173307325 0.9293057913601207 0.15100648412383055 0.14019367414953157
0 0.12020727221279008 0.8694271521096648 0.22548811544991512 0.16506319562346725
0 0.31386177136389365 0.7978997673394957 0.1954230333899264 0.18549959127208707
0 0.27185908319185065 0.7004338803999246 0.21045557441992074 0.2578129912595108
0 0.12001273344651957 0.7288187832163147 0.24002546689303908 0.14794757083431442
