0 0.29765625 0.480555555555556 0.111979166666667 0.190740740740741
0 0.09191072439162426 0.12978683267308053 0.06808856819468026 0.11633025215368167
0 0.1427560837577816 0.25476325221656293 0.13264006791171476 0.11475822171917255
0 0.4743562535370685 0.1620134565805194 0.09019524617996605 0.1084700999811357
0 0.4095986281053023 0.24096732995509412 0.031284760845383765 0.12153421497136739
0 0.16351179808841096 0.3986625514403292 0.045269563918757486 0.08213859020310633
0 0.1681787634408602 0.5185517058276915 0.2804846176821983 0.18916766228594184
0 0.24705047789725207 0.6371963361210673 0.16194369772998807 0.10122129297756538
0 0.1224425029868578 0.7504480286738351 0.14234244324970133 0.11366653391743001
0 0.03447020609318992 0.7599893800610646 0.06440412186379929 0.22899243329350852
0 0.516920754161143 0.2549058116888431 0.07917219030785097 0.06464705978625558
0 0.6280840329945501 0.20826173057724098 0.033602150537634407 0.10556292041046794
0 0.6805586242451024 0.3486031325182894 0.07042642509942548 0.17184661462169196
0 0.5786014140521432 0.4537568943225152 0.08561643835616439 0.07119359748612954
0 0.605270144696668 0.3962527840464918 0.0611808044603743 0.06589524610233492
0 0.330874355149481 0.31456965076208043 0.0930371682516005 0.08632537068114172
0 0.33223397973770896 0.3520348616376958 0.029717508856983026 0.03349424382428295
0 0.4116263440860215 0.4219434488251692 0.03920250896057342 0.054559936280366414
0 0.3850806451612903 0.4549980087614497 0.041666666666666664 0.052170450019912405
0 0.7800179211469533 0.23966399693201762 0.05766294968803934 0.08702449960912723
0 0.7887295898048585 0.38605690517279534 0.031942785078985694 0.09956192751891674
0 0.8592526217974246 0.3270572444208446 0.07176755608655247 0.16298656282726376
0 0.8607045665737422 0.4166629791878697 0.043973184654188244 0.06047465227074949
0 0.7177917164476303 0.3499196129622255 0.06347072879330952 0.07301208018053894
0 0.6929012345679012 0.5962431966016195 0.14809836718438865 0.10546189359411182
0 0.7030648480021239 0.651924126436273 0.058907473782025724 0.05014971163915805
0 0.8227465817071552 0.5567871734737525 0.07508628700384974 0.0619496437895482
0 0.8480519049515465 0.550149711639158 0.04355834328952606 0.0973494402407186
0 0.9243827160493826 0.7470610793987934 0.14809836718438857 0.11504933846630369
0 0.9571551838576926 0.6976488635190348 0.06595977698128229 0.05457468619555434
0 0.9677336386565777 0.4811938581353158 0.06222620469932299 0.2042863253536292
0 0.9772749900438072 0.6235305396993966 0.04314350192486389 0.05973715651134999
0 0.9766705069124424 0.814900153609831 0.0374423963133641 0.07168458781362007
0 0.9663258448540707 0.8688893866985266 0.06667626728110604 0.08067005177220235
0 0.9384840629800307 0.9211077867192455 0.12235983102918593 0.15097133380715458
0 0.804328567937439 0.7969479743673291 0.05536717986314752 0.13576626479852286
0 0.8176930596285437 0.8203676550450744 0.09660618279569892 0.05905832518735752
0 0.7562163978494624 0.876371239274465 0.1363178152492668 0.06245248180732049
0 0.8024193548387099 0.740265558813946 0.08515090420332358 0.06177365048332795
0 0.653309811827957 0.7246524383621158 0.08247800586510273 0.11200716845878136
0 0.4360150017343045 0.5077080201950128 0.0417317030870621 0.10405827263267432
0 0.4137839558573855 0.5352763629503867 0.03537068477645721 0.06130918694585928
0 0.539128820033956 0.5329183172986229 0.047308290888511635 0.08488964346349742
0 0.5683096349745332 0.632742249889958 0.1021328522920204 0.08646167389800664
0 0.48165145727221287 0.8331761302898824 0.119818194680249 0.19178771301012396
0 0.21557071960297763 0.7710688355849646 0.05996691480562448 0.17094017094017097
0 0.293631100082713 0.8818123334252367 0.20471464019851116 0.13693594338755632
0 0.31611869313482216 0.8643507030603804 0.06978908188585606 0.21964892932634864
0 0.2783808933002481 0.7389026743865453 0.05634822167080229 0.11947431302270012
0 0.36781430934656745 0.8013969304291885 0.0904673283705542 0.2168918297950556
0 0.363420181968569 0.6695156695156694 0.07961124896608766 0.13509787703336093
