0 0.872916666666667 0.128703703703704 0.266666666666667 0.257407407407407
0 0.7307937181663837 0.1211406652832799 0.07074136955291442 0.1839275608375778
0 0.8652023203169213 0.33808086524555114 0.23875212224108647 0.20279192605168841
0 0.775449207696661 0.40096208262591965 0.12645019807583474 0.18707162170659636
0 0.8926146010186758 0.5455888826007671 0.05128749292586317 0.14934289127837516
0 0.7316779852857951 0.48034961956863487 0.19100169779286927 0.2892535999496951
0 0.6127440577249575 0.45048104131295985 0.147672608941709 0.2892535999496951
0 0.2709748160724392 0.22332264352637868 0.1520939445387662 0.18078349996855936
0 0.5030949349179401 0.2256806891781425 0.03802348613469156 0.11004213041564485
0 0.6068954109657445 0.03895491416713826 0.1452216285495523 0.07790982833427652
0 0.12879016675175425 0.8915770609318996 0.17898667193022033 0.21565113500597372
0 0.5127518034571934 0.4128669298126219 0.05572002177759633 0.15879497300485457
0 0.4201589927396378 0.21050454921422662 0.023550225163128352 0.07913896802785693
0 0.3759305210918113 0.20310122639871744 0.033889348405477464 0.06024773049862656
0 0.2815357752989649 0.36177268616219466 0.050560245201487275 0.09379291863464308
