0 0.64609375 0.646759259259259 0.269270833333333 0.339814814814815
0 0.8643445812110924 0.7350185499591272 0.27063879456706275 0.29239766081871343
0 0.50618986983588 0.6430547695403382 0.1715478211658178 0.37885933471672006
0 0.5981536502546688 0.7012198956171791 0.06543576683644595 0.20279192605168833
0 0.3788554046406339 0.8269823303779161 0.24936332767402375 0.33798654341948065
0 0.3200516411997737 0.7413066716971641 0.2378678551216751 0.3112620260328241
0 0.26370614035087714 0.6116331824184117 0.5274122807017545 0.5203801169590645
0 0.15305779569892472 0.8114297092791717 0.13384856630824374 0.1154918359219434
0 0.3118279569892473 0.6899641577060932 0.1164874551971326 0.14336917562724014
0 0.15809811827956988 0.7198327359617682 0.05992383512544804 0.05774591796097177
