0 0.726302083333333 0.572222222222222 0.2046875 0.242592592592593
0 0.8833297962648556 0.39310193045337366 0.10876485568760613 0.0675973086838961
0 0.7350796032341419 0.48160188195196946 0.031257814453613475 0.05649560538282718
0 0.45648204503956175 0.34220373751718847 0.18893284641915192 0.3572958229075088
0 0.4954732197200242 0.22160230833389688 0.05262223574761614 0.17921146953405015
0 0.517029316291337 0.557482924190167 0.294811320754717 0.26036383309663885
0 0.5255883546358288 0.6251098938256577 0.2548691418137553 0.3798381461193391
0 0.43143893284641915 0.8026306891188204 0.24282308784743356 0.2614909492572304
0 0.20798131080389137 0.5455140240086476 0.19521249359959036 0.16072139728053705
0 0.07890070921985816 0.5870637281069676 0.04504118050789292 0.12710033300287243
0 0.9606091153470185 0.8102044606425332 0.07810972629521018 0.21772148673781472
