0 0.55625 0.44537037037037 0.108333333333333 0.127777777777778
0 0.5225488115449916 0.7625290825630384 0.22548811544991515 0.20593598692070678
0 0.9337595500848896 0.8067310151124527 0.13180885681946797 0.1905858433419271
0 0.6745950728188377 0.5969934818444415 0.05869742752143736 0.12476747878952855
0 0.5716272818204551 0.4033415761347744 0.0466262398933066 0.036120141146397715
0 0.96875509123493 0.4269355460971725 0.061817774519387435 0.09100950137576479
0 0.7385752688172043 0.5727387729285263 0.06443706514864002 0.2192705039004849
0 0.42805186590765343 0.5878487595755147 0.06720430107526881 0.10331014126080529
0 0.43734187223276405 0.2294258205074144 0.054949399114484494 0.05552041605172535
0 0.6000158127767237 0.21782978424344648 0.062460468058191054 0.06325110689437068
0 0.4915006325110689 0.2111532785157073 0.024114484503478806 0.045681354979267674
0 0.5764943074003794 0.04388924028392715 0.09131878557874762 0.06957621758380772
0 0.6347206221198156 0.34511008704557095 0.01464093701996931 0.015360983102918557
0 0.8771361367127496 0.28067929680832915 0.1168874807987712 0.10411332991978153
0 0.851574500768049 0.1710189452124937 0.02592165898617518 0.031575354155999304
0 0.9284274193548387 0.5849387694145759 0.13860887096774194 0.15307646356033447
0 0.16357969987002244 0.38167447844867197 0.026217062507385078 0.01312904538710989
0 0.2063208968450904 0.34639016897081415 0.015693312064279805 0.020678246484698112
0 0.24933903462129267 0.3710071290716452 0.011631513647642651 0.010831462444365678
