0 0.572135416666667 0.636574074074074 0.177604166666667 0.210185185185185
0 0.08423254581250947 0.7305349420297169 0.05679236710586097 0.20613525838423613
0 0.10679304165121742 0.5455306994053749 0.05368619453714003 0.09681539158736045
0 0.1570031516499815 0.6674082313681869 0.0614108268446422 0.14281986844092892
0 0.26340996168582376 0.6560787706505171 0.08110863922877273 0.13664016259492714
0 0.23984983314794214 0.5293948008074816 0.04171301446051165 0.1002485615018058
0 0.3238552094920282 0.6179705846001731 0.09462674576690153 0.12908718878314723
0 0.3721341614139167 0.6238069734547302 0.06372821653689281 0.11878767903981106
0 0.06915791447861966 0.4253378159354653 0.06173418354588647 0.05973715651135006
0 0.14860485954822036 0.2470525038667074 0.10445319663249145 0.11067581710242375
0 0.2147672334750354 0.17064451298009686 0.043500458447945325 0.10419271484537801
0 0.18468158706343252 0.39222768655126744 0.09794115195465534 0.13429283246737614
0 0.2906131938390003 0.474974974974975 0.10716361522813136 0.24298492040427525
0 0.3546389131066551 0.520181471794375 0.02815315315315314 0.0944492879976751
0 0.4120804272013949 0.515337918563725 0.07583188026736412 0.11543801866382511
0 0.4335056035135545 0.4816834098978579 0.06436468271997574 0.06057852491291833
0 0.4919544146600031 0.5300620929880359 0.08566182038467364 0.0740404193380113
0 0.451016583371195 0.6024197755229105 0.08992124791761325 0.0959159977787874
0 0.5896992792154082 0.5573279766828154 0.10560675883256526 0.08927750863234729
