0 0.460677083333333 0.588888888888889 0.3453125 0.409259259259259
0 0.7082449066213923 0.35851726089417096 0.0928480475382004 0.13676664780230155
0 0.20996038483305038 0.18716594353266677 0.29534521788341817 0.3725712129786833
0 0.20465478211658183 0.48192165000314413 0.07074136955291457 0.23266050430736349
0 0.29286012235817577 0.43614303959131545 0.12687708565072303 0.1205042639970337
0 0.4263717583807717 0.6080539742778832 0.20655439595192918 0.6746784735399536
0 0.46540955091714103 0.6721835687680091 0.33799810246679307 0.24773350200295174
0 0.5306372549019607 0.3576850094876662 0.16208096141682476 0.37072176540867247
0 0.644291587602783 0.5571016937240847 0.08104048070841234 0.28462998102466797
0 0.6951889626818469 0.5896057347670252 0.0741223908918405 0.21610794855576637
