0 0.348958333333333 0.355092592592593 0.127083333333333 0.160185185185185
0 0.7657222693831354 0.2453310696095076 0.07869977362761747 0.12419040432622769
0 0.4478282399547256 0.2319688109161793 0.0866581777023203 0.1289064956297554
0 0.9571926287492927 0.07129443844214646 0.0849426994906621 0.13270509280696027
0 0.9655931663837013 0.1719245189586871 0.0681416242218449 0.10751234043891082
0 0.9332908885116017 0.31685845437967686 0.045981890209394465 0.1068980695466265
0 0.056540039615167 0.547946928252531 0.09284804753820036 0.35213481733006347
0 0.39123514431239387 0.5455888826007672 0.20868704018109788 0.1273344651952463
0 0.9262167515563102 0.6949317738791423 0.06189869835880027 0.1367666478023015
0 0.8559175155631011 0.6186882978054455 0.08931097906055457 0.1980758347481607
0 0.44296477079796265 0.38602779349808214 0.039792020373514356 0.10060994780858958
0 0.4571130447085456 0.6163302521536818 0.13352433503112615 0.09589385650506184
0 0.5464240237691002 0.6147582217191725 0.11583899264289756 0.09589385650506198
0 0.6728742218449348 0.5385147456454757 0.14944114318053198 0.2766773564736213
0 0.7042657045840408 0.6406967238885746 0.12026032823995471 0.17606740866503173
0 0.7624212087504636 0.5010299509743337 0.0718390804597701 0.0710666172290199
0 0.8342602892102337 0.5113294607176698 0.1089173155357805 0.0772463230750216
0 0.7997891175380053 0.4016396819511392 0.09443362995921387 0.10299509743336216
0 0.6051283833889507 0.45777201005232154 0.10138579903596587 0.19672063609772172
0 0.5172743449946995 0.49495178959059016 0.06341814326821144 0.07824726134585287
0 0.7604166666666666 0.6780167264038232 0.13328853046594993 0.16129032258064516
0 0.956429211469534 0.5577459179609717 0.05936379928315407 0.10553564317005182
0 0.8839765745007679 0.5465096432838369 0.10512672811059902 0.0691244239631336
0 0.7098454301075269 0.9472819593787336 0.22849462365591397 0.1015531660692951
