0 0.578645833333333 0.277777777777778 0.291666666666667 0.346296296296296
0 0.8629916525183927 0.05197132616487455 0.11230192416525188 0.05816512607684084
0 0.9527447651386531 0.08105388920329498 0.08842671194114317 0.09117776520153435
0 0.8466327108092812 0.15415330440797337 0.09019524617996597 0.06445324781487773
0 0.8790631565937462 0.20599019486672435 0.0988752935360276 0.06866339828890813
0 0.9397015202076382 0.24821818481440283 0.09346805092077613 0.05012428075090294
0 0.937577246323075 0.18230132245705108 0.1162557162279076 0.07896290803224434
0 0.10512672811059907 0.7197473971667518 0.17089093701996927 0.18859873698583365
0 0.22153417818740398 0.7039597200887523 0.1396889400921659 0.15873015873015878
0 0.19417242703533025 0.6403823178016727 0.2721774193548387 0.2005461682881036
0 0.0748847926267281 0.8695169824202081 0.14688940092165897 0.24918928144734595
0 0.47096110447364925 0.7452173400002949 0.11657042347006506 0.18363644409044647
