0 0.633854166666667 0.612962962962963 0.139583333333333 0.164814814814815
0 0.5672043010752689 0.16122744136326478 0.04951895868704021 0.19178771301012382
0 0.4099567372311828 0.4428950119474313 0.13650873655913975 0.21748058542413382
0 0.552765877016129 0.462496266427718 0.07140456989247312 0.15587664277180407
0 0.5412151377688172 0.27488425925925924 0.12285786290322581 0.10360663082437276
0 0.6441217237903226 0.34628882915173237 0.0808551747311828 0.06720430107526881
0 0.6522597446236559 0.6762432795698925 0.1338835685483871 0.12600806451612903
0 0.5052503360215054 0.7541816009557945 0.04672799059139785 0.11760752688172044
0 0.5669417842741935 0.7308467741935484 0.030451948924731184 0.1232078853046595
0 0.5152259744623656 0.6412410394265233 0.02887684811827957 0.11574074074074074
0 0.4845115087365591 0.6169728195937874 0.025201612903225805 0.10267323775388291
0 0.4485467069892473 0.6468413978494624 0.04987819220430108 0.17547789725209081
0 0.42623277889784944 0.7742495519713262 0.12075772849462366 0.0625373357228196
0 0.4411962365591398 0.8806563620071685 0.2294396841397849 0.15587664277180407
0 0.5401650705645161 0.8988575268817204 0.23626512096774194 0.19787933094384708
0 0.7988911290322581 0.7419354838709677 0.052083333333333336 0.14187574671445638
0 0.19486106923927243 0.0829062405788363 0.09578183097176164 0.09211804508759587
0 0.1497712992380614 0.05275851673198673 0.12064130263934296 0.10551703346397345
0 0.3586631193880945 0.6074652970229957 0.07794313269038909 0.16443114214979868
0 0.31674703469681853 0.6379497222530146 0.08487141115175705 0.24880217763490137
0 0.2659973949672985 0.6502666617398909 0.037412703691386766 0.14657157989382805
0 0.20328100998463905 0.7576164874551972 0.11400729646697387 0.15147636115378044
0 0.1983120886217165 0.9051779313876088 0.06514137575195873 0.1884493940945554
0 0.08087317588325657 0.9368279569892473 0.12840821812596004 0.11947431302270012
0 0.08177323348694321 0.7474825055470217 0.14940956221198157 0.12054104796040276
0 0.18294504181600957 0.5892738616752955 0.0582437275985663 0.07168458781362014
0 0.11088709677419355 0.35994955529005707 0.11275388291517323 0.06637461834594449
