0 0.186458333333333 0.323148148148148 0.134375 0.159259259259259
0 0.7219510469722694 0.13057284789033516 0.07604697226938312 0.09903791737408035
0 0.655153971739008 0.11806689310489345 0.027092833417778486 0.07349859570768201
0 0.5197412634408602 0.03322879330943847 0.04242271505376344 0.06347072879330944
0 0.5233114919354839 0.2505227001194743 0.052923387096774195 0.08139187574671446
0 0.7802077638053581 0.27615778709272426 0.09738928376161848 0.07441832209464799
0 0.7513042190632404 0.39411335884818666 0.07603198469108799 0.05518093270963694
0 0.7105829688354292 0.38753214669015656 0.047555585930380846 0.04708097928436914
0 0.8498989795219505 0.2741440844995396 0.13483665502362846 0.07495681422124817
0 0.8897078967194029 0.4438432679649034 0.12113896308472023 0.19975800744241262
0 0.8478657283747688 0.41131124960999627 0.058001164303814884 0.07305435700751085
0 0.9829164098349428 0.427482135926763 0.03274604479145274 0.05745420785486534
0 0.9452477570029449 0.11357669566011461 0.02974967467981644 0.09245942058763099
0 0.85696185192795 0.18682129838899922 0.07576535853708642 0.06468354526706695
0 0.826356071501952 0.11776210153033657 0.07020067118690497 0.07723976287773289
0 0.9722150880076705 0.05307855626326964 0.03574241490308889 0.07343484845025834
0 0.9030832518735743 0.3243908620252706 0.051930596285434984 0.0275152963325006
0 0.9287430759204953 0.29434126208319755 0.024234278266536447 0.036204337279606105
0 0.982811990876507 0.30737482350385575 0.0325839035516455 0.050686072191448515
0 0.3697806753090141 0.33888274768588306 0.09452567581147626 0.14068937795196462
0 0.8986415130568357 0.8892355531644962 0.202044930875576 0.2135282833216533
0 0.29699418571007735 0.7509813961426866 0.5905321502219978 0.49684246458439996
0 0.4942396313364055 0.6194743130227002 0.33026113671274954 0.3020993343573989
0 0.516321044546851 0.7910052910052912 0.21313364055299536 0.3345280764635605
0 0.6252880184331798 0.5349889059566479 0.4061059907834102 0.5461682881037719
0 0.6459293394777266 0.3259088581669227 0.14784946236559132 0.2782044717528589
