0 0.48515625 0.703240740740741 0.353645833333333 0.419444444444444
0 0.33375778155065083 0.17380368483933853 0.48457838143746457 0.34270263472300827
0 0.12683927560837582 0.21074640005030498 0.25113186191284664 0.4071558825378859
0 0.15228848330503683 0.49245352905882406 0.30457696661007355 0.33861390588222073
0 0.2457732031692134 0.7696032195183299 0.473082908885116 0.3364145129849714
0 0.8842140633842672 0.6564170282336667 0.1954230333899265 0.17606740866503173
0 0.691443831352575 0.607684084763881 0.1405984719864176 0.11947431302270012
0 0.9266854131295982 0.31002208702760486 0.14595713073005095 0.14981843048481416
0 0.964266765704584 0.24258208935628295 0.07079442558007924 0.10926026121272316
0 0.47921972269383134 0.4764195434823619 0.29446095076400675 0.3505627868955543
0 0.43765916808149413 0.6336225869332831 0.3492855121675155 0.45117273470414376
