0 0.1515625 0.427314814814815 0.265625 0.313888888888889
0 0.8873089983022071 0.1620134565805194 0.11141765704584047 0.09274979563604346
0 0.08925792303338997 0.5393007608627304 0.17596915676287495 0.18707162170659622
0 0.059882569326542186 0.7817675910205623 0.1197651386530844 0.3513110733823808
0 0.13612408036219587 0.7837514934289128 0.15120967741935487 0.2578129912595108
0 0.12021459028550241 0.668911959790714 0.1245596959584724 0.12050426399703378
0 0.14454718205413425 0.5999052445103613 0.06546625880608084 0.08548593086969054
0 0.309661197626993 0.5684917397931858 0.0921162402669633 0.31928480204342274
0 0.4915762884686689 0.6982655625592223 0.1419401186503522 0.1380134305607053
0 0.22449712643678163 0.5916656367156924 0.09675101965146458 0.215259753635727
0 0.2259454949944383 0.7497631112759032 0.09848906192065258 0.05767725456268289
0 0.2085650723025584 0.6951757096362213 0.08226733407489802 0.07003666625468631
0 0.2925704486466445 0.3382976970296214 0.024332591768631808 0.07312651917768713
0 0.18085059882856894 0.2537614981884586 0.04862750240405631 0.08207788171071674
0 0.3310062056737589 0.23878975062914662 0.03467455959734618 0.03590584407331146
0 0.6312848466746316 0.7007832204964821 0.13378634010354445 0.11504933846630383
0 0.40447033054559933 0.6288773839550423 0.16303265631222622 0.29868578255675043
0 0.5503907805655117 0.4917031727067569 0.10391776184786933 0.08849949112792602
0 0.692486393203239 0.4834063454135139 0.08089406610911984 0.0759620632181365
0 0.6321269746448958 0.5117999321503901 0.05475906013540425 0.07522456745873708
0 0.5414841364662153 0.5733808280602386 0.07093787335722819 0.06858710562414264
0 0.6142887959644232 0.5859182559700282 0.10371034116553832 0.08628700384972787
0 0.4195125383331393 0.4865213997041178 0.044277201971973136 0.03881836885214084
0 0.5518270457444869 0.36095417451349654 0.07233005285219608 0.07492456918372715
0 0.6261504465099325 0.36424478059251164 0.02335064698377981 0.1027681590830853
0 0.7247540068979509 0.3474335565023331 0.026945120714140746 0.0512837853069137
0 0.7856182795698925 0.5024120285836658 0.10239145871373505 0.08397015396406758
0 0.8008343477378779 0.5551047090913189 0.10175745587340225 0.07438966659903967
0 0.7192064820450396 0.5956808908726133 0.1407486305538649 0.1566691463222199
0 0.8512375735443295 0.6292125966502107 0.12141154392371685 0.07044476003696933
0 0.9392054676404951 0.4615540677622236 0.08812639480624869 0.11834719686210864
0 0.9341334449178332 0.732061946304186 0.1306045851085412 0.13074547462861513
0 0.8869847670250895 0.8504579848665871 0.19153225806451613 0.28474711270410213
0 0.7029463218979348 0.8513113728167492 0.21228025260283326 0.12137073068972708
0 0.5256016385048643 0.8736796191993323 0.24588240314046766 0.2514460184711081
0 0.7231292070985226 0.44244349253528376 0.03933910306845002 0.07090751911103343
