0 0.675260416666667 0.438425925925926 0.124479166666667 0.147222222222222
0 0.15925319220430112 0.4200268817204301 0.06562920026881722 0.17921146953405018
0 0.3023248487903226 0.4802307347670251 0.05145329301075269 0.2548163082437276
0 0.3409148185483871 0.4055592891278375 0.032027049731182755 0.13534199522102747
0 0.371104250672043 0.27861783154121866 0.16591061827956985 0.3649566905615293
0 0.5259891633064516 0.3822244623655914 0.139658938172043 0.28095131421744324
0 0.4083816364247312 0.16334378733572283 0.053553427419354836 0.08587216248506571
0 0.7992829541090629 0.06005451015531664 0.11968005952380963 0.12010902031063328
0 0.8465221774193549 0.7753509557945042 0.3024193548387097 0.41816009557945033
0 0.6754778972520907 0.31046358983435846 0.10578454798884905 0.07964954201513347
