0 0.32890625 0.5 0.163020833333333 0.192592592592593
0 0.3430425863044709 0.2720555869961643 0.24317345783814368 0.451172734704144
0 0.5702992359932089 0.44104885870590455 0.06455149971703454 0.2829654782116582
0 0.2316249292586305 0.7326605043073634 0.10699632144878325 0.22794441300383575
0 0.3611700622524052 0.845060680374772 0.18039049235993207 0.2295164434383449
0 0.3545380588568195 0.7326605043073635 0.14767260894170908 0.18707162170659622
0 0.4527469758064516 0.5961270410195142 0.06755432347670254 0.16054360812425328
0 0.5171065493646139 0.7090800477897252 0.2022238514173998 0.27153252959704577
0 0.5384233938434413 0.9123492994460737 0.10093913606678293 0.17410665797762576
0 0.2974706744868036 0.9089279895731508 0.24315738025415445 0.18029759965243833
0 0.039266513056835664 0.8838018641323127 0.07853302611367133 0.18217959445339474
0 0.6353485224452966 0.7072002072002073 0.05686517783291971 0.047622628267789534
0 0.6650735017670502 0.7360244295728167 0.08294796601248207 0.055141990625861496
0 0.696443341604632 0.6031155224703613 0.03216616119841938 0.04008005800120502
0 0.7038386867015899 0.6601721655485097 0.02398102196489297 0.07709667207875082
0 0.7235932979228742 0.6262805103328487 0.025100401606425658 0.057338073920532785
0 0.7613213399503722 0.711561437367889 0.03696236559139785 0.11717673007995591
0 0.8894014243089567 0.4602263131227833 0.021639081236277658 0.0791282753789087
0 0.7033339889850513 0.3002447766413148 0.01671911880409134 0.024769064894950045
0 0.6644046682402308 0.40310924614622495 0.017210857592446824 0.030014278637410033
0 0.4923088410991637 0.3429576529934953 0.019563918757467127 0.0414177618478694
