0 0.471354166666667 0.705092592592593 0.208333333333333 0.247222222222222
0 0.7873868138087152 0.5314406086901843 0.3943831352574985 0.45746085644218076
0 0.4202443975063389 0.19930201848707793 0.19773271125489617 0.39860403697415586
0 0.26080574419920777 0.2162485065710872 0.08223684210526318 0.15405898258190281
0 0.9515685230269831 0.7010662518879196 0.09383242036924332 0.08904217668672941
0 0.5032002048131081 0.4402628434886499 0.14560931899641574 0.23800041721188675
0 0.4245285031575355 0.5369801445070262 0.13867554190134837 0.46367411958809807
0 0.49839989759344594 0.509482088335135 0.14240911418330773 0.18869355786918512
0 0.35252389486260455 0.6687811723654017 0.030935313193377667 0.18110788720107715
0 0.23811657279399218 0.7332593730443192 0.05813705410479604 0.10714759818702466
0 0.33076203833567086 0.6207469741831592 0.04908835904628331 0.07584021609267048
0 0.6695407229466941 0.2295940415363889 0.015013726835964306 0.014616538295330312
0 0.1874505850727388 0.46296296296296297 0.15269212523719167 0.12298826340572071
