0 0.558072916666667 0.446296296296296 0.156770833333333 0.185185185185185
0 0.9739937040181099 0.7626648488278369 0.05134054895302769 0.12446193685582466
0 0.6044524780620443 0.7137560252131999 0.17457669014954894 0.13938669852648342
0 0.5119500061797059 0.6498990648045153 0.09230935607465085 0.09544212362158228
0 0.6015557409467309 0.6069844408739478 0.14483685576566555 0.1249673848858127
0 0.5667948955629712 0.5132589022095881 0.15719626745766901 0.12290748293714554
0 0.6689531578296872 0.529051483816037 0.11432455815103205 0.3192848020434227
0 0.48954857248794964 0.5657864019006028 0.1278426646891608 0.1634188879276013
0 0.34992584352984796 0.5523970392342658 0.04403040415276233 0.13526689462914895
0 0.3474153380299098 0.6924703717436385 0.0869021134593993 0.19019761326027548
0 0.1971326164874552 0.5902694809504845 0.13664874551971326 0.12810301340767286
0 0.2107601553166069 0.46548519846010883 0.06235065710872162 0.08031328819859286
0 0.2895385304659498 0.4326297623788663 0.04592293906810038 0.12743926722421348
0 0.28685365275142316 0.46376238667510017 0.06572185325743198 0.04568135497926771
0 0.3366391919671094 0.3838200154613817 0.045214658444022754 0.0983906107245766
0 0.06124948958758676 0.4230751780772197 0.06465223900911937 0.09452081726479436
0 0.107216110385978 0.430072996733448 0.02486170675616881 0.047306303133265636
0 0.4680779569892473 0.23894862604540024 0.20833333333333334 0.31660692951015534
0 0.44192220894729856 0.40965676947357554 0.0875315279437143 0.09071197840612409
0 0.3925560865525023 0.4745563963007213 0.06513009425195808 0.0877619953685266
0 0.25508415147265073 0.26362266895226216 0.059607293127629704 0.07116513427873876
0 0.37108461898083206 0.15843332813879799 0.06720430107526879 0.12466884837151317
0 0.3482935951379149 0.06934704690665419 0.03856942496493687 0.13246065139473273
0 0.23894862604540024 0.061927518916766275 0.04778972520908003 0.06305588742864728
0 0.13795549581839903 0.16182131952741277 0.07131123058542412 0.09690694278507897
