0 0.19140625 0.194907407407407 0.391145833333333 0.389814814814815
0 0.778992503407542 0.3843118447843573 0.10601241859760721 0.08918505056624096
0 0.4784662274723611 0.27156847897420366 0.053952748750567915 0.03702020966900565
0 0.6592552627593519 0.4772830531576556 0.14387399666818107 0.10517105019603881
0 0.45829599761051365 0.4153723616089207 0.19227897252090806 0.14823664763927608
0 0.33788829151732375 0.4618345944510819 0.1480983671843887 0.17699898225585203
0 0.4894090999601752 0.5724589583609895 0.12507467144563916 0.25664852427098545
0 0.23241487455197132 0.5907119784061242 0.07280465949820791 0.2820921279702643
0 0.13907556750298686 0.4220098234435151 0.049158701712465155 0.15044913491747422
0 0.06545418906810037 0.47075368379131816 0.06930443548387097 0.12694145758661887
0 0.06720430107526881 0.6008064516129032 0.061603942652329755 0.1505874153723615
