0 0.377864583333333 0.507407407407407 0.0265625 0.466666666666667
0 0.8046300226372382 0.6186882978054455 0.1795062252405207 0.1666352260579764
0 0.7271250170137471 0.5538919891716951 0.0710323941744929 0.10057014956974127
0 0.703305771063019 0.6465223900911936 0.08804614128215596 0.15577030685238116
0 0.6369521573431333 0.7531418719658818 0.08124064243909077 0.18904163452958883
0 0.6320607050496801 0.3622037717586921 0.08251667347216554 0.0907399845742026
0 0.637164829181979 0.2344116268166901 0.09527698380291273 0.16030730608109128
0 0.9586453533026114 0.08400525912046654 0.08203725038402464 0.09295551691865062
0 0.4346624850657109 0.7761681932828887 0.0835386798088411 0.1468538430904022
0 0.5387358124253285 0.6699688039293774 0.15914351851851852 0.1850192486393203
0 0.4806320937873356 0.6031793442187707 0.10547341696535245 0.19082702774459054
0 0.42049793990553713 0.6638082158130394 0.04836197367098778 0.11277481883451129
0 0.4423236358154959 0.29617347223617946 0.09515375339161893 0.14459741622840805
0 0.45237287709777907 0.38884980850612444 0.04679177972063106 0.07425272725242577
0 0.39144935182393725 0.3743342377650487 0.06751833986534023 0.11109994528746414
0 0.4889583961410913 0.49073794928482894 0.037056577228419256 0.11165823646981317
0 0.5261542511916639 0.18745766052051385 0.10392417692051878 0.07944425969035214
0 0.42898514577097885 0.15389400041877593 0.03290932269149768 0.09607212799763513
0 0.14878285543608125 0.7591928846409133 0.17958482676224613 0.18850391610248246
0 0.2678838112305854 0.5892738616752954 0.14448924731182797 0.1526616221956723
0 0.32780764635603343 0.4658170715518386 0.09259259259259259 0.13805920615956457
0 0.18911967200433202 0.6190445493067912 0.056809391196720016 0.08552297946588966
0 0.14656531000440165 0.3845177709307119 0.24332476576746528 0.427803628944923
0 0.25518966547192357 0.3290853577591929 0.04666965352449224 0.13805920615956457
0 0.31642025089605735 0.37554759060135406 0.04293608124253287 0.11549183592194347
0 0.07795698924731183 0.6090203106332138 0.1538978494623656 0.12485065710872162
0 0.05897177419354839 0.5005973715651135 0.07022849462365591 0.06929510155316607
0 0.05521253360215056 0.7099761051373955 0.11042506720430112 0.11021505376344086
