0 0.78984375 0.603240740740741 0.393229166666667 0.465740740740741
0 0.5399153523664849 0.17650757718669433 0.5356192103773867 0.35301515437338876
0 0.5017685342388228 0.4685593913098157 0.28296547821165813 0.37571527384770176
0 0.708687040181098 0.4512670565302144 0.17508488964346355 0.24680877821794628
0 0.20023344651952468 0.37030748915299005 0.1980758347481607 0.2515248695214739
0 0.05059776457272215 0.5397409293843929 0.1011955291454443 0.17990316292523437
0 0.3364105829088852 0.55973715651135 0.18215902659875494 0.32855436081242534
0 0.8497276457272213 0.4284726152298309 0.11760752688172044 0.17921146953405018
0 0.7033814374646292 0.3396528956800604 0.1308715336728919 0.16820725649248572
0 0.935732234689107 0.3253337488961613 0.12710378681626916 0.2986857825567503
