0 0.815364583333333 0.7 0.269270833333333 0.318518518518519
0 0.9456706281833616 0.12664277180406214 0.10788058856819473 0.13205055649877384
0 0.08306805319750996 0.38681380871533677 0.16535795132993775 0.12733446519524616
0 0.4288164968873797 0.7082940325724706 0.16889501980758345 0.1351946173677922
0 0.40444388440860213 0.3565561529271207 0.029926915322580645 0.08587216248506571
0 0.3569283434139785 0.534834229390681 0.13650873655913975 0.1549432497013142
0 0.5603788642473119 0.6244399641577061 0.08033014112903226 0.23521505376344087
0 0.6297506488691138 0.6729013032312995 0.03900939315288588 0.15380601216715423
0 0.6523451983685576 0.5393509935593732 0.026263749845507393 0.22727584833628586
0 0.6754032258064516 0.3864994026284349 0.12432795698924731 0.12395459976105137
0 0.7578965053763441 0.5844285145360414 0.22121415770609315 0.3683791318199921
0 0.8514224910394266 0.5087614496216647 0.04872311827956989 0.09956192751891674
0 0.9203769041218638 0.5836818000796495 0.09975638440860216 0.07716049382716055
0 0.21970636889991726 0.5146470912599945 0.054926592224979316 0.058588365039977955
