0 0.8890625 0.332407407407407 0.123958333333333 0.146296296296296
0 0.5737649425629722 0.13013267936867257 0.3724191810879774 0.26026535873734513
0 0.39388794567062824 0.5620952021631139 0.23521505376344087 0.18549959127208707
0 0.5552666949632145 0.5581651260768409 0.1193760611205433 0.20279192605168833
0 0.5327099555061179 0.47064639723149176 0.046927141268075616 0.09887529353602768
0 0.45768446421950315 0.3434474519012895 0.04403040415276233 0.10402504840769577
0 0.3832383203559511 0.27650063856960405 0.07010103819058218 0.058707205537016444
0 0.7220208928814481 0.3485927740725617 0.050615897645297475 0.07410432073559882
0 0.6577939975500203 0.3727901032923491 0.08974751599292223 0.07259198765936214
0 0.47723560636994694 0.38148601848071023 0.08591942289369814 0.05520015728263997
0 0.6378028446985163 0.28583095140873827 0.07953926772832444 0.03478366075344436
0 0.6114315366816387 0.3387626090770231 0.1203722607867156 0.08771531842172921
0 0.5810194637266911 0.5656125705125297 0.13866203892745335 0.11191264764151661
0 0.812193752552062 0.6949170485307684 0.2062916836804138 0.15425797377614447
0 0.7715734313325165 0.2763788696822588 0.08506873553831501 0.08393448573113739
0 0.8092163468082209 0.3134310300500582 0.08038995508370764 0.05217549113016648
0 0.75222029399755 0.3603133554133962 0.059973458554512055 0.04461382574898296
0 0.7328671566625834 0.4098422636601485 0.0638015516537363 0.05293165766828488
0 0.8028361916428473 0.4828123345885698 0.17566693888662036 0.22911846104986164
0 0.9470276983802912 0.5992619814587964 0.10250782632366949 0.2835624517943832
0 0.9293759357560909 0.545196073983334 0.05189192867837217 0.08317831919301909
0 0.9476657138968286 0.3901819336690712 0.037430243636858644 0.043857659210864625
0 0.2179412702751959 0.5419375088593241 0.08229679241844362 0.136180466962315
0 0.40588550209586294 0.3386793025940101 0.050972753781665735 0.04758722637344836
0 0.04370413039767881 0.608569911437295 0.08640552995391707 0.28446265005404786
