0 0.209114583333333 0.645833333333333 0.199479166666667 0.236111111111111
0 0.7194688308152987 0.6521936391270813 0.10250782632366949 0.1716498041528666
0 0.5965445079624336 0.5138151626514224 0.11441744929903362 0.080909819578664
0 0.628664644793677 0.38920544476100033 0.021252642220384168 0.055652564613138104
0 0.5534188034188033 0.5844999948942601 0.11028398125172326 0.11845316504814704
0 0.4229229021172819 0.4916860658463585 0.05611905553708019 0.2691251277882472
0 0.42257648819421345 0.5658956262547882 0.08452499722868864 0.06897486112650732
0 0.39728827181022064 0.6200901599970439 0.049190777075712275 0.12563278276613835
0 0.3678430883494069 0.5187833327174863 0.02078483538410374 0.06959070810085113
0 0.3371854561578539 0.43687568512975894 0.057158297306285306 0.20754043035386568
0 0.30652782396630085 0.6271724002019978 0.06928278461367922 0.1521142026629224
0 0.2610720277587127 0.3236821813806486 0.08078814916495083 0.11354296414923275
0 0.2832710705249842 0.3926048914189332 0.03977901644528779 0.0491953053622883
0 0.2062744732425881 0.4078010510977134 0.05943501771396605 0.06767909061401513
0 0.24298433712474363 0.4086643048045248 0.03379638262166697 0.04178147940967256
0 0.16583649588867805 0.333790146883126 0.06562302340290957 0.13142174432497017
0 0.14163944467129438 0.4510382166568365 0.03955696202531645 0.1013263161078596
0 0.10621201496026178 0.7298322165082333 0.21183964469378214 0.21713157758038545
0 0.04207573632538569 0.6212664277180406 0.08239831697054698 0.1360968261389019
0 0.12372791858678954 0.5840587130909712 0.09288594470046084 0.06827103601297146
0 0.19525249615975418 0.5296552312681345 0.018961213517665138 0.09600614439324114
0 0.26473694316436247 0.5328554360812425 0.06864439324116742 0.08107185526540363
0 0.21774193548387097 0.5921943448825169 0.1532258064516129 0.08841099163679803
