0 0.31953125 0.396296296296296 0.1703125 0.201851851851852
0 0.33154711375212226 0.20917436961579577 0.12645019807583469 0.10847009998113563
0 0.18465674110835398 0.3036843018921872 0.039633305762338006 0.04288821493122567
0 0.08669354838709678 0.3223815213062525 0.033602150537634407 0.05933890880127442
0 0.1694668458781362 0.4615690959776982 0.08624551971326164 0.09239346873755473
0 0.6472894265232975 0.5256869772998806 0.21281362007168464 0.2588610115491836
0 0.7273745519713262 0.6725408203902828 0.21841397849462366 0.20011947431302277
0 0.8332618393960192 0.7100333002872468 0.11796499656829107 0.09850275807722607
0 0.44427643369175623 0.5446037435284747 0.22345430107526879 0.26881720430107525
0 0.5156810035842293 0.5316606929510156 0.12096774193548387 0.20111509358821192
0 0.5522575667064914 0.683083322270897 0.23583731581043405 0.1283242621354927
0 0.3479502688172043 0.5492831541218638 0.08299731182795698 0.14874551971326164
0 0.32493279569892475 0.5325567502986858 0.04435483870967742 0.07706093189964158
0 0.1385610300680866 0.702231609489674 0.2755859618258812 0.5943420378904251
0 0.5048826270948759 0.81210530807305 0.9458251620238529 0.37459464072367304
0 0.9394441244239631 0.7948617217249028 0.12043970814132109 0.2657979765877431
0 0.7232637734175812 0.616395078150981 0.14133688061190547 0.07020655507519495
0 0.6541785762896419 0.4506601333877773 0.04976521028991426 0.06427415574006015
0 0.5982458826731999 0.4298655535895226 0.06762964475296038 0.04763849190145638
0 0.6596017081802096 0.3631338566005777 0.03509085340955489 0.029112411717556692
0 0.5936734381380155 0.3589749406409268 0.03636688444262966 0.029112411717556692
0 0.808152987613992 0.4181449722486881 0.060398802232203626 0.03478366075344436
0 0.9026856199809447 0.39810655898855163 0.049977882128760046 0.02949049498661586
0 0.9106608139376615 0.5175808720112518 0.07273376888525931 0.055956323820758234
0 0.860363924050633 0.5200384132601364 0.08783346944331011 0.06465223900911939
0 0.9729736627194773 0.590172859670614 0.052742616033755296 0.0756166538118355
0 0.9719103035252483 0.4924383346188165 0.05444399074452156 0.05557824055169913
0 0.9878075234789708 0.4488853362564572 0.023712910031305406 0.03274639956704071
