0 0.629947916666667 0.455555555555556 0.171354166666667 0.201851851851852
0 0.8249681663837013 0.3687354587184808 0.10699632144878318 0.18235553040306873
0 0.862648312940304 0.47309081421057697 0.10003398838215304 0.13595352861203808
0 0.7404060066740823 0.46931432730468703 0.05407242615251516 0.1023084634504731
0 0.7091212458286986 0.5733393757123828 0.11200716845878134 0.09063568574135875
0 0.5789650537634409 0.7753882915173238 0.14180107526881722 0.24850657108721624
0 0.4845430107526882 0.7514934289127837 0.17876344086021506 0.24372759856630824
0 0.4650537634408602 0.32855436081242534 0.17473118279569894 0.2747909199522103
0 0.4100648323845667 0.5187410687094431 0.10212418300653597 0.40176166045868755
0 0.28290375289900904 0.5937053435472157 0.23653278515707352 0.33851055356431686
0 0.2331593927893738 0.654613816852906 0.2925363693864643 0.2073230725982148
0 0.11225753742357157 0.7817016890388174 0.21149588867805186 0.16632698479630806
0 0.30985983102918585 0.7777777777777778 0.0888056835637481 0.053763440860215055
0 0.4967517921146954 0.6264436479490242 0.08699223416965353 0.11416434355502454
