0 0.130989583333333 0.671296296296296 0.249479166666667 0.296296296296296
0 0.4310271646859084 0.4976419543482362 0.2741228070175439 0.2295164434383449
0 0.5353706847764573 0.32471860655222284 0.09903791737408042 0.0974658869395711
0 0.664704610060561 0.42845960532278665 0.035533308614509956 0.10299509743336216
0 0.3125213346987541 0.46557053725512504 0.057070319167093375 0.08913163035026839
0 0.5108006912442395 0.6290180349320134 0.2800179211469534 0.1827672526597258
0 0.4304622162485065 0.750033187309173 0.21608049581839903 0.20078322049648212
0 0.32106854838709675 0.7455197132616488 0.11928763440860216 0.14814814814814814
0 0.18550228310502284 0.7352580154170963 0.16939166298423922 0.1235658990851213
0 0.29451296647691333 0.5893861128680864 0.030143105629348528 0.055344718532574305
0 0.2554751739405439 0.6322123831611499 0.07511068943706514 0.0513915243516762
0 0.43010752688172044 0.8632019115890084 0.20698924731182797 0.1087216248506571
0 0.6820816532258065 0.6276135005973715 0.06720430107526881 0.06795101553166069
0 0.846732190860215 0.5592891278375149 0.13608870967741934 0.08363201911589008
0 0.7946488575268817 0.8079450418160096 0.15120967741935484 0.16427718040621267
0 0.6915322580645161 0.7474611708482676 0.11550739247311828 0.11499402628434886
0 0.6104670698924731 0.6989247311827957 0.14322916666666666 0.18518518518518517
0 0.8366515456989247 0.6709229390681004 0.1327284946236559 0.07093787335722819
0 0.8956653225806451 0.6798088410991637 0.04603494623655914 0.0991636798088411
0 0.8941532258064516 0.921146953405018 0.20698924731182797 0.12066905615292713
