0 0.522135416666667 0.580092592592593 0.215104166666667 0.317592592592593
0 0.6551888794567063 0.15572533484248255 0.14236700622524054 0.20593598692070678
0 0.8015350877192983 0.2751996478651827 0.12202886247877757 0.09589385650506202
0 0.6963502992126719 0.8640665283279884 0.1380316680348513 0.2706722002137962
0 0.5875424448217318 0.5935358108532981 0.11495472552348615 0.5344903477331322
0 0.39742501414827397 0.9574608564421808 0.2918081494057725 0.0833176130289882
0 0.9721986417657045 0.2579073130855814 0.053056027164685965 0.13047852606426463
0 0.7839381720430108 0.5209080047789725 0.1892921146953404 0.2947033054559937
0 0.5390807620383357 0.3376707703495923 0.0978845254791959 0.15194015895278165
0 0.39736734455352973 0.5344137966858865 0.11103319308087894 0.42595189860266996
0 0.33600689574567555 0.5474001350579191 0.2030738662926601 0.2285595553477741
0 0.1533865123889668 0.6675237649992208 0.30388031790556336 0.35972157290530354
