0 0.818489583333333 0.589814814814815 0.2140625 0.253703703703704
0 0.89217246745897 0.18323586744639378 0.1282187323146577 0.1634911651889581
0 0.7543324554147984 0.09004590328868767 0.4467662124707965 0.18009180657737534
0 0.964266765704584 0.4333815170131573 0.07079442558007924 0.1607327252795372
0 0.9487655631013016 0.5793875369427153 0.07162563667232597 0.06916933911840539
0 0.9111842105263158 0.6501289064956297 0.04244482173174871 0.08488964346349749
0 0.5014198091776466 0.38599458158749395 0.047800242314099614 0.08581957695996772
0 0.45527601090413455 0.4570902115200162 0.06057852491291837 0.07319905093644304
0 0.33317242162653343 0.5340754202635166 0.12778282598818727 0.12957073384151988
0 0.43492541269120105 0.5845575243576152 0.04732697258821746 0.15649452269170566
0 0.47562660911706806 0.6022262607905498 0.04732697258821754 0.14808083867602267
0 0.41433817961532643 0.5172480522321504 0.0638914129940936 0.08245410335369444
0 0.586371724973497 0.4583522641223686 0.13724822050583063 0.23053494202971717
0 0.859181141439206 0.3781821523757008 0.08374689826302724 0.04870875838617775
0 0.6206058726220016 0.4783567686793493 0.11631513647642681 0.07627975369910857
0 0.4924007444168734 0.4843304843304843 0.07599255583126552 0.044113592500689254
0 0.5594135802469136 0.5984556838798176 0.07467144563918755 0.09845568387981767
0 0.6396853843090401 0.5176998982255852 0.11076264436479488 0.3661666445417939
0 0.6953778375149342 0.5984556838798176 0.13129729191557152 0.2666047170228772
0 0.7905839307048983 0.40430992521792997 0.07902727996814005 0.11504933846630383
0 0.6757765830346475 0.8578698172485508 0.1866786140979689 0.2610734988273817
0 0.7628932696136997 0.7052081950528785 0.14063122262046998 0.13717421124828527
0 0.9160061115706278 0.5017870089554678 0.08070260086389111 0.055141990625861566
