0 0.864583333333333 0.653240740740741 0.273958333333333 0.325
0 0.574720571590266 0.6092561151983903 0.32098896434634977 0.2578129912595108
0 0.8147990945104697 0.6084700999811357 0.11672325976230903 0.2719612651700937
0 0.37576046972269384 0.6666352260579765 0.20072863610639502 0.1933597434446331
0 0.26454831137361806 0.48737947397647535 0.057738906557625334 0.10517105019603881
0 0.25413637740421025 0.5757231561411479 0.06152506436468275 0.0731990509364429
0 0.38570536119945487 0.7940582563481245 0.07004391943056189 0.13125347064465648
0 0.25508291685597456 0.6918319955575748 0.09181432682114193 0.12031568142426839
0 0.1973487429956081 0.8908408635805274 0.3946974859912162 0.21712352970871832
0 0.05827399980625787 0.730300192665784 0.11594255545868448 0.13454314529583342
