0 0.8796875 0.373611111111111 0.189583333333333 0.225
0 0.6631472835314092 0.3286486826384959 0.1034592529711375 0.11790228258819094
0 0.49602079796264853 0.7318744890901088 0.09638511601584608 0.12890649562975545
0 0.9102999434069045 0.4834936804376533 0.09550084889643468 0.10060994780858958
0 0.915605546123373 0.5463748978180217 0.058361629881154516 0.10689806954662648
0 0.9244482173174873 0.6705653021442496 0.15032541029994345 0.3395585738539898
0 0.8024193548387096 0.6034883133929022 0.045907163410571 0.1405085230619078
0 0.7006663637740421 0.47181415854746167 0.16801075268817203 0.25577599407676643
0 0.7371081326669696 0.6552324700893534 0.10743222777525367 0.16322546990425219
0 0.7584052703316675 0.7217005738132498 0.10080645161290322 0.10432968179447054
0 0.7939004997728306 0.8643125178790786 0.059158715735271754 0.16743231191209382
0 0.724803119794033 0.5454338936846888 0.1727434499469938 0.34075420263516576
0 0.6180807966076027 0.5946539451764349 0.0681508405270332 0.21875578440776075
0 0.6450571709828866 0.4461524222996281 0.06720430107526881 0.11863294462113184
0 0.48603854308647587 0.594653945176435 0.04070119642586709 0.10432968179447047
