0 0.249739583333333 0.151851851851852 0.193229166666667 0.22962962962963
0 0.9514448924731183 0.3473374336419045 0.09643817204301075 0.10811887155973182
0 0.6016907187323146 0.1462931522354273 0.13971420486700625 0.19964786518266997
0 0.710013440860215 0.4174684021882665 0.08223684210526315 0.10060994780858958
0 0.6702214204867006 0.5322266239074389 0.2148769100169779 0.1634911651889581
0 0.6378213205645161 0.44522849462365593 0.10290658602150538 0.06533751493428913
0 0.451171875 0.32902105734767023 0.07717993951612903 0.13907556750298686
0 0.5149634576612904 0.3822244623655914 0.10920698924731183 0.0793384109916368
0 0.40129368279569894 0.3994922341696535 0.13703377016129029 0.10827359617682199
0 0.33540196572580644 0.43776135005973715 0.08085517473118276 0.08960573476702509
0 0.37504200268817206 0.4830309139784946 0.119182627688172 0.16334378733572283
0 0.3813424059139785 0.5731033452807647 0.05092825940860215 0.1232078853046595
0 0.4682354670698925 0.6319071087216248 0.15015961021505375 0.13254181600955794
0 0.5160135248655914 0.5184998506571087 0.10395665322580645 0.096139486260454
0 0.6029065860215054 0.5969048685782556 0.11078209005376344 0.05693697729988052
0 0.4629851310483871 0.5427680704898447 0.04935315860215054 0.08493876941457587
0 0.45510962701612906 0.474630376344086 0.0808551747311828 0.07187126642771804
0 0.30074974798387094 0.2921520310633214 0.09030577956989244 0.1400089605734767
0 0.22645749327956993 0.37522401433691754 0.10973202284946239 0.13814217443249702
0 0.17237903225806456 0.47696385902031063 0.0708795362903226 0.08773894862604541
0 0.2511340725806452 0.5105660095579451 0.12233282930107527 0.15307646356033452
0 0.15295278897849465 0.57076986260454 0.05722866263440862 0.1148073476702509
0 0.2133316532258065 0.5857041517323776 0.12023269489247314 0.1148073476702509
0 0.28447370631720437 0.6832437275985663 0.09135584677419355 0.16054360812425328
0 0.35062794018817206 0.649174880525687 0.04305275537634405 0.16147700119474312
0 0.20703125000000003 0.7056451612903226 0.0960811491935484 0.12694145758661887
0 0.08282635351820411 0.6675889245215786 0.15975759290699865 0.17187532750634044
