0 0.641666666666667 0.375 0.110416666666667 0.131481481481481
0 0.20907611771363893 0.7585990064767654 0.41029994340690434 0.4558888260076715
0 0.4363327674023769 0.8576369238508458 0.3130305602716468 0.27667735647362146
0 0.6056529156327543 0.7400974175167724 0.1324700165425972 0.3572741475967282
0 0.4431348221670802 0.4775985663082437 0.31275847808105867 0.38829151732377537
0 0.4838451199338295 0.19327267714364488 0.12923904052936308 0.09534969212388565
0 0.6466863110008271 0.48564010660784857 0.1305314309346567 0.2205679625034464
0 0.5646195202646815 0.5465260545905707 0.05815756823821333 0.3055785313849831
0 0.49644592638544244 0.5292941825199889 0.1492710918114144 0.1838066354195386
0 0.5861064763317266 0.22693253134484132 0.13247744407366208 0.10642826734780758
0 0.6959893709059449 0.3869182493579973 0.09115066122852557 0.07621637210068802
0 0.22494772998805254 0.45453338643302804 0.09296594982078851 0.15531660692951016
0 0.2889784946236559 0.28466053711495504 0.07772323515661525 0.06545114539504439
0 0.8485511208310552 0.6964238705627444 0.14807727355567704 0.17009902193062387
0 0.663454528886459 0.9758722637344835 0.2266721341352288 0.0445497438389729
0 0.8929743028977583 0.2959824231010672 0.0899854200838345 0.15896158597088073
0 0.8837518328445748 0.06414956011730205 0.10424303519061592 0.06991962637123926
0 0.7604166666666666 0.0515911806234387 0.03856610459433062 0.07059845769523189
0 0.7159320014662757 0.21281362007168458 0.030547409579667673 0.06720430107526881
0 0.7972644794721407 0.12897795155859673 0.03512952101661762 0.09910937330292169
0 0.8795515640273704 0.4273243184533507 0.05918560606060587 0.06991962637123925
0 0.8337304496578689 0.38421852937981976 0.058421920821114255 0.07874443358314329
0 0.9217256571087217 0.5763308110978362 0.15587664277180416 0.18031771317314926
