0 0.227864583333333 0.249537037037037 0.269270833333333 0.319444444444444
0 0.3923081471951047 0.046815066339684346 0.3727832528650254 0.09363013267936869
0 0.6012485851726089 0.17694774570835692 0.17420062252405208 0.23580456517638188
0 0.7570914538530467 0.10267323775388291 0.11410730286738356 0.09458383114297093
0 0.8421468974014338 0.043869474313022704 0.05600358422939063 0.0790272799681402
0 0.8307711693548387 0.07653823178016726 0.05495351702508971 0.08089406610911988
0 0.6459593413978495 0.02675726802070888 0.056353606630824345 0.051025487853444844
0 0.7096861471861472 0.26299089202315007 0.07985965647255985 0.11326785520333912
0 0.5776776986454405 0.3448385545159739 0.21295908392682583 0.22886313208893858
0 0.6730292556905461 0.37393132554422887 0.12960829493087567 0.09930332510977673
0 0.7944313314100883 0.5106798379811756 0.07922458256840624 0.11413196569241675
0 0.6829705393828132 0.4628415459781838 0.07649270041087511 0.0631368320851667
0 0.715206748841682 0.596885897174384 0.07485357111635639 0.07382152674573343
0 0.9127218288311915 0.7166030441666423 0.10326514555468141 0.1539567366999835
0 0.9692717894920885 0.705432681566959 0.059555031034181236 0.11024662217948342
0 0.8836272838534838 0.5490476051713922 0.08660066439374065 0.08304921758895006
0 0.9682459677419355 0.04054554327157686 0.06283602150537634 0.06765443317010793
0 0.4537970430107527 0.26533253683791325 0.2234543010752688 0.2718040621266428
0 0.4375560035842294 0.48287534846674635 0.29289874551971323 0.25686977299880526
0 0.30790770609318996 0.5112504978096376 0.234094982078853 0.1921545201115094
0 0.39695340501792115 0.6974313022700119 0.21057347670250892 0.3116288331342095
0 0.5551821983273596 0.7741271737687508 0.1687574671445639 0.16792778441523973
0 0.5464083034647551 0.651997876012213 0.13403524492234162 0.16394530731448295
0 0.6260611205432937 0.5706470477268438 0.12379739671760046 0.10375400867760796
0 0.5164119977362761 0.4705611100630908 0.06720430107526881 0.05449705506298601
0 0.07903972520908001 0.6568100358422939 0.15494324970131423 0.1858489313686447
0 0.1788278833406982 0.5404985188458454 0.19839077920164974 0.21521742688335713
0 0.1272738989541906 0.3543313530056792 0.2517859773162469 0.27331794896973866
0 0.35466379437325085 0.2274921850706208 0.2214059508027692 0.17020998019672345
