0 0.105208333333333 0.427777777777778 0.21875 0.72037037037037
0 0.948323429541596 0.16672954788404704 0.10257498585172603 0.07702949129095145
0 0.8678735439068102 0.1316084229390681 0.06125392025089601 0.054136798088410994
0 0.8601730510752689 0.2193473715651135 0.05215333781361997 0.04666965352449223
0 0.6914622535842295 0.2781511350059737 0.09065580197132611 0.04853643966547192
0 0.7411654345878137 0.3316656710473915 0.12845822132616475 0.11200716845878136
0 0.6837617607526881 0.37335722819593786 0.10535674283154124 0.06471525288729592
0 0.7959439404121865 0.4284274193548387 0.08050515232974916 0.08649442453205891
0 0.8416218637992833 0.38735812425328553 0.13055835573476698 0.07653823178016726
0 0.9244180718475073 0.41917834256543934 0.11913489736070365 0.22740849353752576
0 0.9118172653958945 0.5895650048875855 0.08553274682306923 0.23283914412946669
0 0.44189129474149363 0.04173417783669662 0.12612314037413463 0.07528518354855077
0 0.5431580497864192 0.1980327654211879 0.1279643541022242 0.2667714112698647
0 0.4810844479412536 0.12700216607900847 0.03332896232188123 0.042253110703150035
0 0.6426444233607421 0.6153747042425095 0.15351570735821216 0.21786492374727665
0 0.4156651908075058 0.4513903530348818 0.3333860425890786 0.6512521376531497
0 0.48748155176048913 0.4431911354745005 0.18711785789584656 0.30922763370581213
0 0.29987373737373735 0.5262481445277144 0.14662756598240465 0.40096303537163747
0 0.2825635386119257 0.648437782846385 0.07942326490713585 0.14210202382245393
0 0.06637224782386075 0.5791754375983768 0.10934033111452465 0.2294665377102653
0 0.024502901519030583 0.5640040962621609 0.0469363372589179 0.07585670668107944
