0 0.399479166666667 0.209259259259259 0.129166666666667 0.153703703703704
0 0.84609375 0.14212962962963 0.1234375 0.265740740740741
0 0.5375813525749858 0.48034961956863487 0.31037775891341257 0.3144060869018424
0 0.5942435315860215 0.28935185185185186 0.04830309139784946 0.11760752688172044
0 0.7152637768817204 0.29121863799283154 0.07717993951612903 0.22028076463560334
0 0.8051915322580645 0.470131421744325 0.30997983870967744 0.43757467144563916
0 0.7022163704191354 0.6907931631433937 0.23727232828615324 0.23163387218686768
0 0.6167223970626804 0.17119794853862516 0.03906591485269691 0.05585181299841671
0 0.5148231925867646 0.330497032568892 0.06474560713349072 0.05779448475488339
0 0.4263007009663808 0.40339972475538016 0.039344290186470614 0.058224823435113385
0 0.28298611111111116 0.30055256869773 0.08575548835125453 0.1331640780565512
0 0.2254074260752688 0.504965651135006 0.16031025985663083 0.09645061728395064
0 0.32376372087813626 0.4993652927120669 0.05670362903225806 0.1039177618478694
0 0.29751204077060933 0.6493304460374353 0.15260976702508963 0.1773446833930705
0 0.17815194226484546 0.6557632901718924 0.11594255545868447 0.19105126632008354
0 0.8921370967741935 0.650089605734767 0.14952956989247312 0.15531660692951016
0 0.04200268817204301 0.4753584229390681 0.08064516129032258 0.11051373954599761
0 0.028981854838709676 0.7068399044205496 0.054603494623655914 0.14336917562724014
0 0.13860887096774194 0.8546893667861409 0.2772177419354839 0.28375149342891276
0 0.9278393817204301 0.8703703703703703 0.08484543010752688 0.2553763440860215
0 0.26360887096774194 0.07078853046594982 0.04872311827956989 0.06033452807646356
0 0.3324932795698925 0.05555555555555555 0.052083333333333336 0.05017921146953405
0 0.9622321710942441 0.1688101764003093 0.04867370335230871 0.05490547473469672
