0 0.7765625 0.524074074074074 0.113541666666667 0.135185185185185
0 0.46905065082059993 0.6603471043199398 0.1379456706281833 0.23423253474187264
0 0.6078805885681946 0.6179022825881909 0.14855687606112047 0.12733446519524616
0 0.5152329749103943 0.9097900273280326 0.08960573476702512 0.16479215589337945
0 0.2833272238514174 0.6434596864704392 0.14102720755946563 0.13214583107056221
0 0.22986925708699898 0.7452843850693313 0.21332274356467906 0.1638246261902176
0 0.0771322091886608 0.9267586256833569 0.1542644183773216 0.14481734911842442
0 0.19601254480286737 0.2886571811302995 0.06211306614532422 0.09775171065493646
0 0.07865957966764417 0.3483943376416495 0.15528266536331053 0.15024799971036526
0 0.31686158591440694 0.4594215729673898 0.026506875722914772 0.01642176812463408
0 0.39283457567579144 0.40242137781014525 0.021285824444158875 0.019515724437970932
0 0.835013440860215 0.4190034436713753 0.019963630613535763 0.020029517183217358
0 0.5183240818321464 0.32777079551273103 0.026401689708141277 0.03413551800648573
0 0.5770187473816506 0.43095315675960844 0.021164990923055377 0.013188722866142198
0 0.635277021365731 0.37257366289624355 0.018546641530512505 0.0174556626169529
0 0.6320040846250524 0.429013638691058 0.019855816226784017 0.027153252959704596
0 0.6015657729367407 0.2013142174432497 0.05367616254713028 0.0380145541435864
0 0.6988810920262533 0.1472016633306956 0.07113182516408328 0.06865893962668156
0 0.925739247311828 0.4787933094384707 0.05981182795698925 0.1009557945041816
