0 0.486197916666667 0.247222222222222 0.265104166666667 0.314814814814815
0 0.6742006225240521 0.27441363264792806 0.1980758347481607 0.21379613909325285
0 0.5393498868138087 0.6186882978054455 0.25024759479343517 0.2609570521285292
0 0.7108977079796265 0.5408727912972395 0.20780277306168649 0.21851223039678042
0 0.2674377475947935 0.1785197761428661 0.14855687606112056 0.11633025215368167
0 0.05059776457272215 0.12879320102257874 0.1011955291454443 0.14578359754286227
0 0.27156999586435066 0.23922433599852955 0.126008064516129 0.10913518978035107
0 0.140625 0.2724014336917563 0.11995967741935484 0.0979689366786141
0 0.1989247311827957 0.35603345280764637 0.11559139784946236 0.0908004778972521
0 0.08811113911290325 0.35188918757467147 0.1659106182795699 0.16801075268817203
0 0.061821432299822524 0.5463339945018617 0.12168545777221003 0.16123232534131374
0 0.06897385317552412 0.6355904523692874 0.056809391196720044 0.036959679568173386
0 0.20308668175815883 0.719989939005219 0.22578287115638554 0.2871575593703494
0 0.2944609507640068 0.4868054245530193 0.26704867006225236 0.2043639564861976
0 0.2900396151669496 0.5533547129472426 0.22165629126579886 0.24733278836278275
0 0.46217694774570833 0.6890733404598712 0.14384078475759293 0.20226791590685192
0 0.4689563289945293 0.4013917709446854 0.26586964723637047 0.3018298434257687
0 0.662617814947564 0.396013097924687 0.17962631089871242 0.09587444872191982
