0 0.679166666666667 0.188888888888889 0.204166666666667 0.242592592592593
0 0.8842839625946587 0.19144186631453186 0.22562791387069825 0.3828837326290637
0 0.7352150537634409 0.6579890586681759 0.20161290322580644 0.17921146953405018
0 0.2873337577815507 0.37580959567377226 0.14767260894170905 0.1461988304093568
0 0.24204769431922413 0.041312959818902095 0.20994818804519633 0.08262591963780419
0 0.07732031692133565 0.10935043702446082 0.15386247877758913 0.21065207822423443
0 0.36411985539488323 0.26362625139043383 0.13267055988134963 0.2883862728134141
0 0.4886795513533556 0.1858649528282454 0.12108361142009642 0.26469740040374085
0 0.6004936040044494 0.15754130103407077 0.10602057842046722 0.18745107732871918
0 0.569498516870597 0.33572281959378736 0.3267519466073415 0.2430684299427347
0 0.5862995921394142 0.5010299509743337 0.18770856507230252 0.15346269517570962
0 0.609763162773452 0.5963004161001937 0.18017704857248795 0.10299509743336223
