0 0.55703125 0.436574074074074 0.047395833333333 0.056481481481482
0 0.04440789473684213 0.1601360030901627 0.08881578947368426 0.08270676691729335
0 0.9779729060554612 0.24901614623560994 0.043382144878324785 0.08439964454315604
0 0.8130305602716469 0.055115387033892994 0.033602150537634407 0.08017355215996982
0 0.7338400692127055 0.2265892143533968 0.032443455691509124 0.05767725456268282
0 0.6687600420219997 0.43910243205756744 0.05600358422939071 0.05836388854557188
0 0.6890372018291929 0.39859102706711164 0.047892720306513425 0.029525261264230433
0 0.6658633049066864 0.21834960655872782 0.029353602768508222 0.0865158818440242
0 0.5152329749103943 0.4154135596478941 0.03862316153751086 0.07827627404935525
0 0.4883898776418243 0.45867150056990624 0.045961562229637876 0.09612875760447133
0 0.7900367692497837 0.4682843763303533 0.06063836361389191 0.07690300608357707
0 0.7330676059819552 0.4459687718864582 0.04480286738351259 0.02677872533267414
0 0.7396335434433321 0.4840769579368023 0.05561735261401569 0.03570496711023221
0 0.6515727351378074 0.5170353891154781 0.05252749969101471 0.01785248355511614
0 0.8948252688172043 0.5316606929510155 0.043682795698924734 0.04540023894862605
0 0.2916666666666667 0.503584229390681 0.0913978494623656 0.0967741935483871
0 0.2970430107526882 0.35304659498207885 0.036290322580645164 0.04898446833930705
