0 0.066927083333333 0.365740740740741 0.046354166666667 0.055555555555556
0 0.8241207437275985 0.6963112305854241 0.09275593637992827 0.08338311429709275
0 0.6610103046594983 0.6549308044603744 0.03885248655913978 0.07280465949820789
0 0.5630040322580645 0.855610314615691 0.0920558915770609 0.1879231381919555
0 0.4543220766129033 0.9312151533253684 0.052503360215053765 0.13627538829151734
0 0.4452214941756273 0.7168458781362007 0.03570228494623656 0.08213859020310633
0 0.19186827956989247 0.5173237753882916 0.11155913978494623 0.08960573476702509
0 0.19640456989247312 0.3040621266427718 0.05342741935483871 0.08721624850657109
0 0.15608198924731181 0.1003584229390681 0.03125 0.0931899641577061
0 0.3126680107526882 0.21594982078853048 0.030577956989247312 0.04958183990442055
