0 0.883072916666667 0.552777777777778 0.106770833333333 0.125925925925926
0 0.6781798245614035 0.2956360435138024 0.07162563667232597 0.13362258693328302
0 0.8948252688172043 0.33729485002829657 0.04332908885116011 0.11318619128466333
0 0.30590336728919076 0.6124001760674086 0.1405984719864176 0.12261837389171856
0 0.260363610639502 0.3608753065459347 0.27765987549518956 0.22637238256932657
0 0.2842388228636107 0.5007860152172546 0.25643746462931516 0.17292334779601343
0 0.17041595925297118 0.8842097026827155 0.34083191850594224 0.21978078372171586
0 0.5579194963214488 0.8757152738477016 0.12468166383701186 0.20593598692070678
0 0.5466170679993942 0.8899742541269119 0.20255944267757084 0.11779157621956343
0 0.5560824625170377 0.667852996112878 0.1533393911858246 0.19688020596698463
0 0.4380016659094352 0.515985999629798 0.053479479024685764 0.13882578625877134
0 0.7594708283552369 0.6321961148723395 0.13876443647949027 0.32302314261693005
0 0.9503248207885305 0.8467337123251102 0.09867831541218633 0.16578920879996148
0 0.9716061827956989 0.5669817508843442 0.05611559139784946 0.08020006090847337
0 0.842181899641577 0.6991238550378336 0.21393369175627236 0.1812027080844286
0 0.3379190385831752 0.7366059924567198 0.18448239510858103 0.13704406493780313
0 0.14157706093189962 0.7138737702258212 0.1215485198460109 0.12094930454149898
