0 0.6265625 0.875462962962963 0.079166666666667 0.093518518518519
0 0.5397920203735145 0.4316166760988493 0.030065082059988656 0.11947431302270012
0 0.6441015301902399 0.4873632938149067 0.10339123242349055 0.09994485800937418
0 0.576897229114971 0.5132111019207792 0.029724979321753473 0.06892748828232698
0 0.6292959711446848 0.6480347231674304 0.059973458554512055 0.11796197994646337
0 0.5691098407513271 0.6574868048939096 0.017013747107662985 0.02949049498661586
0 0.5765533551109295 0.7149554617909047 0.02169252756227028 0.0355398272915627
0 0.5165798965564176 0.7141992952527864 0.020841840206887226 0.02646582883414251
0 0.4953127126718388 0.7066376298716028 0.023393902273036615 0.02041649652919567
0 0.5074671445639187 0.6820196264640708 0.018955059277639904 0.019401811516506908
0 0.141877266191548 0.9619071434525298 0.1370928669667419 0.07499096996471347
0 0.6638537856113512 0.8938341400928698 0.024595388537856176 0.03633497148628512
0 0.6060026604589291 0.7364852381480251 0.031523666999224015 0.05419453374225573
0 0.6132773528433655 0.6628915247139391 0.04122325684513912 0.05973715651135006
0 0.6771907216494846 0.6798273165083941 0.031177253076155573 0.0628163913830691
0 0.7062894911872298 0.6825986278929412 0.03325573661456589 0.08683442338247793
0 0.6673179248420351 0.7623508110704653 0.04260891253741264 0.07636502481863303
0 0.6551934375346413 0.8106947985564549 0.025981044230129695 0.053578686767911846
0 0.6650662343420907 0.7281713039943835 0.038105531537523565 0.04742021702447377
0 0.7177211506484867 0.830093978248285 0.0491907770757122 0.0936087401002599
0 0.7036913867642167 0.8547278572220376 0.030830839153087212 0.041877594255379444
0 0.7118321139563241 0.8861360529135721 0.029791597383882127 0.04803606399881766
0 0.7715885156856225 0.8187008092229243 0.03429497838377128 0.04618852307578612
0 0.8006872852233675 0.856575398145069 0.02528821638399297 0.05173114584488045
0 0.7592908214166942 0.8291702077867692 0.04295532646048108 0.05850546256266255
0 0.7830201751468795 0.8836726650161968 0.05577264161401167 0.10592567958713618
0 0.7949714554927392 0.9113857788616686 0.07066844030595273 0.08006010666469596
0 0.7613693049551047 0.9043035386567146 0.039491187229797164 0.09299289312591615
0 0.7875235561467686 0.9437177450147187 0.02528821638399282 0.03263988964022219
0 0.7650066511473228 0.9594218428604862 0.030830839153087212 0.05665792163963102
0 0.7102732513025163 0.942793974553203 0.033602150537634407 0.07266994297257011
0 0.7324437423788936 0.9723546293217061 0.023902560691719376 0.0492677579475053
0 0.7148117116020335 0.9831073174937491 0.030208169906206565 0.03259062188227467
