0 0.351822916666667 0.796759259259259 0.133854166666667 0.158333333333333
0 0.8621073853989812 0.22175061309186947 0.05040322580645161 0.10532603911211726
0 0.7631876211634095 0.03423882286361062 0.041796860889354366 0.06847764572722126
0 0.40975361276624883 0.8169151275787807 0.03488630915690707 0.041854058702219823
0 0.471821279364427 0.715894649529332 0.03574241490308881 0.06202010516783465
0 0.3912783751493429 0.7130625248904818 0.019414575866188787 0.023231116421080594
0 0.3593885181065382 0.6900671528035265 0.027422444691632675 0.07140993422046442
0 0.5526191514094739 0.5061513126029255 0.01241160515354064 0.023141420990883385
0 0.6876331977138428 0.377258979409517 0.01967693499951559 0.02906131938390003
0 0.6128608447156834 0.4531413133563671 0.028758597306984445 0.06135167425490007
0 0.7168458781362006 0.4975405513039921 0.012714327230456292 0.01775969517904999
0 0.6395609318996415 0.6618152854711994 0.024641577060931875 0.03548025053401403
0 0.7814306567233206 0.33186880949628095 0.015717134928893584 0.032437918320679306
0 0.7613777604347324 0.20179596870543803 0.037034628280726185 0.0735473593607482
0 0.799225343970401 0.15201500494597966 0.015897791652214187 0.029226243239423945
