0 0.839583333333333 0.438888888888889 0.075 0.088888888888889
0 0.5609038978494625 0.8319643568299483 0.12285786290322581 0.13440860215053763
0 0.8610897764123572 0.6782632607005368 0.08160522273425493 0.055944321177296134
0 0.9184267793138762 0.7095541522064821 0.04480286738351259 0.07111566251351197
0 0.8189537463731011 0.7214067626254007 0.061337258917904036 0.04551402400864764
0 0.9333610684417136 0.6555062486962128 0.06613756613756608 0.04456581517513423
0 0.8411846050454922 0.2659337377079313 0.03392524813895785 0.032166161198419245
0 0.8796332196029776 0.3276812792941825 0.0339252481389577 0.022401433691756272
0 0.927451664598842 0.28201681830714087 0.02423232009925563 0.027570995312930783
0 0.9668695719602978 0.3115981986949729 0.021001344086021504 0.022401433691756307
0 0.8421538978494624 0.2527226357871519 0.014539392059553256 0.018380663541953866
0 0.5491551459293394 0.6898788189110768 0.04224270353302606 0.03328213005632351
0 0.5144198205063076 0.6594558744673045 0.018256286512573 0.020696337688971587
0 0.25201612903225806 0.7129605346232674 0.04070504414721566 0.033996755738166747
0 0.3459928752513331 0.6787209449155424 0.03688040912667191 0.014084370234383305
0 0.11364629775330012 0.7736690270128507 0.04480286738351254 0.03885343512933349
0 0.15844916513681268 0.5412769181455256 0.029504327301337552 0.04031043894668338
0 0.27223205699798936 0.6563802197161758 0.01611810472943436 0.011170362599683372
0 0.886741732602962 0.4914226460178986 0.02821312639480632 0.022542323211830226
0 0.7776932440657334 0.5167827596312076 0.03201714343680259 0.0281779040147878
0 0.7192064820450396 0.48015148441198346 0.03296814769730162 0.027050787854196245
0 0.9095658348549401 0.45648204503956175 0.023141103672144475 0.019160974730055694
0 0.9740756238587949 0.423795676382408 0.027896124974639926 0.015779626248281164
0 0.9334994420775004 0.4919862040981943 0.0317001420166362 0.020288090890647183
0 0.929536924325421 0.42604990870359094 0.03455315479813359 0.027050787854196245
0 0.6715214251324026 0.587971135957013 0.015380088803295338 0.01515718896556644
0 0.5574003795066415 0.5151099866469885 0.031625553447185366 0.023192072527935866
0 0.4838709677419355 0.5312741584088833 0.03320683111954457 0.024597652681144114
0 0.5090725806451613 0.5509522805537985 0.023521505376344086 0.024597652681144184
0 0.47487745098039214 0.5602642490688031 0.03142789373814041 0.02565183779605035
0 0.5306174889310562 0.643017780588938 0.04091555977229601 0.049898095438892384
0 0.5760792220113852 0.589254339728723 0.019963630613535763 0.015461381685290668
0 0.5158918406072107 0.5727387729285263 0.02964895635673625 0.019678122144915346
0 0.5590804870335231 0.5618455267411624 0.019568311195445925 0.019678122144915346
0 0.5423782416192283 0.5795909761754164 0.024114484503478806 0.013704406493780272
0 0.5459361163820367 0.6298404666526108 0.025695762175838088 0.022137887413029696
0 0.47214233475648326 0.6131843418370932 0.024707463630613526 0.0193267271066132
0 0.3689690685658427 0.5717621685363621 0.01920122887864822 0.028704867414544862
0 0.3860974375087278 0.6807630839888904 0.03774787040916073 0.027929060187124797
0 0.2970735581622678 0.6995764092538286 0.02683808127356514 0.022886313208893897
0 0.3867520248568636 0.6016307467920371 0.023346948750174616 0.0248258312774442
0 0.35827747521295905 0.6483731322441 0.013528138528138537 0.042281493894397164
0 0.3743148652422846 0.6441061924932894 0.014182725876274255 0.0399540722121367
0 0.39231601731601723 0.6443001443001444 0.020946795140343522 0.03491132523390593
0 0.23532138968286376 0.6758087201125175 0.03126276031033073 0.026087745565083205
