0 0.808854166666667 0.118055555555556 0.157291666666667 0.186111111111111
0 0.13440160170250898 0.5071435682994823 0.2527161738351255 0.14187574671445638
0 0.10447468637992832 0.5802593588211868 0.16626064068100357 0.1611658701712465
0 0.5608974358974358 0.6764084183439023 0.4032258064516128 0.38415586802683577
0 0.36495669056152924 0.19567237488384445 0.08475209080047788 0.21505376344086022
0 0.5767957384566729 0.14794609600112452 0.05954498734977864 0.0518307681495537
0 0.6560819892473119 0.26224611708482676 0.18581989247311828 0.16726403823178015
0 0.6953965053763441 0.41427718040621264 0.044690860215053765 0.15352449223416964
0 0.8084677419354839 0.4298088410991637 0.06384408602150538 0.14755077658303464
0 0.9344758064516129 0.38321385902031063 0.07594086021505377 0.16069295101553166
0 0.8450940860215054 0.34647550776583036 0.049059139784946235 0.17443249701314217
0 0.8511424731182796 0.2025089605734767 0.07325268817204302 0.15770609318996415
0 0.9285954301075269 0.08004778972520908 0.0480510752688172 0.11230585424133811
0 0.9564852150537635 0.1923536439665472 0.02788978494623656 0.12066905615292713
0 0.9425403225806451 0.2819593787335723 0.1135752688172043 0.17443249701314217
0 0.7671370967741935 0.2959976105137396 0.1303763440860215 0.15232974910394265
0 0.7276545698924731 0.17293906810035842 0.10853494623655914 0.0961768219832736
0 0.2794018817204301 0.34528076463560337 0.10047043010752688 0.12783751493428913
0 0.28393817204301075 0.21356033452807646 0.05174731182795699 0.1774193548387097
0 0.17053091397849462 0.22132616487455198 0.09173387096774194 0.13201911589008364
0 0.12147177419354839 0.1586021505376344 0.01646505376344086 0.06750298685782556
0 0.21118951612903225 0.4145758661887694 0.15961021505376344 0.17443249701314217
0 0.10903897849462366 0.3366188769414576 0.10584677419354839 0.08183990442054959
0 0.06821236559139784 0.4109916367980884 0.056451612903225805 0.12783751493428913
0 0.0793010752688172 0.26433691756272404 0.0396505376344086 0.06511350059737156
