0 0.5421875 0.218055555555556 0.052083333333333 0.062037037037037
0 0.5574773627617431 0.5534490347733132 0.24405772495755523 0.3568509086335911
0 0.8797927277872098 0.3011381500345847 0.2060342388228636 0.14777086084386604
0 0.8793505942275042 0.49685593913098164 0.14325127334465193 0.14619883040935672
0 0.6255659309564233 0.4080362195812111 0.16977928692699493 0.12261837389171856
0 0.7383099886813808 0.4229705087090486 0.11407045840407468 0.11790228258819083
0 0.3377369835880023 0.3813117021945545 0.19719156762874926 0.13205055649877376
0 0.3731076683644596 0.10149028485191475 0.11760752688172044 0.1509149217128844
0 0.09468610346779077 0.0672514619883041 0.17218693284936476 0.1345029239766082
0 0.3242349048800662 0.529868578255675 0.12277708850289494 0.09534969212388562
0 0.44862748138957803 0.599944858009374 0.05104942100909842 0.16197959746346838
0 0.27156999586435066 0.6700211377630734 0.2862644747725392 0.15278926569249146
0 0.3465286393713813 0.4620898814447201 0.18804280397022327 0.10683760683760689
0 0.6780267783291976 0.5068927488282327 0.12083850289495447 0.0861593603529087
0 0.7666353660332891 0.5564557044892883 0.08607674178818674 0.049099032749054805
0 0.2107601553166069 0.3845081640780566 0.0563769414575866 0.035178547723350606
0 0.20870669056152927 0.5116155582105403 0.03808243727598564 0.08363201911589008
0 0.24454898446833934 0.5016593654586486 0.027628434886499423 0.019912385503783377
0 0.9623282556750298 0.5006637461834594 0.07355137395459985 0.078985795831674
