0 0.8546875 0.228240740740741 0.120833333333333 0.143518518518519
0 0.33225574712643685 0.8888064928109422 0.28098350018539126 0.2121699007127261
0 0.3118629592293907 0.7896505376344086 0.10010640681003587 0.07964954201513337
0 0.37997197922361947 0.6082558775287042 0.03844313832695457 0.08150578134175729
0 0.4842836257309941 0.529250246284768 0.12084983965289571 0.18235553040306862
0 0.5087483493680437 0.6392923767004128 0.06838332390115076 0.1592990840302668
0 0.5741841162044896 0.7089857259636545 0.22165629126579886 0.2693412144459116
0 0.5078640822486322 0.26567314343205684 0.1385351820411243 0.10165796809826239
0 0.18952791926051687 0.28086943763231254 0.10434352009054892 0.33117441153660726
0 0.3688317912811537 0.025985663082437303 0.05982745686421613 0.051971326164874605
0 0.02255916663310646 0.056517987521571784 0.04000711476246091 0.11303597504314354
0 0.1993727598566308 0.6380592061595647 0.08363201911589008 0.12611177485729455
