0 0.102604166666667 0.502314814814815 0.066666666666667 0.078703703703704
0 0.6433032890575584 0.8724787406001828 0.169987349778621 0.13880104012931346
0 0.3906543226313654 0.9785692951015532 0.15787146226415094 0.041666666666666664
0 0.5055879131819991 0.5713527147218903 0.08524990043807248 0.057524669233151915
0 0.16249039938556067 0.7013995562382659 0.10992703533026114 0.1126472094214029
0 0.1026632302405498 0.4830642082055451 0.05369415807560138 0.03633497148628512
0 0.04308003547278569 0.41439727056620973 0.03983760115286554 0.03448743056325366
0 0.10820585300964412 0.2687494611338974 0.050922846691054215 0.05973715651135006
0 0.14856307504711228 0.4251745926172265 0.03256290876842923 0.0203229501533459
0 0.17610298193104976 0.4818325142568574 0.026673872076266494 0.030176501742846907
0 0.27136681077485864 0.4470371602064319 0.027366699922403294 0.027097266871127866
0 0.36299329342644937 0.36944044143911126 0.03671987584525004 0.02832896081981544
0 0.32211645050437865 0.3420352510808114 0.02286331892251414 0.021554644102033543
0 0.221829619776078 0.2715207725184446 0.019745593614898582 0.023402185025064973
0 0.1366117947012526 0.3241756888248408 0.017667110076488184 0.019091256204658257
0 0.06854145881831279 0.2022379879047654 0.057504711229353724 0.052346992819224274
0 0.010690333665890665 0.1908448188794048 0.020784835384103757 0.023402185025064973
0 0.1639784946236559 0.23672541846801906 0.01835993792262502 0.0203229501533459
0 0.21074437423788936 0.21948170318639224 0.020438421461035382 0.019091256204658257
0 0.255085356390644 0.19792705908435873 0.012124487307393869 0.03510327753759744
0 0.23014355392971952 0.24011257682691003 0.014202970845804266 0.018475409230314436
0 0.37563740161844583 0.23456995405781572 0.025981044230129695 0.028328960819815476
0 0.3555453940804789 0.25304536328813015 0.014895798691941063 0.014780327384251576
0 0.2685954993903115 0.08892214462550346 0.012124487307393869 0.017859562255970633
0 0.4340081476554706 0.19577159467415534 0.0484979492295754 0.044340982152754664
0 0.47523140450060974 0.1692901747773713 0.025634630307061257 0.0381825124093165
0 0.3945169604256734 0.28199017108228946 0.027020285999334856 0.03448743056325366
0 0.4755778184236781 0.4411866139501656 0.01939917969183022 0.016627868307282974
0 0.5299648043454163 0.3518888026703125 0.015935040461146223 0.015396174358595398
0 0.5062354506152311 0.21301530995578216 0.010046003768983472 0.03448743056325366
0 0.5107388316151202 0.24935028144206725 0.022516904999445777 0.01970710317900208
0 0.464146158962421 0.07968444001034622 0.015242212615009425 0.019091256204658257
0 0.4993071721538632 0.06829127098498565 0.01420297084580419 0.03325573661456601
0 0.5547333998448066 0.18499427262313858 0.012817315153530667 0.0203229501533459
0 0.5356806340760447 0.24011257682691003 0.017667110076488184 0.020938797127689722
0 0.33493376565790933 0.01994728349899616 0.008313934153641473 0.024018031999408787
0 0.5898944130362488 0.05905356636982842 0.006928278461367914 0.029560654768503117
0 0.41408934707903783 0.13387897375260194 0.008660348076709873 0.026481419896784063
0 0.6020189003436427 0.10770547734298981 0.011085245538188708 0.03941420635800416
0 0.6318104977275247 0.07167842934387664 0.00900676199977831 0.033871583588909834
0 0.5554262276909433 0.4070071068740839 0.009353175922846749 0.022170491076377297
0 0.6143165946125707 0.1973112121100149 0.018359937922624983 0.015396174358595364
0 0.6392583970734952 0.26259099139045927 0.016281454384214585 0.021554644102033543
0 0.6234965635738832 0.4316409858478365 0.023556146768650938 0.022170491076377297
0 0.7428361600709454 0.16867432780302752 0.03152366699922409 0.04680437005012991
0 0.7379863651479881 0.28075847713360186 0.03568063407604473 0.023402185025064973
0 0.7842326238776187 0.25674044513419303 0.03741270369138684 0.027097266871127866
0 0.8086548054539408 0.1822229612385914 0.021824077153309054 0.03818251240931651
0 0.8332501939917969 0.21978962667356414 0.01628145438421466 0.041877594255379444
0 0.8564599268373794 0.09969946667652022 0.018359937922624983 0.059121309537006235
0 0.8841730406828511 0.20162214093042158 0.03152366699922394 0.04865191097316138
0 0.8768983482984147 0.29307541662047815 0.028752355614676893 0.022170491076377363
0 0.7007468684181354 0.26474645580066264 0.02286331892251414 0.022170491076377332
0 0.7752258618778406 0.03010875857566911 0.012470901230462229 0.044340982152754685
0 0.8077887706462697 0.020255206986168065 0.02840594169160838 0.01847540923031445
0 0.8290932269149761 0.08430329231792483 0.014895798691941063 0.03202404266587839
0 0.6997076266489302 0.13418689723977387 0.012470901230462229 0.027097266871127866
0 0.7140838044562687 0.15173853600857257 0.012124487307393869 0.02648141989678401
0 0.9023597716439419 0.07167842934387664 0.04434098215275483 0.028944807794159307
0 0.9811498863762331 0.11047678872753697 0.03702818423678098 0.041261747281035606
0 0.9298996785278794 0.05936148985700032 0.04053042899900225 0.06466393230610058
0 0.932151369027824 0.14250083139341535 0.013163729076599105 0.0745174838956016
0 0.8796696596829618 0.11078471221470888 0.028059527768540017 0.028328960819815494
0 0.932151369027824 0.19577159467415534 0.03394856446070292 0.025865572922440225
0 0.9027061855670102 0.266901920210866 0.014549384768872704 0.026481419896784045
0 0.8943922514133688 0.3044685856458387 0.0069282784613678376 0.026481419896784045
0 0.9207197095665668 0.2912278756974467 0.015935040461146147 0.024633878973752615
0 0.9612501385655691 0.2256401729298304 0.014549384768872551 0.03017650174284694
0 0.9697372796807449 0.03565138134476345 0.023902560691719376 0.028328960819815497
0 0.8031121826848464 0.12156203426572565 0.016974282230351537 0.0203229501533459
0 0.8297703362293537 0.012283067903287388 0.011400222397738495 0.024566135806574775
0 0.9494287634408602 0.47179078720297357 0.047603046594982025 0.058077791052701416
