0 0.638541666666667 0.694907407407407 0.054166666666667 0.063888888888889
0 0.22343498949450002 0.6145374146857276 0.04055431961438637 0.06729013032313001
0 0.29662588060808304 0.5795190815583845 0.04325794092201211 0.0343316991444541
0 0.4039982696823631 0.46656779137313065 0.030126065999258485 0.07072330023757536
0 0.3541743912989741 0.7346983616913169 0.05329996292176489 0.03158516321289767
0 0.7197504276637342 0.4201965895514283 0.021383186705767464 0.05023351797545348
0 0.6872938049853372 0.4931709568806343 0.028256353861192466 0.026474421635711988
0 0.9368279569892473 0.8339442815249267 0.07980510752688172 0.06448897577929838
0 0.7913459188660802 0.6557510589768653 0.04696664222873892 0.04344520473552733
0 0.578706575682382 0.7476334895689734 0.02067824648469814 0.037680360261005436
0 0.8773779983457403 0.7191434610789449 0.05505583126550867 0.0385993934381032
0 0.8258116211745244 0.5762338020402537 0.020161290322580645 0.022056796250344696
0 0.02833675694867113 0.8436208184777534 0.05667351389734224 0.04165204249190142
