0 0.528385416666667 0.243518518518519 0.075520833333333 0.088888888888889
0 0.8340963821684587 0.03826911589008363 0.024501568100358372 0.035468936678614095
0 0.4637369962409301 0.3746928150285087 0.05709633709240313 0.08013520995425014
0 0.5097692105953318 0.3198123379083253 0.030050703732843725 0.04322444658138335
0 0.4227587638779613 0.33923905547299205 0.0663847364280095 0.06653650765898339
0 0.3509102631348895 0.3547804295247253 0.013386222571903111 0.024769064894950045
0 0.30074514242595735 0.4239242071726508 0.02977032635351823 0.030392588400511483
0 0.35350641388417287 0.562786895554298 0.046276645915864965 0.07126537969775093
0 0.29514478400301836 0.7019115890083633 0.07221514808526694 0.14410278983001115
0 0.2075275504199434 0.5867823368224588 0.03594259883378806 0.05200996213674751
0 0.29579588616059493 0.5430939686275909 0.02892125394532714 0.046660366031253536
0 0.2694658428288665 0.537892972413916 0.031763226876370836 0.034475174902072636
0 0.26478494623655924 0.5683559502368682 0.03711282298186489 0.04131076992575949
0 0.16259124987668938 0.6490688676246534 0.030108348952681573 0.022287257169372226
0 0.18427337147742598 0.5661310417648585 0.018804873236657776 0.04567060895363155
0 0.16685574298773473 0.5631167815739188 0.00924829831311039 0.021008480118670476
0 0.19578236493374113 0.6356417085922856 0.00811795074150803 0.022469939605186673
0 0.17945813700616162 0.4053602351898836 0.020010269421287894 0.033560200287275306
0 0.61305256869773 0.409066772866056 0.02986857825567504 0.05309969467675563
0 0.11825616540951167 0.5630063541313742 0.01621596319477879 0.02704518031110875
0 0.12168325041459377 0.5827701397433382 0.040790670304392 0.036852773171181144
0 0.11524701760017127 0.6188799134554229 0.038283047129941676 0.05022676343491612
0 0.0860750013373991 0.6686608772148813 0.06452950302252179 0.06478955283320559
0 0.03342341569434912 0.6566511604260403 0.03109986273164036 0.04130760822593363
0 0.011617764813543811 0.6776227153715144 0.023235529627087623 0.09850275807722621
