0 0.68046875 0.6125 0.146354166666667 0.173148148148148
0 0.20421264855687613 0.4056781739294473 0.16889501980758345 0.14305476954033824
0 0.5087110385191235 0.6782813846921647 0.07826323669524982 0.051419324592048204
0 0.8660878620556038 0.9113952662339757 0.04359197907584999 0.04143928875111662
0 0.9240591397849462 0.9789359251724843 0.043894701152765794 0.03767208068283336
0 0.9127070619006101 0.6783665385815922 0.05872808292163134 0.045744669400583256
0 0.8831916594013368 0.7227657765292174 0.0771941296134844 0.04951187746886665
0 0.9561476799380024 0.6762138482568589 0.05055458684490936 0.0812640597586835
0 0.8012192780337942 0.36411219206918133 0.024801587301587318 0.07585670668107944
0 0.5775017343045439 0.9447431302270012 0.10843739160596602 0.10931899641577061
0 0.6011012073193737 0.8386782368106646 0.029180814940577258 0.047684923180112665
