0 0.973697916666667 0.638888888888889 0.053645833333333 0.062962962962963
0 0.9459643391860623 0.4843246676648065 0.030624744793793453 0.02949049498661586
0 0.9483037294133659 0.7429336237012839 0.03955696202531647 0.021928829605432344
0 0.8840768340819382 0.5504892397501625 0.02254321491765341 0.01209866460989368
0 0.8915203484415407 0.6177880616426962 0.023819245950728107 0.022684996143550615
0 0.8509000272219953 0.5788454849296009 0.03190077582686815 0.02344116268166902
0 0.6609840751327072 0.5856509837726661 0.025520620661494443 0.03856449344403612
0 0.5750862870038498 0.6574553446317684 0.030283419620337215 0.030237326135374745
0 0.5070523031992565 0.7168237532634187 0.03277246780831005 0.02654984733837788
0 0.47635404221425726 0.5435122498045636 0.027794371432364226 0.016224906706786446
0 0.4887992831541218 0.5744870716993378 0.020327226868445486 0.020649881263182734
0 0.36082072215584754 0.5405622667669661 0.021571750962431944 0.03539979645117039
