0 0.485677083333333 0.615740740740741 0.088020833333333 0.103703703703704
0 0.1590091625018931 0.13190132431386406 0.03596849916704529 0.09255052417251419
0 0.36156860517946393 0.6072744711999596 0.055845827654096646 0.042068420078415526
0 0.269754278358322 0.5912884715701616 0.06247160381644709 0.04206842007841546
0 0.34248991935483875 0.8306878306878306 0.04680299539170513 0.09067246970472773
0 0.5489579720198867 0.5456057861538264 0.032156896751069426 0.02762040569879627
0 0.5605200023124061 0.6679706067496562 0.0415510463637415 0.03597076091006027
0 0.5326988669210314 0.7305982708341362 0.0892444213203839 0.07386852686887364
0 0.544622210660192 0.7912989298698628 0.05600358422939071 0.06294883159260536
0 0.7684558908544341 0.6477370537377475 0.05925540524916165 0.04689045618632855
