0 0.72421875 0.45 0.0734375 0.087037037037037
0 0.8459971438172043 0.4354278673835125 0.07297967069892473 0.032668757467144566
0 0.5500072934900391 0.46400489011141677 0.04245853129949159 0.0240800940975985
0 0.16979810112102495 0.5559241465212639 0.09508693662777397 0.04702712321106286
0 0.2713194921070693 0.6394926154706526 0.02144818119423473 0.02859757492564636
0 0.1725397381954184 0.37972053399823386 0.01548620850864892 0.030128305023115667
0 0.15646914446002802 0.47997506623032565 0.018408134642356244 0.02597267674406526
0 0.18451963534361848 0.8015168043218533 0.05814633006077605 0.027011583813827813
0 0.23740649836372135 0.7828164770661263 0.03827723235156615 0.031167212092878285
0 0.07644489247311828 0.8556494282300733 0.09432603686635943 0.03370882403140462
0 0.14124903993855603 0.943121693121693 0.07320468509984639 0.054190134835296166
0 0.49071140552995385 0.6092336576207544 0.06072388632872506 0.03072196620583705
0 0.4530289938556067 0.48527905785970304 0.04872311827956989 0.028588496330431833
0 0.5190332181259599 0.7088667008021846 0.030481950844854017 0.07467144563918758
0 0.5897177419354839 0.4758917904079194 0.05424347158218123 0.021761392729134674
0 0.752279921615918 0.7511807858506683 0.040511003919204105 0.07871905671121827
0 0.633966468590832 0.6087687857636924 0.029180814940577258 0.044802867383512544
0 0.878103257432005 0.5388730761121653 0.024213314358001246 0.034261016234450714
0 0.9155350648323846 0.5351395038302059 0.03631997153700187 0.023279921287511437
0 0.8793793572019378 0.5178883243399373 0.024001536098310336 0.03544842254519676
0 0.8092517921146952 0.5075667064914378 0.03113799283154117 0.026682596575069672
