0 0.52109375 0.331944444444444 0.068229166666667 0.080555555555556
0 0.6881146034371841 0.24471300636175192 0.02412462089881461 0.049525676765820134
0 0.6328704755414206 0.3062580981708651 0.042830910192336855 0.030289262456459166
0 0.5428309101923369 0.39291904353240115 0.041174466151749245 0.02776515725175428
0 0.4793668496911462 0.34398434123897403 0.03789178677648141 0.04384961488599097
0 0.4740048043925875 0.3751239228246778 0.04432624113475172 0.03113958158570377
0 0.3342341569434911 0.3334985637662371 0.04718599862731638 0.05211113653117769
0 0.21644789521848543 0.41420727522306106 0.04825840768702811 0.03431708991077559
0 0.22484843285289405 0.4380385876610997 0.05576527110501027 0.02986857825567503
0 0.7679329371816639 0.6792114695340502 0.13264006791171484 0.11161416085015408
0 0.9361099623196398 0.6113051292262762 0.058875562907821 0.04544108486760812
0 0.947597877033361 0.45583535010058307 0.07897941365683311 0.022465255440165855
