0 0.715885416666667 0.723611111111111 0.0609375 0.156481481481481
0 0.5498781922043011 0.6025052270011948 0.1086819556451613 0.10547341696535245
0 0.4561596942204301 0.4713635005973716 0.044102822580645164 0.08213859020310633
0 0.6428621958121109 0.9107296317256702 0.09255329183172993 0.12366639418139133
0 0.5744047619047619 0.7932551319648095 0.021383186705767308 0.08611460224363446
0 0.5357841083647535 0.755240577821223 0.04887585532746824 0.11559527688559938
0 0.11659084642955614 0.793324755690347 0.23004549214226636 0.31859816806053376
0 0.34066570504414717 0.0954337500364251 0.032236209458868764 0.07722120231955008
0 0.3666185855406941 0.07163602101970841 0.06720430107526879 0.08984856873658342
0 0.34380736952530816 0.2508474905537586 0.05600358422939067 0.07722120231955007
0 0.3076099309380191 0.18042563938184186 0.05682314887665006 0.06459383590251674
0 0.26581213392779085 0.23457761459335028 0.055730396013637565 0.06119416032870006
0 0.20857920272751115 0.14472904585676682 0.06857024215403443 0.057308816815766724
0 0.15954191799982514 0.0339967557381667 0.0628332896232188 0.062165496206933395
