0 0.522916666666667 0.873148148148148 0.234375 0.277777777777778
0 0.23401750343600938 0.3022700119474313 0.3179723502304147 0.6045400238948626
0 0.5508453593661573 0.4772055586996165 0.12291312959818906 0.17606740866503173
0 0.5442133559705715 0.6021819782430988 0.284734012450481 0.3725712129786832
0 0.46507144878324846 0.6092561151983903 0.13175580079230337 0.245236747783437
0 0.6264501980758347 0.7609570521285293 0.1980758347481608 0.14934289127837516
0 0.817451895868704 0.8686411368924103 0.28650254668930397 0.2609570521285292
0 0.7418470571590267 0.7248003521348173 0.1352928692699491 0.12104634345720941
0 0.6542121487537217 0.8955071370181726 0.2769605355429247 0.20779098283342767
0 0.5362549518958688 0.8709991825441742 0.2652801358234296 0.23737659561089108
0 0.26522707979626486 0.6658492108407219 0.2608588002263723 0.21694019996227126
0 0.1431982173174873 0.5495189586870403 0.28208121109224676 0.27667735647362146
0 0.24112389245543295 0.682627688172043 0.21886992872807018 0.1561753285543608
0 0.05503402217741937 0.865255376344086 0.10395665322580645 0.1437425328554361
0 0.042170698924731215 0.4764971624850657 0.08033014112903226 0.09987305854241338
0 0.02904485887096777 0.31362007168458783 0.056178595430107524 0.07653823178016726
