0 0.535416666666667 0.633796296296296 0.15 0.176851851851852
0 0.7525723025583984 0.7703621307625758 0.11471078976640707 0.13389362666337085
0 0.6740707267334075 0.6235941169200346 0.046927141268075616 0.11020475425369752
0 0.7221565628476084 0.6349235776377045 0.07821190211345946 0.07724632307502168
0 0.6653805153874676 0.7291640917892309 0.05503800519095289 0.10299509743336209
0 0.5298132183908045 0.31975857949161623 0.044609751575824974 0.1514027932270424
0 0.5906446978123842 0.35065710872162487 0.06314886911383018 0.08960573476702509
0 0.852799406748239 0.3290281382606188 0.0857434186132741 0.10196514645902857
0 0.753151649981461 0.4402628434886499 0.03707823507601041 0.07518642112635436
0 0.5729746014089729 0.4279034317966465 0.14251946607341492 0.0957854406130268
0 0.5289441972562107 0.5257487743583406 0.048665183537263616 0.08754583281835786
0 0.4591328327771598 0.3707411527211305 0.04229236188357433 0.12977382276603636
0 0.35832638116425664 0.3954599761051374 0.04113366703744905 0.09887529353602768
0 0.4159714497589915 0.4747662011288262 0.06720430107526881 0.11329460717669841
0 0.4148127549128662 0.5715815927161868 0.09848906192065258 0.14419313640670708
0 0.3719410456062292 0.6024801219461955 0.10659992584352987 0.23894862604540032
0 0.475933908045977 0.4711613727186586 0.05387931034482761 0.10402504840769582
0 0.3983013533555803 0.42429860338647885 0.036498887652947766 0.10093519548469493
0 0.6332267334074898 0.37846578502863265 0.0822673340748981 0.08136612697235615
0 0.7630005561735262 0.5643719358958514 0.039395624768261125 0.0885757837926915
0 0.5874582869855395 0.9305195072714539 0.048665183537263616 0.13286367568903726
0 0.4811875283961836 0.6937082470930721 0.03431205512645764 0.095074629377219
0 0.2909199522102748 0.23782025753351912 0.06907108721624847 0.21073941324837378
0 0.22231556152927115 0.6592990840302668 0.07187126642771804 0.11117748572945697
0 0.27101338786757606 0.9782789061462897 0.06286010906848556 0.04224744457719365
0 0.34348864994026285 0.8892871365989646 0.05451015531660691 0.08230452674897122
0 0.36906362007168464 0.7927120669056152 0.03322879330943848 0.07500331873091735
0 0.4211469534050179 0.8351918226470199 0.03210872162485069 0.08296827293243066
0 0.4080794504181601 0.7419354838709677 0.07467144563918755 0.05973715651135006
0 0.33956839904420544 0.6656046727731315 0.03696236559139781 0.11947431302270005
0 0.5156063321385902 0.8730253551042081 0.03434886499402627 0.10155316606929496
0 0.5057123655913979 0.9500199123855039 0.03696236559139785 0.08562325766626837
0 0.4398148148148148 0.8789990707553431 0.033602150537634407 0.06836585689632292
0 0.3856984101884481 0.9599429178282224 0.04849565274138337 0.07891942121332801
