0 0.63671875 0.185648148148148 0.113020833333333 0.134259259259259
0 0.801977221279004 0.43554675218512234 0.06455149971703462 0.058165126076840906
0 0.909415676287493 0.5495189586870403 0.16801075268817203 0.13833867823681065
0 0.49425226372382575 0.5141482739105829 0.18127475947934357 0.17763943909954102
0 0.741404923599321 0.5235804565176382 0.07958404074702886 0.07388543042193287
0 0.1865273061686475 0.26026535873734513 0.07162563667232599 0.07231339998742371
0 0.09146859083191856 0.1219266805005345 0.1750848896434635 0.21379613909325282
0 0.32517524159520894 0.5958592320372638 0.04125833673608277 0.08317831919301902
0 0.09350731780167258 0.7364595778574273 0.18387843488649938 0.10619938935351125
0 0.025052270011947406 0.5694229341514618 0.05010454002389481 0.09072427000211414
