0 0.254166666666667 0.536111111111111 0.08125 0.096296296296296
0 0.6276645085567167 0.45959748935668976 0.0806924882629108 0.06268194591683915
0 0.5705171891564441 0.42173591128611576 0.0913410570952597 0.07782657714506873
0 0.6109817507193701 0.5079761724468675 0.04685370286233531 0.05342689349958768
0 0.5608151597758596 0.4951453043229509 0.02508329547175527 0.0942332609756508
0 0.5641280478570349 0.5538307503323406 0.02508329547175527 0.040806367476063046
0 0.21187409725565728 0.5417565696012173 0.04764484031455625 0.033286375767518424
0 0.21220844701225067 0.57623174450329 0.046641791044776094 0.032691976200241314
0 0.23594727973038046 0.6603392832730016 0.03594259883378806 0.09391513162978425
0 0.16050627240143367 0.5859219434488252 0.056451612903225784 0.032855436081242535
0 0.4594728845254792 0.5893200353228404 0.06165264142122488 0.05038699288348663
0 0.4774427302477792 0.5023115682302218 0.04733520336605889 0.06649005246480698
0 0.516742636746143 0.5173757207417796 0.033017765310892976 0.08934600799958438
0 0.39197639083683955 0.7519089917406888 0.07626227208976151 0.039997922185860374
0 0.4141830294530154 0.6848994857410003 0.05230247779336139 0.08467092618565276
0 0.46809256661991583 0.6952885564386265 0.043828892005610125 0.03272557269752211
0 0.03442256668063119 0.8975564232812089 0.06884513336126238 0.058871787740713714
0 0.5508692098279023 0.08306783485994958 0.08703099492006164 0.16613566971989915
0 0.4990615257364637 0.5874742847447562 0.031812686899535515 0.10604228966511842
0 0.756608422939068 0.838510553564317 0.09744623655913978 0.06571087216248507
