0 0.28828125 0.107407407407407 0.147395833333333 0.174074074074074
0 0.2703621307625757 0.42811628833134213 0.04866518353726365 0.08857578379269143
0 0.32810375726115437 0.2859830538733023 0.10080645161290322 0.12702728683448
0 0.274996910147077 0.27019047226685344 0.02703621307625758 0.05699062057979373
0 0.1821082066493635 0.24341174693417927 0.008883327153627508 0.02403218940111785
0 0.37715517241379315 0.1369834795863717 0.020470275614880674 0.07484310413490985
0 0.34239432703003336 0.023345555418228758 0.0281949079223829 0.04531784287067935
0 0.3114957978000247 0.03295843117867589 0.0281949079223829 0.027465359315563244
0 0.3201860091459647 0.1387000645435944 0.04325794092201214 0.031585163212897754
0 0.8777113459399333 0.0727832021862426 0.10853108392040542 0.13320699268048175
0 0.8987609689778766 0.2039302929180571 0.05716227907551606 0.08514261387824605
0 0.8947055370164381 0.283236517941746 0.11084847361265598 0.11878767903981106
0 0.6073492151773575 0.283236517941746 0.11857310592015817 0.12016094700558921
0 0.7048726980595724 0.11466787514247656 0.03785069830676052 0.03433169914445407
0 0.5737470646397232 0.1253107018772573 0.05600358422939071 0.04600447685356844
