0 0.252083333333333 0.356944444444444 0.083333333333333 0.099074074074074
0 0.06564225515838418 0.09582296423230802 0.1312845103167683 0.1706195628331334
0 0.9758791049113629 0.7244179663534503 0.029061319383900094 0.0726532984597501
0 0.9713382737576285 0.5161451774355 0.05448997384481237 0.06296619199845006
0 0.5578314458933882 0.4443936043112433 0.05469286204529854 0.04003660489590489
0 0.5381706131320064 0.47553318589694704 0.03038492335849918 0.03113958158570377
0 0.6945636010066347 0.4564681359465162 0.0629146648364219 0.04639162154604845
0 0.6634637382749943 0.426281806858334 0.03288721116449328 0.03431708991077559
0 0.5780284831846259 0.36972215867205577 0.04504118050789292 0.08134421312183837
0 0.501529970258522 0.39037596278502246 0.05290551361244564 0.05147563486616335
0 0.4284317832704929 0.6819267948300206 0.20859516827258762 0.1815388912163105
0 0.29857910906297996 0.9352278545826932 0.146889400921659 0.12800819252432152
0 0.18531319337770955 0.644127742694051 0.18081157194060418 0.13938669852648342
0 0.10470803464755073 0.38829151732377537 0.15540994623655913 0.12113367848134876
0 0.0717149626389648 0.5882591175100743 0.05467468562055768 0.06074965068950857
0 0.45551326499849254 0.19819336973391843 0.03862677117877598 0.04019696512913275
