0 0.89296875 0.233796296296296 0.1328125 0.156481481481481
0 0.5110533389926429 0.38995786958435513 0.16535795132993777 0.28453750864616745
0 0.8209889643463497 0.7067220021379614 0.2529003961516696 0.1980758347481607
0 0.4924837294850028 0.7821794629944037 0.2166454442558008 0.24209268691441868
0 0.34481112054329377 0.677639439099541 0.030949349179400096 0.09589385650506198
0 0.39290238977208425 0.05074514242595737 0.10985170036528263 0.10149028485191473
0 0.12286007357102438 0.10542036093818775 0.16005234861346915 0.20279192605168833
0 0.09854272778721002 0.43947682827139534 0.19100169779286927 0.3898635477582845
0 0.19227504244482177 0.4229705087090486 0.16624221844934917 0.14619883040935672
0 0.7657222693831353 0.5455888826007672 0.19011743067345788 0.23108847387285406
0 0.655631013016412 0.6674212412752313 0.05305602716468581 0.16034710431993965
0 0.8627840909090909 0.9004442951015532 0.2509943181818183 0.19791666666666666
0 0.5946460573476703 0.9065113500597372 0.1993727598566309 0.16427718040621267
