0 0.859895833333333 0.547222222222222 0.091666666666667 0.109259259259259
0 0.18033743633276747 0.30035213481733014 0.2820812110922467 0.1493428912783752
0 0.3380492213570634 0.38619041733613485 0.10138579903596587 0.06591686235735177
0 0.37367908787541715 0.4598319120009888 0.11702817945865775 0.08960573476702509
0 0.6338060808305525 0.5427429654348453 0.0753151649981461 0.08445597989535697
0 0.5096326164874552 0.6869772998805257 0.06759053269064391 0.06660349634024089
0 0.3503120751452231 0.5966849311306115 0.17225930045729823 0.17303176368804846
0 0.24641577060931902 0.5276782158502589 0.11973180076628352 0.1023084634504731
0 0.2056683351872451 0.4298328732885648 0.21281362007168456 0.11947431302270012
0 0.3132338400692127 0.8775182301322457 0.22942157953281425 0.1785248355511611
0 0.8980174731182796 0.8186977299880526 0.0883736559139785 0.09737156511350059
