0 0.058072916666667 0.188888888888889 0.1015625 0.12037037037037
0 0.1297301488833747 0.29379193088870503 0.056865177832919764 0.043654075912140405
0 0.359775641025641 0.08815825751309624 0.027140198511166235 0.06662990533958275
0 0.42407206368899913 0.1231963973899458 0.026494003308519427 0.03101736972704717
0 0.2634925558312655 0.1921238856722728 0.033602150537634407 0.04939803326900104
0 0.12423748966087676 0.16972245198051653 0.039417907361455735 0.02986857825567503
0 0.6069453060380479 0.28402720338204207 0.06268093465674116 0.08615936035290873
0 0.24992245657568238 0.6154535428728977 0.0697890818858561 0.10109364948074621
0 0.3801307899090157 0.7510109364948074 0.08852874276261365 0.055141990625861635
0 0.4424886269644334 0.618325521551328 0.0814205955334987 0.04710045032625676
0 0.47544458229942094 0.559162760775664 0.0814205955334987 0.06892748828232705
0 0.4004859387923904 0.48104494072236004 0.06203473945409426 0.039058910026652016
0 0.4166408188585607 0.5534188034188035 0.056865177832919785 0.05054682474037321
0 0.32778897849462363 0.5310173697270472 0.04587985938792391 0.04939803326900104
0 0.4831989247311827 0.6895505927763993 0.03230976013234079 0.09534969212388562
0 0.7953863465866468 0.3673279430968853 0.09064766191547889 0.2083854296907561
0 0.0114596425080296 0.4037999037999038 0.021383186705767346 0.03335971077906567
0 0.17008797653958943 0.3025570606215768 0.029674626448820005 0.04189359028068709
