0 0.111197916666667 0.718981481481481 0.144270833333333 0.171296296296296
0 0.8854724435157373 0.706026680984236 0.0885627530364371 0.05205839246586271
0 0.3340903472994685 0.6749612051799668 0.06643183784451859 0.08788914980980245
0 0.3790639582065327 0.6618989653073645 0.04564820450395616 0.02986857825567503
0 0.269064465408805 0.7334708415049254 0.07544633799959423 0.1076395933364893
0 0.292681071211199 0.771229232884741 0.07195932237776427 0.06593629539460331
0 0.34657131263948066 0.8574536191699916 0.1036594643944005 0.1189107549424043
0 0.5001585007100832 0.8256125876332815 0.14391864475552846 0.11158449989855944
0 0.12377079312563179 0.7634561774346721 0.03274055693410533 0.0423776409439493
0 0.08298869589192165 0.773667657180202 0.046526054590570715 0.06994863625688012
0 0.061305256869772944 0.6567462140938843 0.07438424777134454 0.0924138916970457
