0 0.466666666666667 0.703240740740741 0.053125 0.062037037037037
0 0.1818996415770609 0.4171644763042613 0.07616487455197134 0.04380724810832333
0 0.2775537634408602 0.6320191158900836 0.0456989247311828 0.1039426523297491
0 0.2903225806451613 0.6523297491039427 0.02956989247311828 0.03464755077658303
0 0.3521505376344086 0.5648148148148148 0.02620967741935484 0.016129032258064516
0 0.2950268817204301 0.8679808841099164 0.09744623655913978 0.0908004778972521
0 0.015793010752688172 0.9145758661887694 0.030913978494623656 0.04898446833930705
0 0.18061155913978494 0.9444444444444444 0.08635752688172044 0.10752688172043011
0 0.16263440860215053 0.9638590203106332 0.0907258064516129 0.07108721624850657
0 0.703405017921147 0.7840833665206426 0.08363201911589009 0.06040090269480949
0 0.6516950418160096 0.7233505907341033 0.03173536439665468 0.0650471259790255
0 0.6348769957640925 0.6362912276890771 0.029936461388074265 0.026429166214112454
0 0.6704138155751058 0.6399116614170376 0.04928315412186383 0.03367003367003361
0 0.5778788447111778 0.4232447000639048 0.06485996499124781 0.03820399544330521
0 0.9036253995931415 0.6608759296931339 0.07507507507507499 0.039824771007566616
