0 0.712239583333333 0.132407407407407 0.0859375 0.101851851851852
0 0.633580380130244 0.35947464957006076 0.051349765258215996 0.045013209483904616
0 0.6725068150840529 0.2667137832971545 0.062471603816447056 0.04964073569253035
0 0.6767662426169924 0.2160213371026638 0.027449644101166112 0.031551315058811674
0 0.8051406557625321 0.10916755010348832 0.08021921853702864 0.10222626079054975
0 0.895890125700439 0.0763541824423242 0.05063986066939269 0.043330472680768006
0 0.7980416098742995 0.19519746916384811 0.03762494320763286 0.04543389368468878
0 0.8385061714372255 0.014723947027445438 0.04992995608056946 0.026082420448617635
0 0.5216508701917747 0.19546367118698343 0.05196208846025939 0.05850546256266242
0 0.5651258175368585 0.2558166746726773 0.040530428999002326 0.052346992819224274
0 0.3576238776188893 0.042425698062545404 0.04745870746037027 0.08006010666469596
0 0.3375318700809223 0.11909864636835038 0.023902560691719338 0.04988360492184902
0 0.3778890921183904 0.10401039549692691 0.02286331892251414 0.03695081846062889
0 0.17739513707255639 0.32021268580408363 0.046619199845006315 0.03659573552046671
