0 0.037239583333333 0.133333333333333 0.074479166666667 0.211111111111111
0 0.886583231892879 0.8842226279840399 0.10841448569689592 0.08002524740199725
0 0.3849284844796104 0.695148892044814 0.02504311219314261 0.04001262370099869
0 0.39143866463998195 0.5108934301638236 0.032370658109553516 0.03221427811868615
0 0.4623374429994933 0.5459225481181231 0.022518718684906805 0.03283979808215579
0 0.230263333868293 0.8298917598387987 0.0677058257101589 0.10847792102807337
0 0.30536261607836857 0.9818886451850661 0.0440425167017538 0.03502796649964053
0 0.21774193548387097 0.7398217075636431 0.026106286186931362 0.0404374597922986
0 0.19008478081058727 0.7768127929418251 0.031275847808105876 0.04733020862053123
0 0.12809605941947913 0.4557979571964282 0.038652184722481206 0.033839545307007494
0 0.16665112809994406 0.34875449755181254 0.02058860090745229 0.030386530479761854
0 0.2613392690658214 0.3879462158410508 0.02894058052085275 0.03349424382428301
0 0.1986994219653179 0.16971567875912458 0.04700416433588167 0.05904655354590092
0 0.33135993535956243 0.2966139736604029 0.017480887562931202 0.030386530479761854
0 0.31892908198147807 0.3934710395646439 0.012819317546149542 0.026588214169791666
0 0.6511260899802065 0.6927340596896046 0.02340448296153638 0.019020786152867612
0 0.21021735134638353 0.9082039028275588 0.03676132708390771 0.0490151027785436
0 0.49446073639622024 0.9157887114876362 0.05824372759856628 0.0604612432569422
