0 0.893489583333333 0.730555555555555 0.0796875 0.094444444444445
0 0.42306876061120546 0.669779286926995 0.15916808149405762 0.1304785260642646
0 0.23339346349745338 0.5345846695592027 0.1582838143746463 0.2813934477771489
0 0.9510038642473119 0.7641377937076862 0.03570228494623656 0.046047391477499096
0 0.9273773521505376 0.8518767423337317 0.01785114247311828 0.018667861409796895
0 0.8909750224014338 0.8241860812425329 0.054953517025089556 0.060359418558343335
0 0.8493223566308244 0.5525686977299881 0.04095262096774194 0.03111310234966151
0 0.7710923499103942 0.5058990442054958 0.040602598566308296 0.0497809637594584
0 0.9666195543731293 0.85996255650396 0.03290932269149768 0.05850546256266242
0 0.6353346456692913 0.4891814598444012 0.033602150537634407 0.05174084422242917
0 0.6492252984505968 0.4666036369109775 0.07090847515028363 0.06585198355581894
0 0.6934108034882737 0.3464237669216079 0.0650876301752603 0.09736686140038947
0 0.6952628905257812 0.2899792095880488 0.04074591482516297 0.04186304668905636
0 0.5375399025537635 0.19507915173237753 0.018726198476702535 0.05102548785344485
0 0.5417179241844359 0.25514853289593586 0.01850965919445965 0.03948727294818056
0 0.4891789684709313 0.2824858757062147 0.03474120648806273 0.07897454589636112
0 0.5206453891015127 0.33690743778223275 0.03160880262438494 0.09466820565781746
0 0.49074517040277016 0.33285746106959885 0.038443138326954646 0.05113095599700297
0 0.4390605066520868 0.34272927930664404 0.04840987789320214 0.04252475548265595
0 0.42318837437854084 0.28256959699901085 0.019330269395305806 0.02505106563379196
0 0.9006006384408602 0.4421296296296297 0.07245463709677419 0.09520609318996416
0 0.2645827869569018 0.1748404580820002 0.09643544016085323 0.10004759545803345
0 0.3656624267855582 0.10611844469699176 0.027592009791065616 0.04516711833785004
0 0.08568548387096774 0.13261648745519714 0.019489247311827957 0.03225806451612903
0 0.13659274193548387 0.06391875746714457 0.04065860215053763 0.03464755077658303
