0 0.1546875 0.605555555555555 0.09375 0.111111111111111
0 0.7772177419354839 0.48192165000314413 0.20249717034521786 0.19178771301012382
0 0.5963318361235879 0.707015713140662 0.0765618619844834 0.07259198765936208
0 0.5879678940961656 0.5404521990036293 0.013314059646987252 0.03381348481774537
0 0.5047550213024955 0.4505646851964563 0.02060509231081355 0.05353801762809674
0 0.44341524650030434 0.4722616712878429 0.038040170419963465 0.09467775748968685
0 0.4182136335970785 0.4939586573792295 0.038357171840129864 0.1809021437749375
0 0.47100699400513846 0.6844979435616031 0.044009896279379575 0.046520971442467425
0 0.4889975259301551 0.6089013649675938 0.08891188505090879 0.04546367663695663
0 0.2007728494623656 0.503584229390681 0.0480510752688172 0.12425328554360812
0 0.3706317204301075 0.48148148148148145 0.12634408602150538 0.08482676224611709
0 0.38424059139784944 0.5564516129032258 0.025873655913978496 0.05675029868578255
0 0.3015793010752688 0.5734767025089605 0.060147849462365593 0.054958183990442055
0 0.047359266287160036 0.4534401574249773 0.0909234661606578 0.21083702298123555
0 0.7003878248207887 0.7706715452011151 0.07700492831541214 0.05662584627638382
0 0.6928798554420521 0.9322850425868117 0.06274548958684473 0.13423517169614974
