0 0.322916666666667 0.049537037037037 0.086458333333333 0.099074074074074
0 0.6222191323692992 0.16526593334157297 0.349925843529848 0.20908004778972525
0 0.6330336175998023 0.031585163212897734 0.0633419849215178 0.06317032642579547
0 0.44725621060437526 0.1023084634504731 0.027808676307007844 0.030211895247119574
0 0.13691910765047585 0.17474834864527117 0.025105054999382034 0.062483692442906386
0 0.1707143739957978 0.2955959296337494 0.03707823507601037 0.07621637210068802
0 0.11084847361265604 0.05252749969101471 0.07029415399826969 0.07072330023757535
0 0.20431652453343221 0.14007333250937254 0.058707205537016444 0.0617970584600173
0 0.24293968607094305 0.1946607341490545 0.03321591892225927 0.040511404990455774
0 0.28812878506983064 0.1919141982174982 0.018539117538005166 0.05699062057979373
0 0.34104251637622046 0.08720251582691331 0.05793474230626622 0.06042379049423915
0 0.3010675441848968 0.0999052445103613 0.031284760845383765 0.03776486905889946
0 0.18983283895686567 0.0346750161358986 0.04827895192188852 0.062483692442906386
0 0.14309881349647754 0.10814485230503028 0.0235601285378816 0.06385696040868453
0 0.19832993449511804 0.04978096375945838 0.032057224076133956 0.03776486905889946
0 0.06199017426770485 0.4006509290157788 0.029739834383883324 0.08445597989535697
0 0.48429859413202936 0.6241599462365591 0.961960763532876 0.7504853643966547
