0 0.2453125 0.657407407407407 0.053125 0.062962962962963
0 0.3266002231689998 0.9329704019296228 0.033919151957800805 0.08960573476702509
0 0.3112836968044828 0.6758291685597456 0.03809821293351509 0.025661736247833532
0 0.2043247387551113 0.6638396688373971 0.03289224594881114 0.03617884126743748
0 0.26017056640920794 0.7458730879903075 0.035731864304104174 0.024399683645480987
0 0.3489086400121158 0.7483971931950123 0.04898341662880508 0.02692378885018594
0 0.3292679463880055 0.785207060763626 0.04093783128880813 0.022296262641560306
0 0.30844407844918975 0.723156141147963 0.025793200060578537 0.028606525653322487
0 0.25106012418597606 0.6899220892860147 0.030289262456459184 0.022716946842344442
0 0.24147641223686203 0.709483904622478 0.021060502801756774 0.02397899944469685
0 0.2520066636377405 0.7303077725612938 0.023190216568226542 0.01935147323607108
0 0.2830058306830229 0.7109562993252225 0.02744964410116615 0.03449610446430067
0 0.14414835592956213 0.7521975770378451 0.037011064360292986 0.027415603229846673
0 0.0480510752688172 0.736857825567503 0.05040322580645161 0.04002389486260454
