0 0.478385416666667 0.75 0.255729166666667 0.301851851851852
0 0.7316779852857951 0.6289064956297554 0.23344651952461798 0.12733446519524616
0 0.3547366271947734 0.6306428927907082 0.1692867837212468 0.15728263992861782
0 0.5197699741391043 0.6030428141493883 0.043385055124540634 0.1822361356865236
0 0.48489179256839526 0.3697654371398757 0.2075677147134885 0.16333197223356472
0 0.4300224581461821 0.48848358362445743 0.17524159520892885 0.11342498071775328
0 0.833907028586415 0.5684743227360589 0.11555861526357186 0.10830395042301674
0 0.8367953730856956 0.6886064950581079 0.08431085043988272 0.08109771550631766
0 0.07316300411058477 0.953037404650308 0.14146662029726542 0.09273044756915715
0 0.06403363661428181 0.6547039181447784 0.11459194926936864 0.10875225928989372
0 0.22657898703647875 0.44886611060864906 0.1278137875590393 0.08151051262296362
0 0.09075721033062004 0.38131287754441207 0.07285699929655311 0.09714266572873746
