0 0.617708333333333 0.406018518518519 0.08125 0.097222222222222
0 0.5536630206402176 0.44631208887790275 0.06295575330614263 0.0961287576044714
0 0.6085079100234829 0.3282110438209808 0.057548510690891085 0.04669111083645748
0 0.6813125695216907 0.3058954393770857 0.033988382153009505 0.02265892143533967
0 0.7512204919045852 0.3718123017344374 0.045575330614262784 0.030898529230008614
0 0.8176523297491038 0.29216275971930405 0.020856507230255845 0.02128565346956149
0 0.6479035347917439 0.4428789189634573 0.06218329007539237 0.07827627404935525
0 0.6212535533308615 0.4926598827229157 0.02664998146088241 0.05561735261401559
0 0.7183908045977011 0.41541355964789406 0.015449264615004375 0.03158516321289774
0 0.7044864664441973 0.47137422925335415 0.025491286614757126 0.035018333127343156
0 0.6815056853293783 0.5132589022095881 0.015063032999629205 0.029525261264230503
0 0.7083487825979482 0.5414108955080404 0.021628970461006033 0.028151993298452322
0 0.739247311827957 0.4552383306554608 0.029353602768508222 0.028838627281341445
0 0.8205490668644172 0.7879124953652206 0.09230935607465085 0.15586591411582146
0 0.732295142751205 0.8754583281835784 0.11509702138178224 0.10848816929647481
0 0.7823121369422815 0.6708414012826324 0.022015202076381128 0.039824771007566755
0 0.845847237671487 0.35704967110232216 0.020856507230255845 0.03433169914445403
0 0.7485849235196123 0.48420751510256277 0.009702029380584447 0.023558315243912647
0 0.7682256171437225 0.4408770424217949 0.010648568832348906 0.022716946842344373
0 0.784198470392246 0.3611573863731974 0.017037710131758282 0.07361973513722724
0 0.8574369604725125 0.31130630858027497 0.027213009238225186 0.026923788850185974
0 0.8711617825230956 0.3586332811684924 0.025319930334696268 0.02986857825567503
0 0.8116481144934121 0.3958638329378902 0.015617900954111821 0.029447894054890893
0 0.8651275935180979 0.3830329648139734 0.0194040587611692 0.03070994665724337
0 0.8796806375889747 0.4280461742978781 0.03194570649704687 0.039123630672926436
0 0.15525438072481085 0.5497809637594583 0.12383014735165274 0.08960573476702516
0 0.4218936678614098 0.5232311164210806 0.05600358422939071 0.05641842559405284
