0 0.75 0.393518518518519 0.120833333333333 0.142592592592593
0 0.877787558685446 0.46022851565786593 0.08211229744055741 0.07740589294428453
0 0.5284472751710655 0.15002172260236776 0.029783724340175913 0.04751819267948301
0 0.5952697336265885 0.4001710654936461 0.03436583577712609 0.025116758987726705
0 0.45360612170087977 0.3098864994026284 0.025965298142717568 0.03462039752362336
0 0.4620066593352884 0.27662376452699033 0.02214687194525907 0.022401433691756272
0 0.5070640884652982 0.33466384272835886 0.023674242424242438 0.02986857825567503
0 0.5334112292277615 0.2630471380471381 0.025965298142717568 0.02511675898772674
0 0.30820926385442515 0.6044940722360077 0.01938585607940444 0.07030603804797349
0 0.31505893300248144 0.5252274607113318 0.02274607113316792 0.06708942192813158
0 0.3844602977667494 0.5323499678338388 0.02869106699751864 0.019759213307600346
0 0.40242452440033083 0.6210366694237662 0.029466501240694765 0.027111478724382004
0 0.4021660463192721 0.5762338020402537 0.024813895781637705 0.03951842661520076
0 0.5135128648233487 0.4805854241338112 0.025201612903225805 0.0371223758320533
0 0.6758832565284177 0.3568441713603004 0.013440860215053764 0.02773510838026968
0 0.520113287250384 0.4236217784604882 0.008640552995391727 0.026455026455026415
0 0.6368807603686635 0.25507765830346485 0.020881336405529943 0.03754906980713434
0 0.6338805683563747 0.3380696364567333 0.023041474654377912 0.02773510838026968
0 0.5458875683833239 0.3340197866230691 0.028001792114695313 0.023580456517638206
0 0.4705774853801169 0.3946739608878828 0.029475570647047724 0.01807834999685596
0 0.5138328853046594 0.4474679829801505 0.022548811544991453 0.012576243476073647
0 0.46718779475570643 0.48572072355320794 0.022696189398226766 0.022008426083128915
0 0.46689303904923596 0.4402628434886499 0.02593850216940205 0.015458299272673899
0 0.3424414284465425 0.1474002195219085 0.018303610455459363 0.03933910306845005
0 0.32485155973059193 0.18982630272952858 0.017539584071842123 0.03315083960245252
0 0.3855015951790145 0.15766014153110933 0.015877939265036025 0.02724276917825304
0 0.27324825711922485 0.25711266033846686 0.01070837764386151 0.023304055562120084
0 0.8486814705436924 0.030289262456459184 0.029106088141753646 0.029447894054890872
0 0.7379363546872633 0.11652952361721103 0.012541647735877673 0.027765157251754265
0 0.6859950022716947 0.13272586534740102 0.024610025745873038 0.02145489423999193
0 0.8302239512342875 0.1548117858885692 0.025319930334696268 0.02355831524391268
0 0.5295048560527228 0.19167919219948362 0.010478089952595696 0.029547410747549477
0 0.4400797780090183 0.18445292326665902 0.007587582379465886 0.023445228093164273
0 0.4992448548965198 0.182365334463843 0.016801075268817203 0.018627715471281205
0 0.501954705746329 0.30328490127310803 0.012465313909122411 0.023445228093164273
0 0.5075550641692681 0.2827301807530736 0.012826627355763696 0.018948882979406754
0 0.4142458665741704 0.38566436710730856 0.011200716845878186 0.03340142084505593
0 0.4456801364319574 0.3678395704063412 0.021678806798473806 0.017021877930653514
0 0.4800049138628743 0.3668760678819646 0.018788299225343922 0.01445253786564917
0 0.43222121054457163 0.40782492516797064 0.017162388715458412 0.021197055536285515
