0 0.700520833333333 0.601388888888889 0.242708333333333 0.287962962962963
0 0.35999103942652333 0.21050454921422662 0.3928866832092638 0.29255889470943236
0 0.9105493520816103 0.09945470698158869 0.09822167080231599 0.08577642986245138
0 0.34189757375241253 0.6501087522592899 0.13957816377171214 0.12100603498452966
0 0.5551419906258617 0.9388383420641485 0.20419768403639368 0.11334742517538195
0 0.727874276261373 0.4811138682106424 0.2533085194375516 0.2270011947431302
0 0.6991832092638545 0.40483411451153384 0.1731803143093466 0.0946604172410624
0 0.5526261373035566 0.5739362190975094 0.11373035566583957 0.11855527984560242
0 0.5231596360628618 0.7108721624850657 0.14888337468982632 0.15531660692951016
0 0.705540427314621 0.7055889152663346 0.27056277056277056 0.1730050117146891
0 0.8961639351370101 0.9061265881077835 0.20700008671522718 0.18212252527326125
0 0.21533023683135974 0.5185260801838997 0.0652902545256567 0.05784674016605415
