0 0.780208333333333 0.537037037037037 0.098958333333333 0.116666666666667
0 0.8785267898171124 0.5630558874286473 0.09937046227368804 0.09190331770976937
0 0.780448717948718 0.5839894209069836 0.07955380939251906 0.06126887847317947
0 0.9004974267071041 0.667723554820329 0.012923904052936346 0.04288821493122556
0 0.9190216891829794 0.7116329177261077 0.032166161198419224 0.07352265416781546
0 0.9645425512360998 0.6478111693165457 0.06289633305762342 0.0367613270839078
0 0.4310858173404111 0.3644722713730472 0.09740370219137062 0.08922765149796592
0 0.5142405063291139 0.7720460354188406 0.03657955628147544 0.13006064455635713
0 0.24682555293294867 0.7962525861817759 0.07239487717457818 0.10830395042301674
0 0.27359799807675494 0.6877058017892007 0.028684762654078155 0.04662412215520002
0 0.17600889419885835 0.7068675605115271 0.08338311429709282 0.05973715651135006
0 0.20629231381919552 0.5247061079398793 0.05019580512412052 0.033187309172972246
0 0.2513026018850391 0.5803870377745328 0.027379530067702086 0.1017744147971149
0 0.2192448008980267 0.4766959444378799 0.017908838473354602 0.03643310094923001
