0 0.310677083333333 0.696759259259259 0.096354166666667 0.113888888888889
0 0.24111070381231675 0.8302107092429672 0.11646199902248286 0.10454002389486261
0 0.3213471484959847 0.734033543547631 0.06677895739757721 0.042723409403687046
0 0.36090411052130117 0.8313899853303691 0.061249489587586754 0.04385765921086469
0 0.35154654961208653 0.8070036144760522 0.04083299305839113 0.031380911331911704
0 0.5161378749292588 0.8015390177953846 0.07118350311262027 0.05305602716468588
0 0.40538341822297685 0.6659513928189651 0.04377122241086581 0.04991196629566744
0 0.46385558149405776 0.7463214487832485 0.031612549518958685 0.027510532603911297
0 0.04869216893039054 0.8031110482298938 0.09218484719864177 0.10807709237250834
0 0.11003820033955862 0.947934352009055 0.08533177702320317 0.08803370433251594
0 0.13413317468711441 0.7718775094502223 0.06637801868499912 0.06512329357384886
0 0.13427088841882603 0.8223113383081653 0.07711968975850521 0.058757858863623044
0 0.12263407808919444 0.8535264508294651 0.06679115988013398 0.04725111150283016
0 0.19308458276540968 0.9156191630067142 0.05679236710586097 0.10222626079054972
0 0.05642794941693171 0.8971090581722114 0.04756360745115856 0.04164773587763139
