0 0.65390625 0.221759259259259 0.483854166666667 0.443518518518519
0 0.675011200716846 0.34504430505774597 0.07175459229390668 0.21965850258861014
0 0.6519097222222223 0.3176647749900438 0.03955253136200722 0.1151184786937475
0 0.7450156810035842 0.36308990442054956 0.034652217741935484 0.16987753882915174
0 0.7892935147849462 0.35437823576264443 0.04480286738351244 0.13129729191557146
0 0.6001064068100359 0.3341547192353644 0.04725302419354839 0.12694145758661887
0 0.7780927979390682 0.20783552369573877 0.019601254480286788 0.08089406610911985
0 0.7411654345878137 0.2613500597371565 0.06195396505376344 0.0771604938271605
0 0.3683725120109815 0.34366659040646685 0.1254718599862732 0.2656396959760034
0 0.4881248570121253 0.2975927196929256 0.10187886067261492 0.1658659345687485
0 0.17230038892701896 0.42405755103078374 0.08936742164264469 0.21797707109992626
0 0.22681451612903225 0.396413228602659 0.07042152825440401 0.15887541625359053
0 0.28686942347288946 0.22165027072370935 0.08615019446350948 0.17412745621393524
0 0.34066861130176157 0.09454993772083689 0.037891786776481334 0.17794046620402143
0 0.19982555479295355 0.2194260148961591 0.09365705788149166 0.09850275807722617
0 0.27650280256234266 0.09486768855334406 0.032529741477922675 0.10231576806731234
0 0.15978894989704873 0.0837464094155927 0.039321665522763664 0.14362337629324587
0 0.033959620224204984 0.7433971377005008 0.06791924044840997 0.5058593253514325
0 0.18552676733013038 0.6620529245786624 0.02359299931365819 0.08134421312183832
0 0.9471159345687485 0.2203792673936806 0.09258464882177987 0.10168026640229799
0 0.8815202470830472 0.04243880118965917 0.09437199725463276 0.0521111365311777
0 0.8641829672843743 0.25342535397442745 0.04182395332875777 0.1029512697323267
0 0.7946551132463967 0.05737309031749668 0.05576527110501015 0.07308269147665167
0 0.24307938686799357 0.14666107425201458 0.033602150537634407 0.16650143623376296
0 0.8600720658888126 0.3500216070566105 0.09723175474719743 0.1499783929433895
