0 0.460416666666667 0.240740740740741 0.117708333333333 0.138888888888889
0 0.8293895019807583 0.6744953782305225 0.2325622524052065 0.28139344777714903
0 0.9708722410865874 0.46541533044079736 0.05747736276174312 0.16820725649248583
0 0.6074384550084889 0.755454945607747 0.188348896434635 0.245236747783437
0 0.21393958687040182 0.5723133999874238 0.278544142614601 0.40401182166886745
0 0.3829175067204301 0.5661028972520908 0.1286332325268817 0.26228345280764637
0 0.4810987903225806 0.5553688769414575 0.20528813844086022 0.3397550776583035
0 0.0228494623655914 0.1881720430107527 0.043010752688172046 0.10991636798088411
0 0.5669970354738216 0.4938085507877488 0.034230228117777144 0.08095222144061452
0 0.07709652296251633 0.5476836498844337 0.04365139181991759 0.14962203686954967
0 0.6641705069124424 0.057091653865847504 0.08832565284178188 0.09216589861751155
