0 0.06015625 0.374074074074074 0.030729166666667 0.092592592592593
0 0.7615343267136561 0.9481701565742314 0.03318466927337903 0.10246494372131035
0 0.2795351316277345 0.6374984550735385 0.04692714126807565 0.051497548716681114
0 0.2837157352718461 0.7997206656906793 0.019877328487051354 0.01935147323607108
0 0.3847588217476905 0.7174769044373769 0.06057852491291837 0.02986857825567503
0 0.2449076177495078 0.7071701415181652 0.021297137664697888 0.03786157807057389
0 0.03754328412611625 0.8624729157807343 0.07289958082741024 0.12757426644796793
0 0.0253079488226487 0.528545286813968 0.009782904586906222 0.03629599382968104
0 0.03636688444262964 0.4016983500446139 0.010208248264597793 0.05104124132298897
0 0.011590615217095411 0.3769338959212377 0.00914488907036886 0.03780832690591771
0 0.004400948327359594 0.20996982360945182 0.008801896654719187 0.05132014303730239
0 0.48018955566097404 0.6930476491671939 0.014083254269449742 0.039531941808981695
