0 0.33515625 0.514351851851852 0.097395833333333 0.115740740740741
0 0.8970624646293153 0.43191034476299806 0.20520302773061688 0.20180723294547662
0 0.39824254412659776 0.7816550573702126 0.10302546155406775 0.07664389892022277
0 0.606162430759205 0.5933890880127439 0.04378462039752361 0.05720285290177756
0 0.11407930107526881 0.9519115890083633 0.04670698924731183 0.05675029868578255
0 0.31586021505376344 0.8052568697729988 0.041666666666666664 0.08721624850657109
0 0.20715725806451613 0.5313620071684588 0.07560483870967742 0.06511350059737156
0 0.4225470430107527 0.4743130227001195 0.06149193548387097 0.04778972520908005
0 0.33943635807325817 0.4608988742217171 0.07676588862662821 0.0757641985022001
0 0.31238799283154123 0.31760254878534444 0.048163082437275996 0.057745917960971734
0 0.35813468532574316 0.5891664909691475 0.041261464263124555 0.052270011947431236
