0 0.150260416666667 0.281944444444444 0.155729166666667 0.184259259259259
0 0.27738575268817206 0.23988201911589008 0.1947874663978494 0.3472222222222222
0 0.551715809811828 0.5600358422939068 0.20896337365591397 0.4368279569892473
0 0.5357022849462365 0.4998319892473118 0.12863323252688172 0.10734020310633213
0 0.29418682795698925 0.49003136200716846 0.11498235887096771 0.19787933094384708
0 0.2970745127688172 0.607172192353644 0.1984627016129032 0.1484094982078853
0 0.46771043346774194 0.853121266427718 0.15120967741935484 0.2613500597371565
0 0.5711420530913979 0.8540546594982079 0.1522597446236559 0.1437425328554361
0 0.9239646337365591 0.8703890382317802 0.14805947580645162 0.15587664277180407
0 0.5404364862402041 0.05771216815503311 0.03531073446327686 0.0374622845918636
0 0.24772539288668322 0.12085286278834664 0.012148469809760145 0.02940906166712618
0 0.31699751861042186 0.15876298134362649 0.020419768403639352 0.02159727966179578
