0 0.615364583333333 0.737962962962963 0.0796875 0.094444444444445
0 0.5201295901805639 0.6303397128108021 0.014582065327652676 0.028741462095083544
0 0.5668872996551024 0.6461193390590833 0.03899117468046257 0.03099569441626652
0 0.45577830188679247 0.847309573724668 0.0412101846216271 0.038885507540407066
0 0.4927089673361737 0.6137147494420775 0.011095049705822646 0.029305020175379285
0 0.8098688882126193 0.5001577962624828 0.05642625278961249 0.035504159058632606
0 0.9244649016027592 0.3161560830459187 0.01997108947048084 0.02817790401478773
0 0.8601136133089876 0.4288676991050698 0.0313831405964698 0.03381348481774531
0 0.7813387603976465 0.3956177723676202 0.022190099411645445 0.02817790401478773
0 0.8124048995739501 0.4702892180068077 0.02092209373097987 0.04677532066454768
0 0.8143069080949483 0.3888550754040711 0.01838608236964902 0.020288090890647183
0 0.7239615033475351 0.4919862040981943 0.03296814769730162 0.02141520705123867
0 0.760733668086833 0.3939270981267329 0.0171180766889836 0.020288090890647183
0 0.7742062284439035 0.44831045287527327 0.012363055386488147 0.01634318432857691
0 0.7708777135321566 0.4914226460178986 0.017118076688983446 0.03155925249656226
0 0.6973333840535605 0.495085773539821 0.019020085209981732 0.028741462095083544
0 0.9750266281192939 0.32996325601316473 0.03487015621829983 0.023105881292125968
0 0.9734416210184621 0.26881720430107525 0.032334144856968984 0.0123982777665066
0 0.9146378575776019 0.3674398683528324 0.01806908094948263 0.0247965555330132
0 0.971539612497464 0.34630644034174163 0.02472611077297614 0.015216068167985352
0 0.16581611223118278 0.9114583333333334 0.02887684811827955 0.030801971326164874
