0 0.95078125 0.914351851851852 0.094270833333333 0.112037037037037
0 0.7205321900095276 0.30586936466887465 0.09272492173676333 0.11871814648458175
0 0.637164829181979 0.27562270314414045 0.06635361371988568 0.09149615111232093
0 0.874518457370248 0.8102098796790186 0.04048133096266189 0.04562601717796023
0 0.7610984212816211 0.6256862866969151 0.05652153645347751 0.06836969357946422
0 0.7589618683572629 0.5811423954254459 0.054967679781216874 0.04627039868509199
0 0.7413838647523152 0.5343540445162672 0.09012368699111191 0.061808965407697494
0 0.7504869707352285 0.46140714435045965 0.09279133223433272 0.18560347084494022
0 0.735024132453568 0.3954192462256978 0.038947947214076274 0.08213859020310633
0 0.7008492179863148 0.402207559465624 0.01947397360703829 0.061773650483327884
0 0.6174669688663996 0.605570782673882 0.10080645161290322 0.0710598855233053
0 0.5791429475015812 0.646566870475789 0.08960573476702503 0.05544232826543606
0 0.6420646215475437 0.7269972903538157 0.07313409234661603 0.07574515270066597
0 0.6092813302883243 0.8188748268679754 0.09396707583975637 0.07242469417747754
0 0.48265706806282727 0.4952554310770828 0.12051033046219672 0.08851107483095325
0 0.49673126724089395 0.570005066711704 0.06738022856499462 0.06849443599992491
0 0.3912970430107527 0.5224014336917563 0.03931451612903226 0.08542413381123058
0 0.3785282258064516 0.7028076463560334 0.047379032258064516 0.044802867383512544
0 0.3575268817204301 0.5827359617682198 0.014112903225806451 0.07586618876941457
0 0.3955453149001536 0.5972496525491917 0.03977397410577131 0.028039889791041873
0 0.2629436576623831 0.5007236452292838 0.08113690007867821 0.07673553438043343
0 0.13709677419354843 0.5153478540575315 0.10623449131513649 0.07490120393346199
0 0.28878648233486937 0.813563179154577 0.048003072196620596 0.10667349377026789
