0 0.19453125 0.45787037037037 0.088020833333333 0.10462962962963
0 0.11711233729485009 0.5369427152109665 0.0672043010752688 0.05030497390429486
0 0.5328146001344086 0.32108721624850656 0.06195396505376344 0.05787037037037037
0 0.59367391965916 0.39843556276909897 0.02345810509231079 0.02141520705123867
0 0.5968439338608237 0.45760916120015327 0.029798133495637986 0.042830414102477406
0 0.6407486305538649 0.5412975361240729 0.06878930817610056 0.05917359843105432
0 0.659293213633597 0.6635896395482518 0.06783830391560153 0.04677532066454775
0 0.5985874416717387 0.6641531976285476 0.04596520592412255 0.044521088343364636
0 0.8753572886892609 0.5293165766828486 0.08421804818293173 0.07410432073559882
0 0.7234133228429059 0.488198269079465 0.08048124836087085 0.06381676719993008
