0 0.117708333333333 0.597685185185185 0.072916666666667 0.086111111111111
0 0.6631472835314092 0.7177262151795258 0.14944114318053203 0.245236747783437
0 0.4360554937584971 0.4126670237163378 0.074928933382771 0.09063568574135868
0 0.39588740575948583 0.3666625468627693 0.04403040415276233 0.05493071863112646
0 0.4337381040662464 0.35498976915365493 0.026263749845507393 0.0480643788022357
0 0.3167099246075887 0.40889053681044785 0.025491286614757126 0.05973715651135006
0 0.8707018787663948 0.58451822967952 0.015877939265036178 0.047921015662951136
0 0.743309110244594 0.20656583559809372 0.02178600968923554 0.027242769178253058
0 0.861285891527827 0.40612732548216424 0.016247193666548466 0.031181482794385998
0 0.024398083216456284 0.5493221131369799 0.04879616643291257 0.08882655446470311
0 0.0340404394576905 0.26388239571970284 0.053471248246844315 0.05298426055789307
0 0.007012622720897615 0.24700015583606041 0.013440860215053762 0.0638927847904005
