0 0.757552083333333 0.373148148148148 0.149479166666667 0.177777777777778
0 0.605922650017343 0.4132847728061047 0.10080645161290322 0.09249624234015495
0 0.6549709503988901 0.5134890353412725 0.0644944502254596 0.0693721817551162
0 0.6284144120707595 0.6662041854549657 0.03522806104751992 0.03372258835318151
0 0.6836953694068678 0.6777662157474852 0.040647762747138334 0.03950360349944124
0 0.644673517169615 0.7379851235210234 0.0428156434269858 0.040467106023817784
0 0.690740981616372 0.7639996916791922 0.0471514047866806 0.04432111612132427
0 0.704019250780437 0.7235325856553743 0.035770031217481804 0.030832080780051584
0 0.8971354166666666 0.32071385902031063 0.06048387096774194 0.06197729988052569
0 0.7808476038762776 0.06930247651076007 0.05268485331209336 0.061949643789548196
0 0.5228162750564184 0.11244597843562401 0.07010819062790391 0.07448707169933771
0 0.5060151997876012 0.744111096361196 0.04895128103013407 0.039824771007566755
0 0.8971611758910144 0.0169345787625358 0.058968622476687174 0.0338691575250716
