0 0.508854166666667 0.510648148148148 0.09375 0.110185185185185
0 0.6072888664874552 0.570315611310235 0.08050515232974916 0.11200716845878143
0 0.5477850582437277 0.6505874153723618 0.09590613799283157 0.10080645161290329
0 0.6933943772401435 0.053838112305854224 0.13090837813620076 0.09956192751891678
0 0.8904174573055029 0.06780240471337882 0.06712523719165077 0.10011098226626386
0 0.8796242959549412 0.3065653979632474 0.11760752688172044 0.18347840928486098
0 0.7628168202764976 0.25465096432838363 0.1208077316948285 0.12231893952324054
0 0.5740047363031233 0.292342265460545 0.26481694828469027 0.29157421630539904
0 0.7120739500912964 0.23866684700525234 0.02757912355447338 0.054665133788688265
0 0.8304211469534051 0.8096375945838311 0.33602150537634407 0.35842293906810035
