0 0.6078125 0.649537037037037 0.066666666666667 0.078703703703704
0 0.6438481028303052 0.5654430849091583 0.07029415399826965 0.06248369244290642
0 0.5239231862563343 0.6365097021381783 0.04905141515263871 0.05355745066534835
0 0.8513944892473119 0.5739247311827957 0.03948252688172043 0.07467144563918758
0 0.41703172706756936 0.4568564980751361 0.03609119872560732 0.08628700384972787
0 0.39919354838709675 0.6730529997906121 0.09526382884380884 0.11577923117663733
0 0.29085497835497837 0.6569070117457214 0.035784108364753535 0.0818476624928239
0 0.3548954405809244 0.6124920479759189 0.07920506912442395 0.0465484336452078
0 0.2609280037400654 0.7163264246013193 0.04908835904628331 0.12466884837151314
0 0.22980949041608226 0.709054075112981 0.054055633473585774 0.0675289595345696
0 0.7421034946236559 0.5958781362007168 0.025873655913978496 0.061529271206690564
0 0.09013673171379263 0.7160862575040193 0.06098168060533651 0.07079959290234092
