0 0.726822916666667 0.603240740740741 0.216145833333333 0.256481481481481
0 0.5520596698470392 0.6779494169316977 0.09891337270937453 0.33149915021791443
0 0.4706572769953052 0.6699564171167988 0.21155156746933212 0.16743231191209382
0 0.8550627240143369 0.21823974512146554 0.26881720430107525 0.2588610115491836
0 0.03438620071684586 0.5085559024164643 0.06877240143369173 0.08282267699541372
0 0.7640168970814132 0.4220313736442769 0.20161290322580652 0.11947431302270012
0 0.8559175155631014 0.5 0.25201612903225806 0.20908004778972522
0 0.7201825127334465 0.677639439099541 0.1715478211658178 0.0990379173740803
0 0.8904039332201471 0.6972898195309062 0.20603423882286376 0.1572030434509212
0 0.7349944080631686 0.9340218826636485 0.22416255692995932 0.13076149154247624
0 0.7701144036009001 0.053485593620627374 0.017973243310827745 0.013429283246737604
0 0.9176773360006669 0.09215266779657877 0.01823372509794113 0.025006251562890706
0 0.9253615487205135 0.04005631037388977 0.01849420688505467 0.02546933029553685
0 0.9139003500875218 0.0076407990886610535 0.017973243310827745 0.014355440712029858
0 0.8763909727431858 0.053948672353273504 0.020057097607735292 0.0226908578996601
0 0.8545105026256563 0.04630787326461245 0.016410352588147124 0.013892361979383734
0 0.8220805201300326 0.03241551128522871 0.020838542969075603 0.020375464236429476
0 0.8396630407601899 0.009956192751891677 0.01641035258814697 0.013429283246737611
0 0.5824049039716577 0.3107713344521101 0.021171297159550063 0.016574471170779197
0 0.6920489154080427 0.29885843329811257 0.017092423394866007 0.014847963757156343
0 0.6077521909379079 0.34202111863868345 0.016703959226800888 0.011394948929910704
0 0.5578345453415378 0.2783129950760009 0.01553856672260553 0.014502662274431827
0 0.6981890627982441 0.10197733522795557 0.01690048991537823 0.015906343449767768
