0 0.198697916666667 0.240277777777778 0.1046875 0.125
0 0.1867299507168459 0.5780814416567106 0.06265400985663082 0.10080645161290329
0 0.06995142425957371 0.4511727347041438 0.02741228070175438 0.0366807101385483
0 0.3840396373603205 0.35534237589898565 0.1673518869913557 0.18506805350575117
0 0.48715211891208093 0.3284020896291611 0.07445182374024877 0.1335301145547825
0 0.6360557663925784 0.3002904865649964 0.0929000632511069 0.17335488556234926
0 0.6357314449824135 0.1466312928994776 0.10277282582686595 0.2932625857989552
0 0.5527092557453089 0.45958957059526323 0.08828800337339236 0.1710122519736688
0 0.49275247733502003 0.487701173659428 0.1462681846932321 0.13353011455478248
0 0.45915032679738566 0.5650080820858809 0.1950242462576428 0.12181694661138048
0 0.45750316255534473 0.6276735305830815 0.19700084334809193 0.13001616417176187
0 0.7032600674678474 0.4250357251622274 0.1996363061353574 0.1768688359453698
0 0.793524667931689 0.21419870218099188 0.17196394686907013 0.14875723288120504
0 0.8063725490196079 0.3389439407782229 0.13572633354417038 0.09839061072457655
0 0.6873966087675764 0.6918481757191435 0.11889991728701405 0.16427718040621267
0 0.8392524813895782 0.6682979505560149 0.03489454094292803 0.027570995312930682
0 0.7478158602150538 0.6723187207058174 0.10662220843672458 0.10913518978035103
0 0.7074286600496277 0.5660555096038967 0.16542597187758473 0.1148791471372117
0 0.9469867466866718 0.6118335139340391 0.07814453613403362 0.43066322136089585
0 0.07381749027682452 0.1752586491776609 0.021090711507664145 0.049569129871120256
