0 0.40546875 0.736574074074074 0.133854166666667 0.158333333333333
0 0.17762936827956993 0.859655017921147 0.08768061155913981 0.09707287933094384
0 0.08889868951612905 0.9660618279569892 0.038327452956989236 0.03920250896057348
0 0.42404513888888895 0.8098740541616886 0.12075772849462366 0.15245420151334138
0 0.22155717965949823 0.7940063719633612 0.07140456989247312 0.051025487853444754
0 0.3645413306451613 0.4505177220230984 0.13405857974910393 0.11200716845878136
0 0.3402147737455197 0.372423835125448 0.02170138888888894 0.0192901234567901
0 0.5334271393369175 0.40167015133412987 0.03150201612903226 0.029246316208681754
0 0.47987371191756273 0.5317229191557149 0.03150201612903226 0.0192901234567901
0 0.5400775649641577 0.5553688769414575 0.01610103046594977 0.015556551174830723
0 0.5425277217741936 0.583370669056153 0.03150201612903226 0.02302369573874948
0 0.16908088487089926 0.38600856866729066 0.0385247585781796 0.06278108805332967
0 0.21199318539826037 0.27813924464838785 0.029321621806725567 0.05326880198464334
0 0.1805312992260804 0.2634903241026109 0.02033251147181701 0.03995160148848254
0 0.731780167264038 0.5625027656090977 0.23023695738749494 0.16151157130846502
0 0.6078934506353861 0.4289489880887731 0.09978820462691432 0.11947431302270012
0 0.712772890192245 0.4434307230006156 0.11608015640273706 0.09775171065493646
0 0.595674486803519 0.5583794938633648 0.07942326490713585 0.11042322870279861
0 0.7137911371782338 0.3330074942978169 0.078405017921147 0.04344520473552733
0 0.7929598403388727 0.33074472321784154 0.06262218963831871 0.04978096375945834
0 0.6572784294558488 0.29137250642626994 0.03462039752362332 0.0325839035516455
0 0.6651698435972629 0.22575214510698385 0.041239002932551325 0.03891966257557654
0 0.6371680514825675 0.2954454943702256 0.041239002932551325 0.035299228847615965
0 0.8405628869338547 0.4551971326164875 0.042766373411534615 0.05611672278338942
0 0.9031850765721734 0.4330219760327288 0.04072987943955695 0.035299228847615965
0 0.8425993809058325 0.5343941204156258 0.05905832518735752 0.03348901198363561
0 0.9472242587161942 0.5095036385358966 0.0371660149885956 0.048875855327468194
0 0.9444240795047246 0.642102023822454 0.03462039752362332 0.057021831215379626
0 0.9217680840664711 0.6375764816625032 0.016801075268817203 0.06969334926324178
0 0.979907890575585 0.5576124464122566 0.03951217583807729 0.06532679738562093
0 0.9838709677419355 0.476456532433762 0.029253636938646407 0.0337339236769977
0 0.00923302334592657 0.7660886693144757 0.01786060253802189 0.025294111315616704
0 0.02588273757628596 0.7757757757757757 0.04934369853724692 0.0360575629392835
0 0.02300687784558752 0.8949810025078841 0.04601375569117504 0.027984974221533336
0 0.20262096774193553 0.7426075268817204 0.014700940860215055 0.01568100358422939
