0 0.1359375 0.439814814814815 0.120833333333333 0.142592592592593
0 0.2609483462637811 0.7474706229299941 0.13313257111746293 0.14291547570436913
0 0.46319926500612496 0.7455802065846981 0.09102354702599699 0.30851594755228884
0 0.19097931128351706 0.5175959953420141 0.1616305975227984 0.1761868033815767
0 0.3321934122771199 0.3905600169381304 0.2126718388457874 0.16862513800039325
0 0.19657421658238317 0.6131471622233158 0.2911722864382113 0.11084078157373381
0 0.20388104838709672 0.8483505907341035 0.32388739545997614 0.23811894331607592
0 0.0706391875746714 0.20161290322580644 0.14047565710872165 0.10122129297756537
0 0.19454711768219832 0.17547789725209081 0.08960573476702507 0.14851320854905084
0 0.13340987156511347 0.31071618213195273 0.07000448028673836 0.08711668657905217
0 0.45869735663082434 0.1879231381919554 0.14000896057347664 0.1037103411655383
0 0.3882261798088411 0.09292446568432232 0.13067502986857824 0.08794636930837649
0 0.3564908154121863 0.19082702774459048 0.11854091995221025 0.10288065843621398
0 0.2091135866593767 0.34855112083105527 0.07546245671587389 0.091630723123342
0 0.30522143247676325 0.29792641192313146 0.08315108438126476 0.0622683919567463
0 0.02003205128205128 0.6295262383972061 0.04006410256410256 0.09994485800937418
0 0.06736584987593051 0.6094223876481941 0.060419251447477236 0.1102839812517232
0 0.04329507857733664 0.48161933645804617 0.08206679073614558 0.07294825843212942
0 0.013731648056244829 0.3595602426247588 0.02681710090984284 0.1148791471372117
0 0.6828667803970224 0.3161933645804614 0.10759150124069485 0.09707287933094391
0 0.6390870554177006 0.48219373219373224 0.1809346567411084 0.12694145758661887
0 0.6391636234530331 0.5776470323031491 0.12901957800770947 0.11158449989855951
0 0.6596835990606847 0.692813688735083 0.19466073414905447 0.296625880608083
0 0.7465857125200841 0.7178758291105343 0.1212767272277839 0.16273225394471216
0 0.7720769991348412 0.6169406336258394 0.0787912495365221 0.08308271192957878
0 0.844495427017674 0.5321413367390379 0.08303979730564828 0.08239607794668972
0 0.8446885428253615 0.626210192394842 0.09424051415152632 0.10299509743336223
0 0.887367136324311 0.7364149466485397 0.11084847361265598 0.15998571801315592
0 0.91981059201582 0.5781458135926063 0.09230935607465085 0.08514261387824602
0 0.9576612903225806 0.3546464521622104 0.0822673340748981 0.07484310413490984
0 0.904747559016191 0.32100138700064546 0.05986590038314188 0.043257940922012135
0 0.8869497647849462 0.2209154719235365 0.21946404569892472 0.16801075268817203
0 0.8333827482605943 0.3994131702860356 0.016306925996204924 0.052270011947431305
0 0.7738377609108159 0.5617137536017992 0.05287397216951301 0.039531941808981695
0 0.8130081300813008 0.1714407825081835 0.0923376169245564 0.061194160328700044
