0 0.59375 0.482407407407407 0.069791666666667 0.083333333333333
0 0.7878372895110569 0.47930614729153986 0.04089318320146071 0.045648204503956194
0 0.3969995256166983 0.9417035631456883 0.05949557242251738 0.05833157635814174
0 0.523600569259962 0.833473891348654 0.022137887413029765 0.02670602291095652
0 0.2535282258064516 0.36200716845878134 0.11928763440860216 0.0884109916367981
0 0.20682123655913978 0.39575866188769415 0.047379032258064516 0.06989247311827956
0 0.2049731182795699 0.46774193548387094 0.04233870967741935 0.052568697729988054
0 0.3793682795698925 0.5821385902031063 0.027553763440860215 0.03882915173237754
0 0.3563508064516129 0.6167861409796893 0.028561827956989246 0.05794504181600956
0 0.27906586021505375 0.5032855436081243 0.04065860215053763 0.09020310633213859
0 0.15742607526881722 0.5158303464755077 0.017809139784946238 0.05077658303464755
0 0.1641465053763441 0.6442652329749103 0.07963709677419355 0.04838709677419355
0 0.06917199457522037 0.4038985221780921 0.09293567761309696 0.09956192751891674
0 0.03632664922987503 0.45744669400583376 0.059938971229293814 0.07211512587856679
0 0.0838540153056282 0.4504504504504504 0.028455875230068782 0.05381725811833335
0 0.10004964642061416 0.5387107537645172 0.03541848299912816 0.06242801941726669
