0 0.030208333333333 0.665277777777778 0.060416666666667 0.071296296296296
0 0.17302522746071128 0.6794667565276884 0.03475094200900654 0.03676132708390767
0 0.2856067916551787 0.7243972674080201 0.025560610238029604 0.024507551389271867
0 0.2860375884569432 0.6787008955467736 0.016657476334895678 0.01889123752923037
0 0.27297008547008544 0.7450755138927181 0.015221486995680532 0.022975829427442394
0 0.29636778270396985 0.7084940008040451 0.008599602507261895 0.022366044381026778
0 0.3128503541762218 0.7198185802374765 0.008758854405544506 0.015005067749296504
0 0.019732420769666147 0.5175910205621581 0.03647601867572156 0.02986857825567503
0 0.05542707674467636 0.4594431559959707 0.03310800126502214 0.021083702298123525
0 0.09311365158139351 0.4130178861361657 0.028432588916459882 0.02647690819733829
0 0.35010475964579385 0.5185946541101506 0.02882537423571578 0.022840677489633854
0 0.40437882142104153 0.5071743153653337 0.04842662871600257 0.03455384543303577
