0 0.750520833333333 0.193055555555556 0.048958333333333 0.058333333333333
0 0.8886353989813242 0.12271269571778909 0.1494411431805319 0.1493428912783751
0 0.9452550226372382 0.02559265547380997 0.1088179117147708 0.05118531094761994
0 0.5208333333333333 0.07231339998742375 0.06661478966232788 0.1446267999748475
0 0.5408767213733258 0.19073969272045105 0.13028202225995095 0.19912385503783347
0 0.7001902667225247 0.25969371130661456 0.027056277056277073 0.03762665052987633
0 0.6149848135735233 0.2257521451069838 0.021601382488479242 0.041893590280687065
0 0.4415235302332076 0.345226458129684 0.07505934925289759 0.06671942155813126
0 0.41119431643625187 0.5011637108411302 0.051930596285434984 0.11326785520333905
0 0.5050185030023739 0.6163710841130196 0.06414956011730201 0.23506958990829951
0 0.6238429774969515 0.7974540886080628 0.17528544507260832 0.18598578625183215
0 0.7876967631083028 0.7441833253273227 0.13163729076599043 0.20754043035386568
0 0.7409308834940693 0.4227112047198512 0.0609688504600377 0.17305299979061203
0 0.668010752688172 0.49445737723090566 0.08417858330562013 0.1872174802005198
0 0.6331961534197982 0.4876830605131237 0.056811883383216986 0.2180098289177105
0 0.7126981487639951 0.5889898877926812 0.07447899345970502 0.1668945300471739
0 0.716162287994679 0.6468795033809999 0.0682435428444739 0.054810380716599626
0 0.8943311195445922 0.6704265935764986 0.03096668775036907 0.11244641225665894
0 0.8244707661290323 0.2041143966547193 0.11340725806451613 0.09333930704898447
