0 0.916145833333333 0.304166666666667 0.110416666666667 0.130555555555556
0 0.866666666666667 0.48287037037037 0.09375 0.112037037037037
0 0.7894574218267211 0.43395267718589925 0.09115066122852557 0.10436836539914027
0 0.5768254296480102 0.4627280989288158 0.08587216248506574 0.05054682474037307
0 0.49483043837882545 0.5130196366755506 0.08845694329565298 0.0919033177097693
0 0.5456644609870416 0.5183806635419539 0.05629078209723376 0.08832929979883382
0 0.47056221854608943 0.49463897313359684 0.05944995864350702 0.11232627720082922
0 0.308433100543177 0.28383771200532093 0.06547223145992685 0.10223059774107332
0 0.29838709677419356 0.45966202318048005 0.03013801130695045 0.08067595363903979
0 0.36576460481099654 0.5637401618445849 0.08591065292096216 0.052346992819224274
0 0.8977747909199523 0.7904559225123742 0.20377837514934286 0.3137540061823215
