0 0.17421875 0.700925925925926 0.1546875 0.183333333333333
0 0.5004421335597057 0.4284726152298309 0.05217176004527449 0.09746588693957113
0 0.18361918824776619 0.5959159977787875 0.05679236710586099 0.07151631413330635
0 0.4940058099202219 0.6406713685589855 0.0775017343045439 0.06744517670636295
0 0.7702172939068099 0.5570489844683393 0.0991263440860215 0.0985663082437276
0 0.6960125448028672 0.4554958183990442 0.041442652329749155 0.058741537236160914
0 0.6057593165414642 0.5396802016333612 0.036824274561791076 0.04500744668663355
0 0.6876933274414495 0.6161928610006384 0.0773309765797614 0.049099032749054874
0 0.92096027479092 0.61366653391743 0.06720430107526881 0.06969334926324185
0 0.9274193548387096 0.6851851851851852 0.08669354838709678 0.056152927120669056
