0 0.502864583333333 0.373611111111111 0.066145833333333 0.078703703703704
0 0.8059564233163554 0.669779286926995 0.14325127334465193 0.12733446519524616
0 0.9128943497666869 0.6123058542413381 0.06466828971393797 0.04677532066454775
0 0.6986035341555976 0.23777145266708838 0.04224976280834907 0.03909269801110408
0 0.6554745657568238 0.3087951475048249 0.05272952853598014 0.03951842661520083
0 0.5482377538829152 0.32424001061993896 0.04450418160095584 0.03053232443913446
0 0.5005227001194743 0.3279569892473118 0.03987455197132619 0.041683260321253184
0 0.5637517199205014 0.39437847876924464 0.030894868266829748 0.022082929895191023
0 0.34978699653726986 0.3212137780207764 0.04584700200473844 0.04606848510621063
0 0.22975897576088938 0.36196666869165506 0.051827045744486995 0.03948727294818056
0 0.2514010388190268 0.4062632889860884 0.04499271004191725 0.02581860154304113
0 0.2649273282303627 0.42651317254925786 0.0316088026243849 0.02683109572119957
