0 0.506510416666667 0.560185185185185 0.0828125 0.098148148148148
0 0.6214577732974911 0.5513241736360016 0.05075324820788525 0.04853643966547192
0 0.5605785249129185 0.5862234337927205 0.06294487354232929 0.03996499907449471
0 0.27646647434216276 0.4225311070315004 0.05299851385610631 0.033996755738166684
0 0.1797128349547705 0.36197872219377597 0.03893582522614784 0.06779693159621475
0 0.11130712365591398 0.625843348091925 0.017542299177735605 0.055344718532574305
0 0.09240591397849462 0.6113483027619651 0.022236717267552174 0.024597652681144114
0 0.09500019765970906 0.4890189050530607 0.017542299177735605 0.0338217724365732
0 0.05633301707779886 0.45278129172816084 0.06325110689437065 0.046559842575022874
0 0.1164956910183428 0.4554167545154263 0.08227585388994306 0.034261016234450783
0 0.18172339500316254 0.4716687750368965 0.05905083807716636 0.03777496661747137
0 0.03434337444655281 0.40226825497223984 0.06769845034788109 0.05798018131983973
0 0.033849225173940546 0.4628838990793451 0.06720430107526881 0.051830768149553785
0 0.03900939315288592 0.3460635273760969 0.07492893338277097 0.07690300608357707
0 0.1362922156595487 0.4421390950241473 0.022243677116462215 0.02019284163763942
0 0.7718413978494624 0.5209080047789725 0.02620967741935484 0.037037037037037035
