0 0.338541666666667 0.7375 0.170833333333333 0.202777777777778
0 0.2481977028347996 0.20199304876724233 0.16037390029325513 0.1683501683501683
0 0.3826063049853372 0.35133594004561747 0.09011485826001957 0.22265667426957747
0 0.26079850928641257 0.33572281959378736 0.10462487781036169 0.10182469859889214
0 0.318838587487781 0.3968176387531226 0.10767961876832842 0.10182469859889218
0 0.3318212365591398 0.46130661453242106 0.12600806451612903 0.16291951775822744
0 0.3994073802541544 0.5067883132399262 0.06109481915933527 0.07195612034321715
0 0.3170143758765779 0.6123318269180823 0.06428237494156148 0.08830710092982176
0 0.5624561711079944 0.28118019843125036 0.08765778401122018 0.18700327255726973
0 0.5474812996727443 0.43117240662822715 0.09131019167835434 0.1233702145343099
0 0.6555925666199158 0.5097397537790245 0.08692730247779334 0.09090436860422835
0 0.18578112076095946 0.4336572925282603 0.049757030603804805 0.08845694329565298
0 0.2033899400330852 0.5129239040529363 0.07398935070306037 0.05399319915448946
0 0.27091733870967744 0.7981113868210642 0.08109749793217534 0.09937046227368819
0 0.7817346464019851 0.5763946328462458 0.06688120347394552 0.07639463284624573
0 0.9144265232974911 0.5077658303464755 0.10080645161290322 0.07367582636399843
0 0.8951052867383513 0.4659498207885305 0.09240591397849462 0.07168458781362007
0 0.9541890681003585 0.3624054161688571 0.08848566308243733 0.10354440461967346
0 0.6184475806451613 0.3235762644364795 0.03976254480286736 0.08960573476702513
0 0.9093862007168457 0.795499800876145 0.09632616487455192 0.1971326164874552
0 0.5618839605734767 0.6576065312624453 0.14168906810035845 0.14237355635205093
0 0.45029908941199265 0.6035605497971088 0.034207594691465636 0.10494365333075008
0 0.4622566114501597 0.5166456779360005 0.06054441538312502 0.07749685169040012
0 0.5144761697181052 0.5026531908252339 0.05842536084471569 0.06458070974200007
0 0.36170590779878875 0.6337219681676486 0.04866518353726365 0.03295843117867592
0 0.390190489432703 0.9516335022452931 0.14734736126560377 0.09269558769002584
0 0.36064377085650723 0.9112937557505596 0.1670451736497343 0.10745821832214122
0 0.4134609442590533 0.8457202103846523 0.05716227907551606 0.04428789189634562
0 0.20581317204301075 0.7880184331797233 0.058323732718894 0.14166239972691583
0 0.13656874039938555 0.8247141150366956 0.05616359447004607 0.08021846731524147
0 0.13488863287250383 0.6629970984809693 0.08688556067588325 0.052056664959890746
0 0.08376536098310292 0.6847584912101041 0.019681259600614443 0.05291005291005283
