0 0.6828125 0.06712962962963 0.116666666666667 0.134259259259259
0 0.8063985568760611 0.10620637615544237 0.06455149971703462 0.04716091303527634
0 0.6892331635540464 0.6296925108470101 0.13971420486700625 0.125762434760737
0 0.657399547255235 0.44890901087845064 0.044213355970571584 0.17606740866503173
0 0.3964203076085477 0.5527577393645177 0.058697427521437286 0.09678931687914943
0 0.3472931128351708 0.410976513467326 0.05912277119912889 0.19735946644889069
0 0.4117326800054444 0.41248884654356277 0.04083299305839117 0.2079457979825477
0 0.3349581461821151 0.19357863375829895 0.036154212603783875 0.12098664609893683
0 0.5025435551925955 0.25520620661494486 0.1671600653327889 0.11418114725587161
0 0.2686045324622295 0.09036190130514345 0.047213148223764795 0.12325514571329188
