0 0.528645833333333 0.92962962962963 0.028125 0.159259259259259
0 0.540104166666667 0.810648148148148 0.070833333333333 0.084259259259259
0 0.471354166666667 0.945833333333333 0.066666666666667 0.136111111111111
0 0.7467105263157895 0.8757152738477018 0.04421335597057151 0.09589385650506198
0 0.7621914281387249 0.9564423578508084 0.08282220202938048 0.08581957695996772
0 0.7184139784946236 0.8727262018947616 0.037861578070574095 0.051323472495666926
0 0.6699038315917009 0.8857674121190704 0.04401408450704216 0.06226126171605488
0 0.6363016810540664 0.8975465697410266 0.035495229441163095 0.06899220892860146
0 0.5357318643041042 0.7633483096908812 0.034075420263516565 0.06983357733016987
0 0.5920509616840831 0.4112356336345432 0.035021959715280944 0.04038568327527891
0 0.6173708920187795 0.9004913591465159 0.04022792669998486 0.06478536692075997
0 0.5877915341511435 0.9669594628704123 0.05679236710586099 0.06310263011762328
0 0.4957405724670605 0.9190014639810187 0.03738830834469186 0.09170915577094577
0 0.46829092836589437 0.8895535699261278 0.02981599273057703 0.05468894610194015
0 0.45764235953354543 0.8075201507732175 0.03691503861880963 0.043751156881552206
