0 0.565104166666667 0.120833333333333 0.127083333333333 0.150925925925926
0 0.538907753254103 0.4410488587059046 0.25997453310696095 0.24838080865245557
0 0.6065541878890776 0.5864616738980067 0.08754244482173178 0.1304785260642646
0 0.9571661007357103 0.49606992391372706 0.07250990379173752 0.13205055649877376
0 0.4151103565365026 0.3836697478463183 0.09550084889643459 0.12419040432622785
0 0.8342529711375213 0.3569452304596617 0.060130164119977465 0.19021568257561464
0 0.8457484436898698 0.6265484499779916 0.21045557441992074 0.2735332956046029
0 0.9041100735710244 0.6815695151858141 0.10611205432937178 0.11004213041564492
0 0.7391942558007923 0.8772873042822109 0.16712648556876064 0.16506319562346725
0 0.902403916012787 0.9073753774586242 0.19452012496367327 0.16732913975369743
0 0.5976278698052891 0.7962640059414252 0.08264312699796567 0.10010010010010005
0 0.49001017146178427 0.7623591333268752 0.1580209241499564 0.19697116471310036
0 0.3705929487179487 0.7162599944858009 0.03037117452440036 0.09994485800937418
