0 0.481510416666667 0.20462962962963 0.1546875 0.183333333333333
0 0.6403549067646659 0.11266881417963491 0.07103239417449297 0.042345326134627895
0 0.704156458418402 0.17164980415286663 0.08549407921600657 0.06049332304946842
0 0.587186947053219 0.45974925517595994 0.11867088607594935 0.16030730608109126
0 0.5061589764529739 0.4295025936512258 0.09612767115829593 0.0650303222781785
0 0.5019055396760582 0.36522843791116555 0.08591942289369814 0.07259198765936208
0 0.4740455287872601 0.4593711719069008 0.030199401116101813 0.1323291441707122
0 0.4283210834354158 0.47033558670961695 0.09442629644752959 0.15274564069990773
0 0.3547591256366724 0.32698233037791613 0.08179470854555744 0.11004213041564488
0 0.8236909770920989 0.17557529478988104 0.053763440860215055 0.03428393330216611
0 0.7700736325385694 0.14518726299932466 0.023083216456287973 0.03584229390681002
