0 0.590364583333333 0.301388888888889 0.134895833333333 0.160185185185185
0 0.4697230622759857 0.42313819195539626 0.10570676523297497 0.308641975308642
0 0.4021687387992833 0.2831292313819196 0.04550291218637995 0.10329549980087618
0 0.4558971774193549 0.2442378534448427 0.04935315860215054 0.10267323775388291
0 0.6596102150537635 0.2843488649940263 0.08086917562724016 0.0868180007964954
0 0.8521505376344086 0.44663480684986057 0.03763440860215054 0.06810035842293907
0 0.8481182795698925 0.5752688172043011 0.060931899641576956 0.056152927120669056
0 0.23790322580645162 0.3788714272585241 0.1191583953680728 0.11625769690285821
0 0.0576147642679901 0.3843856263211102 0.11011166253101737 0.1052292987776859
0 0.08837365591397853 0.3967925742119291 0.08012820512820515 0.16680452164323128
