0 0.638802083333333 0.758333333333333 0.091145833333333 0.107407407407407
0 0.8417692416525185 0.6744953782305225 0.09461658177702327 0.13047852606426447
0 0.946554895302773 0.7137961390932529 0.10080645161290322 0.1336225869332829
0 0.5517296264855688 0.5393007608627303 0.08400537634408602 0.18392756083757777
0 0.7374257215619694 0.5133622586933283 0.07693123938879468 0.09432182607055269
0 0.4836410582908885 0.3168584543796768 0.05394029428409729 0.06602527824938692
0 0.5216645444255801 0.432402691316104 0.06101443123938879 0.048732943469785565
0 0.4473861063950199 0.506288121738037 0.048634691567628736 0.05187700433880402
0 0.36603353140916817 0.5314406086901843 0.06101443123938875 0.06130918694585935
0 0.04637096774193554 0.4968559391309815 0.07958404074702886 0.0675973086838961
0 0.3275679117147708 0.9134440042759229 0.1096491228070175 0.16820725649248583
0 0.21783004638612666 0.9340218826636485 0.10770310352494142 0.13076149154247624
0 0.14452461799660446 0.637552663019556 0.0689728353140917 0.09746588693957113
0 0.2559422750424449 0.669779286926995 0.14855687606112056 0.18392756083757777
0 0.34613752122241087 0.7082940325724706 0.04951895868704018 0.08174558259447905
0 0.668010752688172 0.6980758347481607 0.040676287492925914 0.14934289127837516
0 0.856359649122807 0.7507388543042193 0.08312110922467462 0.07545746085644216
