0 0.706770833333333 0.616666666666667 0.061458333333333 0.072222222222222
0 0.2765600588181233 0.7277159983253172 0.0522700119474313 0.05973715651135006
0 0.059153785842293916 0.7215252887295898 0.08890568996415772 0.046047391477499096
0 0.14242290816957115 0.6143245581510319 0.024911939191694467 0.04772106181079117
0 0.6055060530866982 0.5760291082871728 0.028667568990149602 0.019216148248406343
0 0.6610788405143244 0.5916944465331562 0.024202947590044373 0.024646798840347206
0 0.7085448153996541 0.6370194918582014 0.029372509211218926 0.018380663541953834
0 0.6763525453041581 0.6152968894904378 0.024672907737423873 0.022558087074216106
0 0.7493138581848258 0.6819267948300206 0.01879840589518007 0.017962921188727613
0 0.7710495150011278 0.6929969671905156 0.02420294759004445 0.03258390355164546
0 0.7372123843898037 0.7107510172026301 0.011983983758177198 0.022975829427442394
0 0.5000876577840112 0.5378941353695911 0.02074567554932208 0.025453223209183917
