0 0.4109375 0.538425925925926 0.086458333333333 0.102777777777778
0 0.28503893214682985 0.4167868276136723 0.06952169076751949 0.11672777709114383
0 0.3443254851069089 0.499182905560362 0.04750648869113829 0.04119803897334486
0 0.45768446421950315 0.3992776610500007 0.04866518353726369 0.05287081668245923
0 0.3700098875293536 0.4645078894244634 0.049437646768013876 0.06797676430601901
0 0.4202873635075435 0.5054504366832449 0.04871009419021422 0.053254054254304295
0 0.06317204301075267 0.33414154192142803 0.10594560404807082 0.10893246187363835
0 0.2402751423149905 0.4855928034296155 0.07748260594560406 0.06746784735399533
0 0.12792397660818713 0.44174055209708857 0.04244482173174871 0.04087279129723952
0 0.5809571812596005 0.49957330602491895 0.049203149001536065 0.06400409626216076
0 0.616959485407066 0.46287762416794676 0.04440284178187403 0.05461682881037721
