0 0.39140625 0.113425925925926 0.075520833333333 0.089814814814815
0 0.4397246941045606 0.461074719510018 0.16414843653442096 0.10230846345047304
0 0.22671795822518848 0.4322360922286766 0.18384624891855145 0.15586591411582137
0 0.2214687194525904 0.17687628977951564 0.08247800586510262 0.08417508417508415
0 0.30318304007820135 0.10582527786828867 0.022910557184750754 0.034394120415625805
0 0.3556227598566308 0.03432171174106664 0.08298712935809711 0.06154737337533036
0 0.5238880742913 0.0750515911806235 0.10487943955685887 0.07059845769523189
0 0.6140029325513197 0.09134354295644626 0.06720430107526881 0.06697802396727127
0 0.6124755620723362 0.15379602476376675 0.05600358422939071 0.05430650591940913
0 0.24056085043988268 0.0999420730603527 0.022910557184750754 0.04254009630353717
0 0.8235072499185403 0.0732413743166432 0.1369542196155099 0.13938669852648347
0 0.7288102802215706 0.04880344665290908 0.08095063538611928 0.08145975887911372
0 0.8249089831512997 0.18579196417652094 0.06244179155024978 0.04045193275571733
0 0.7162973075946151 0.1401659469985607 0.023547963762594187 0.06302975568914103
0 0.7271452459571586 0.211897571943292 0.072760562187791 0.050329730289090206
0 0.9427810938955211 0.2591698887101478 0.04153966641266619 0.0442149032446213
0 0.9681811446956228 0.31467370342148093 0.061648039962746634 0.046096388489073284
0 0.9177587365591398 0.4507168458781362 0.1117271505376344 0.1508363201911589
