0 0.745052083333333 0.709259259259259 0.119270833333333 0.140740740740741
0 0.05065751235106072 0.8937512781598802 0.10131502470212143 0.1634483946311903
0 0.2311827956989247 0.4773967515903 0.09626562045916884 0.06942426297265009
0 0.11130485324033706 0.525025025025025 0.041775646614356295 0.09364202912590017
0 0.26905721966205837 0.7820447175285884 0.15216973886328727 0.12374125277351082
0 0.2882135676195472 0.8499188934541675 0.11419267418480637 0.08547755728453336
0 0.3418950520150363 0.9217977484434342 0.06037459568144067 0.15055706112616693
0 0.33875338753387535 0.7622558304436091 0.043710114520500054 0.05488047712018346
0 0.3988410782765622 0.6714832359993651 0.03219227009549591 0.07143394240168437
0 0.4065557492976848 0.7278784160504591 0.06720430107526881 0.05650812102425005
0 0.34585997287610193 0.6740611579321256 0.04873825438341568 0.02637045647798333
0 0.4437905647583067 0.730300192665784 0.06659885692143759 0.11409258721086686
0 0.3499467209144628 0.514492987611267 0.05630630630630632 0.11516893237323342
0 0.26140051341664244 0.4012076592721754 0.1062554489973845 0.07695867910921673
0 0.32739392618424873 0.5758446618661671 0.08869756853627819 0.10978720656140002
0 0.3791594013368207 0.5796118699344506 0.02452048823016563 0.055969948443066735
0 0.42063232587426136 0.6086731893183505 0.06569069069069071 0.06350436457963338
0 0.43198440375859726 0.4819335464496754 0.05751719461396874 0.061889846836083375
0 0.436222512835416 0.5502814642599588 0.05872808292163134 0.05973715651135006
0 0.4789063256805192 0.519336540841917 0.07265329845975009 0.07319147104093342
0 0.5445970163712099 0.47870451096257544 0.08415673738254385 0.06296619199845006
0 0.5329422164099583 0.5440924795763505 0.06387435822919696 0.08395492266460007
0 0.503275452872227 0.5868771997804255 0.08143223869030321 0.07265329845975003
0 0.5119030320643223 0.6275092296597672 0.0690206335367625 0.04843553230650002
0 0.5526191514094739 0.6105567933524922 0.03541848299912816 0.057584466186616744
0 0.6331432238690302 0.681057401487509 0.033602150537634407 0.06404253716081669
0 0.6027196551390099 0.7679722733486174 0.0756805192289063 0.07642050652803349
0 0.5182601956795505 0.693166284564134 0.04661919984500627 0.08826030331406677
0 0.505697229487552 0.7294929337940089 0.06992879976750944 0.08664578557051678
0 0.5441429332558364 0.7082351168372674 0.02452048823016563 0.051664567793600166
0 0.1681227598566308 0.7244125846276385 0.04592293906810035 0.11469534050179211
0 0.11850358422939068 0.6816009557945042 0.0882616487455197 0.06969334926324165
0 0.13552867383512546 0.6065312624452409 0.11424731182795698 0.0900039824771008
0 0.1896281362007168 0.5866188769414575 0.07818100358422937 0.0955794504181601
0 0.04077060931899641 0.7646356033452808 0.08154121863799282 0.04460374352847462
0 0.03349014336917562 0.8215850258861013 0.06518817204301075 0.04141776184786933
0 0.10136648745519712 0.8283552369573876 0.11402329749103943 0.10513739545997611
0 0.25529909776294646 0.588102006344498 0.09810283030527749 0.10917480327936387
0 0.08319242108914325 0.5266569031744197 0.08508931668400972 0.0610218265438522
0 0.025382269626546418 0.35639224279529524 0.050764539253092836 0.07974130416031207
