0 0.5546875 0.527777777777778 0.042708333333333 0.055555555555556
0 0.148177083333333 0.596759259259259 0.0578125 0.069444444444445
0 0.4533303464755077 0.5773519590723892 0.05140841834390218 0.03574017910935473
0 0.37004296480102933 0.6240694789081885 0.05198281407958828 0.0372719010711842
0 0.15019299696719046 0.6129440717254336 0.028432588916459875 0.015317219618294884
0 0.09194473466544774 0.6033912324234905 0.036459013538809794 0.02273397859136404
0 0.094529515476035 0.6280600177034812 0.03101736972704713 0.018380663541953834
0 0.0656207827260459 0.6223765230556404 0.033602150537634407 0.014752901000778819
0 0.044194310217230436 0.6400316340893591 0.019589917722345567 0.01958991772234546
0 0.02011503635018068 0.6262461364328937 0.031017369727047148 0.01958991772234546
0 0.011068303513125263 0.6423292170321033 0.021086369770580295 0.011608840131760372
0 0.014945474729006156 0.6553891621803337 0.02748030124940142 0.014511050164700466
0 0.7096584885658034 0.4551803052484561 0.028869453278812723 0.027765157251754213
0 0.671678593063759 0.5065037777441231 0.020587233075874584 0.023558315243912647
0 0.8081208027638678 0.4156778765489607 0.02474671014323975 0.034720874362192615
0 0.8989060849027286 0.5248582537413415 0.07225433526011552 0.04834220758143935
