0 0.584375 0.337037037037037 0.078125 0.092592592592593
0 0.6016907187323146 0.525938502169402 0.06543576683644595 0.10375400867760803
0 0.8917303338992643 0.45676916305099674 0.18569609507640064 0.1729233477960133
0 0.8634603140916808 0.5006798411743434 0.2724073288058857 0.3865071388034439
0 0.7611167114695341 0.330421146953405 0.01995127688172043 0.03111310234966151
0 0.7097734254992321 0.7406554019457245 0.3273809523809524 0.24406895374637302
0 0.34268084066471166 0.41917834256543934 0.06224034701857283 0.08213859020310633
0 0.1309763824884793 0.7069465779143198 0.26041666666666663 0.5013654207202594
0 0.25766882725354234 0.3492111345593408 0.024809064415636625 0.021773356111613563
0 0.09122826851572705 0.3458613874652463 0.02292483167520852 0.02288993847631176
0 0.15397441132435008 0.35651739939204213 0.013185654008438824 0.02949049498661586
0 0.19448839662447254 0.36464618967681445 0.011696951136518308 0.023063079412609853
0 0.24180788076766027 0.3737201881342347 0.015312372396896689 0.030624744793793367
