0 0.616927083333333 0.338888888888889 0.1109375 0.131481481481481
0 0.6703442353643966 0.19799548652595245 0.13347520908004784 0.09458383114297095
0 0.812686678614098 0.2560732775786539 0.0709378733572281 0.09126510022567373
0 0.7418525155980352 0.3783131996991017 0.08006438337979556 0.063424635308347
0 0.635653126244524 0.4133442482705725 0.159713925394929 0.1452866646016785
0 0.684189565909996 0.5401935188872664 0.09499867250763312 0.08481201233092908
0 0.8309811827956989 0.6396853843090403 0.17025089605734778 0.19414575866188777
0 0.9463485663082436 0.6461569095977698 0.1030465949820788 0.09159697331740352
0 0.3644095291064145 0.4318927752372321 0.0621832900753924 0.09475548963869321
0 0.34818780126066 0.5046759774234746 0.128615127919911 0.09612875760447133
0 0.3300349153380299 0.6529889177275162 0.11780064268940797 0.076903006083577
0 0.2943084909158324 0.6856040319147476 0.1019651464590285 0.0569906205797937
0 0.2663850486431131 0.8665443477271434 0.15761008704557095 0.0960061443932412
0 0.057764441110277585 0.6671617750116542 0.11552888222055517 0.052308601841818604
0 0.22930295510940665 0.1971367939109874 0.02866756899014964 0.03425487296455041
0 0.23118279569892466 0.31452239516755637 0.020678246484698102 0.039267781203265094
0 0.021318697729988026 0.2359588823668611 0.04263739545997605 0.05767377163668256
