0 0.240104166666667 0.974074074074074 0.15 0.177777777777778
0 0.3261222051544633 0.4378354288748554 0.09227257211128174 0.16072139728053705
0 0.5201170769666101 0.9058825378859335 0.10036431805319745 0.08253159781173362
0 0.6242746202423622 0.5061064648878268 0.049603174603174635 0.040298875424323456
0 0.08526153150437141 0.7065174912627429 0.036114460858205195 0.038522091582085596
0 0.131222191323693 0.6489995742869307 0.028001792114695355 0.033988382153009505
0 0.20093699789890004 0.7102816572597811 0.023753244345569167 0.02677872533267414
0 0.1737076690149549 0.7521663302160151 0.021822086268693617 0.014419313640670587
0 0.12678052774687926 0.9566115986212389 0.03147787665307129 0.042914623930567504
0 0.07618418613274008 0.91283868221206 0.01989092819181807 0.039824771007566755
