0 0.3 0.352314814814815 0.0625 0.073148148148148
0 0.3091918813036592 0.3074842784770267 0.0536592481453697 0.04260324340344348
0 0.3091918813036592 0.3852815055615756 0.035946486621655414 0.030563196354644193
0 0.34683149954155207 0.3801876395024682 0.034644077686088216 0.022227779167013947
0 0.3582926981745436 0.3966269345114056 0.04558431274485287 0.040287849740212836
0 0.42302242227223463 0.37671454900762225 0.026569142285571386 0.02732164522612138
0 0.6258400537634408 0.4818655060590545 0.014640937019969234 0.02090800477897252
0 0.6818836405529953 0.4731182795698925 0.01776113671274955 0.021334698754053565
0 0.7304867511520736 0.49274620242362177 0.015120967741935484 0.024748250554702176
0 0.6500816052227342 0.5258149854924049 0.012720814132104465 0.012374125277351123
