0 0.300520833333333 0.95462962962963 0.272916666666667 0.324074074074074
0 0.5698571024335032 0.3750235804565177 0.13087153367289195 0.28296547821165824
0 0.2041143966547192 0.12249435815744056 0.16241039426523302 0.16925527678215851
0 0.19664725209080047 0.24694676755608652 0.18294504181600957 0.10951812027080847
0 0.15884483273596176 0.3017058276914908 0.21001344086021506 0.16925527678215851
0 0.3389896953405018 0.4669454400637197 0.14952956989247307 0.14336917562724014
0 0.24070340501792112 0.561031461569096 0.06944444444444443 0.22799681401831937
0 0.41123431899641577 0.5197132616487455 0.06664426523297497 0.3922739944245321
0 0.32778897849462363 0.7183393070489845 0.16745071684587806 0.14834727200318593
0 0.6220878136200717 0.6750298685782556 0.21953405017921152 0.14735165272799686
0 0.6344086021505376 0.8701712465153326 0.1881720430107527 0.10553564317005168
0 0.5795250896057347 0.055754679410593394 0.06720430107526881 0.07168458781362007
0 0.3949932795698925 0.22899243329350857 0.0655241935483871 0.07566706491437675
0 0.32106854838709675 0.17373556352050978 0.09464605734767023 0.12246117084826764
0 0.5011200716845878 0.7312823576264437 0.12208781362007173 0.1204699322978892
0 0.5907258064516129 0.8094384707287933 0.17137096774193547 0.1095181202708084
0 0.811466087675765 0.7016129032258065 0.2080748552522747 0.25503170664460983
0 0.7314690362405416 0.5011062436390991 0.05538132218239744 0.12721801849639364
