0 0.401822916666667 0.539814814814815 0.083854166666667 0.1
0 0.16132569326542168 0.29799408916556624 0.06189869835880021 0.12576243476073698
0 0.2721001730317637 0.48407695793680217 0.08921950315164998 0.06729013032312994
0 0.3528225806451613 0.507422513355031 0.03282968730688422 0.07140993422046442
0 0.3493464961067853 0.3982477100756671 0.0938542825361513 0.13320699268048172
0 0.47487177110369544 0.3924113212211099 0.05445865776789025 0.03639160109312133
0 0.5009424051415152 0.4988395885689175 0.09269558769002602 0.04600447685356846
0 0.48298263502657274 0.4504318927752372 0.030512297614633505 0.05218418269957017
0 0.621749595895706 0.4939052482801165 0.05798018131983975 0.05778496185411643
0 0.5745308876238667 0.45700876925840034 0.034261016234450783 0.03865345421322647
0 0.1296126588465298 0.4398826979472141 0.05154875366568916 0.05023351797545341
0 0.027402011793270883 0.40557675261109183 0.05202913631633716 0.05973715651135006
