0 0.3859375 0.858796296296296 0.223958333333333 0.265740740740741
0 0.22145585738539902 0.24533106960950768 0.16624221844934917 0.1273344651952462
0 0.6627051499717035 0.3207885304659499 0.1963073005093378 0.13676664780230155
0 0.39786714770797965 0.48034961956863487 0.1795062252405206 0.11947431302270012
0 0.27185908319185065 0.5047160913035277 0.18746462931522348 0.2782493869081306
0 0.5950587153367289 0.5833176130289883 0.2148769100169779 0.14934289127837516
0 0.6162811262026033 0.7743193108218576 0.21133984153933222 0.2200842608312897
0 0.3205866760761211 0.9355939130981576 0.16605641581606564 0.1276174306734578
0 0.19448571024335035 0.8914355781927938 0.12998726655348047 0.15877507388543036
0 0.9518604980192417 0.621832358674464 0.09373231465761188 0.1320505564987739
