0 0.374739583333333 0.443055555555556 0.091145833333333 0.108333333333333
0 0.5738363044708545 0.20681632396403193 0.12645019807583474 0.10375400867760796
0 0.7648380022637238 0.22175061309186947 0.13706140350877183 0.09903791737408035
0 0.7935766836445953 0.7326605043073634 0.17331635540464074 0.1273344651952463
0 0.9531868986983588 0.7098660630069797 0.07693123938879452 0.0534490347733133
0 0.780380978865406 0.6318337247147036 0.06025213199851682 0.05870720553701641
0 0.6497381349647757 0.5556173526140156 0.06314886911383018 0.10196514645902857
0 0.776035873192436 0.6797264450212169 0.05040322580645161 0.05561735261401559
0 0.28268174380551664 0.8545270375564904 0.13586956521739132 0.12077294685990338
0 0.5266198854908533 0.3149699762602989 0.0497486384583159 0.058961349283929994
0 0.5218195782711912 0.3700522894071281 0.10386119257087004 0.2001582646743937
0 0.6269899455383325 0.41233378330152526 0.08640552995391704 0.07215007215007213
0 0.44174172601591943 0.5484879517137582 0.05804007820136853 0.07913233719685332
0 0.3976661779081133 0.565167807103291 0.07549574081832146 0.1978308429921333
0 0.34857212679793326 0.5969759034275164 0.09949727691663175 0.07059845769523193
0 0.07042705278592377 0.5790431193657 0.098897238514174 0.08010209623112843
0 0.024415017106549385 0.24743401759530792 0.04582111436950147 0.0658466384272836
0 0.25612593052109184 0.22585240327175812 0.022746071133167883 0.038139876849554284
0 0.2304073614557486 0.31683668780442975 0.02197063688999172 0.033544710964065826
