0 0.498697916666667 0.732407407407407 0.140104166666667 0.166666666666667
0 0.4336799660441426 0.2657674652581274 0.030065082059988733 0.05187700433880402
0 0.38239247311827956 0.24218700874048918 0.017685342388228605 0.048732943469785565
0 0.9125106112054329 0.34122492611456956 0.06278296547821166 0.042444821731748676
0 0.8344214029697902 0.34354554247027363 0.08160522273425508 0.046936337258917826
0 0.7948188684075781 0.2382943619502759 0.04080261136712739 0.032713204756215544
0 0.7651419690860215 0.2991524790919952 0.048828125 0.04013590203106332
0 0.6947874663978495 0.4162933094384707 0.06877940188172044 0.11200716845878136
0 0.7990066364247311 0.45596251493428913 0.10815692204301075 0.12414127837514935
0 0.6069879793061473 0.39336354004643714 0.021556096571312657 0.03155925249656233
0 0.6394806248731995 0.27642523838506794 0.023141103672144475 0.024232997452717456
0 0.6516851795496044 0.5007213543427785 0.026628119293974427 0.021978765131534482
0 0.5458067052140394 0.5193187709925384 0.030432136335970774 0.02536011361330901
0 0.5044380198823291 0.44408376727305515 0.10239145871373505 0.11834719686210857
0 0.5578527591803611 0.584691508306846 0.04628220734428895 0.03212281057685807
0 0.5875218804701176 0.8118835264371649 0.1250312578144536 0.17226528854435827
0 0.46327206801700427 0.8806507182351143 0.0875218804701175 0.10697118724125461
0 0.4452988247061766 0.370106415492762 0.04219804951237805 0.05279097552165821
0 0.42175163546131283 0.35922082696276236 0.018798405895180146 0.0183806635419539
0 0.4011908790134596 0.5292419647258357 0.0354819911271524 0.019216148248406343
0 0.8345580846146115 0.486550765417211 0.03423022811777707 0.027356267935104196
0 0.8970518038388101 0.5256311481816456 0.20004270927544957 0.08653513326410522
0 0.9741483268013265 0.5309349144139617 0.045849663350416923 0.02568139438805697
0 0.9130677821324489 0.4335131030940497 0.03862677117877598 0.03182259739389677
0 0.9355215556225505 0.4759432329525787 0.020098482564566273 0.03182259739389677
0 0.237273185483871 0.793384109916368 0.07140456989247312 0.03658900836320191
0 0.09698420698924735 0.7881571087216248 0.08904569892473119 0.05451015531660693
0 0.11546538978494628 0.7971176821983273 0.04536290322580645 0.029121863799283155
0 0.156207997311828 0.8605884109916367 0.08400537634408602 0.03957586618876942
0 0.28515625000000006 0.7455943847072879 0.015120967741935484 0.017174432497013142
0 0.2684222924287773 0.7980699355824066 0.08798913645937259 0.05788961558831853
0 0.23100958873739055 0.9329404229637022 0.06928278461367918 0.03448743056325359
0 0.10682333669354839 0.9755824372759857 0.08709257392473119 0.047640382317801676
0 0.1656706892550476 0.529438814539766 0.014746267502127307 0.026645350386357562
0 0.2736085325288157 0.6444006085454217 0.026108145741471325 0.04770377246589823
0 0.47033354962303797 0.539996429503289 0.01989092819181811 0.013046045674892542
