0 0.319791666666667 0.124074074074074 0.089583333333333 0.105555555555556
0 0.476302083333333 0.105092592592593 0.078645833333333 0.102777777777778
0 0.963798104131296 0.19974218700874047 0.06632003395585727 0.1179022825881909
0 0.870976584606678 0.8631756216602402 0.2573747877758913 0.22487353471204172
0 0.31779115553536275 0.1748111127938479 0.022243677116462236 0.04879936729096203
0 0.39020142359533555 0.10035000925505239 0.061051794638800595 0.07824726134585289
0 0.5149079963652886 0.062067746983694265 0.053006209298803605 0.06226126171605498
0 0.5056792367105861 0.19247984922678243 0.013724822050583056 0.04206842007841556
0 0.5986767378464335 0.09488111464485838 0.04638043313645316 0.05216484089723526
0 0.6280194608511284 0.16555606037659648 0.035021959715280944 0.057213051306645155
0 0.6370115856428896 0.09782590405034747 0.017984249583522665 0.0395443148737106
0 0.6938039527487506 0.14914937654601443 0.017037710131758206 0.03617884126743736
0 0.7255130243828563 0.2602100055530315 0.015144631228229516 0.04290978847998386
0 0.5551359230652735 0.16134921836875493 0.016091170679993973 0.026923788850185974
0 0.17699341208541575 0.09025358843623268 0.031235801908223546 0.03281336766116412
0 0.32867635923065275 0.04986790516095376 0.06483795244585798 0.09675736618035573
0 0.24027687401977016 0.024723610480084805 0.06882801731108355 0.04944722096016961
