0 0.276041666666667 0.861111111111111 0.179166666666667 0.212962962962963
0 0.40140421618562533 0.4198264478400302 0.09284804753820032 0.1619191347544488
0 0.37531833616298815 0.46698736087530657 0.09550084889643463 0.042444821731748676
0 0.15120021202483722 0.5088343682164672 0.086608359836438 0.06226126171605501
0 0.2136718158412843 0.5180894206337187 0.01940405876116916 0.031971999259595776
0 0.1923746781765864 0.6480808386760226 0.11216492503407542 0.06646810372389651
0 0.10529304861426626 0.6888872061520858 0.02508329547175527 0.06226126171605488
0 0.10576631834014844 0.7461002574587309 0.10648568832348933 0.16154273310111564
0 0.016318340148417394 0.7944789405489087 0.02886945327881266 0.09002641896780923
0 0.008746024534302599 0.7343210998367745 0.016564440405876117 0.05216484089723534
0 0.05465313416422288 0.9734169653524493 0.09633889296187682 0.05197132616487455
0 0.28349775550683787 0.9102666713064457 0.07568639732748723 0.04813770864506838
0 0.427530274558931 0.8345802739789586 0.10994101680759993 0.08815580378373997
0 0.40714062010648294 0.9395552771688068 0.10961478233636085 0.09511547250350876
0 0.49061758134338773 0.5616766745799004 0.12349881301494205 0.0744774938323326
0 0.5421117860633989 0.7164502164502164 0.126117162407485 0.08456298778879433
0 0.6200076804915514 0.8157535415599931 0.11695293953358471 0.06749522878555139
0 0.668010752688172 0.8421309872922775 0.10647954196341307 0.06128877096619033
0 0.7643806276772446 0.8394770327631591 0.05955503103418139 0.0869345611018834
0 0.6410361482647084 0.6116987693174423 0.025406504065040615 0.05196646948548339
0 0.6882977095899991 0.5490476051713922 0.17183538770871576 0.1355013550135501
0 0.7615121514118368 0.4990238074423755 0.08332240580470322 0.11316062981418348
0 0.7794538562698227 0.7200390225454045 0.06261120136149145 0.04426566273862622
0 0.7943209948170497 0.6667483217726894 0.036744797710218914 0.04340613530680832
