0 0.2125 0.656944444444444 0.113541666666667 0.134259259259259
0 0.28830645161290325 0.23795300677021108 0.08960573476702512 0.06371963361210674
0 0.367551523297491 0.27678215850258864 0.05544354838709674 0.04181600955794504
0 0.20150089605734767 0.4848665870171247 0.07728494623655915 0.06172839506172842
0 0.14717741935483872 0.489346873755476 0.09296594982078857 0.06471525288729592
0 0.2757056451612903 0.5152329749103942 0.08680555555555552 0.048785344484269196
0 0.4344758064516129 0.4241338112305854 0.05040322580645161 0.1473516527279968
0 0.3084677419354839 0.6212664277180406 0.09408602150537634 0.0816407805655118
0 0.3504704301075269 0.6939466348068499 0.08400537634408602 0.05973715651135006
0 0.512040770609319 0.7546794105933892 0.08120519713261644 0.0876144962166468
0 0.4064740143369175 0.8004778972520908 0.04704301075268817 0.08562325766626837
0 0.6078068996415771 0.5411190760653126 0.10024641577060937 0.07268020708880929
0 0.5095206093189963 0.3230784547988849 0.051523297491039476 0.03882915173237754
0 0.5980062724014337 0.3768418956591 0.0515232974910394 0.03882915173237754
0 0.5996863799283154 0.43060533651931504 0.06160394265232973 0.046794105933890835
0 0.5392025089605734 0.4475308641975309 0.054883512544802844 0.06272401433691756
0 0.4871191756272401 0.4559936280366388 0.03136200716845876 0.039824771007566755
0 0.3731518817204301 0.4783950617283951 0.04872311827956989 0.07268020708880929
0 0.4316756272401433 0.46047391477499006 0.06608422939068102 0.058741537236160844
0 0.4005936379928315 0.4783950617283951 0.04200268817204301 0.05475906013540427
0 0.3683915770609319 0.531162883313421 0.060483870967741896 0.06272401433691756
0 0.47917613206118437 0.600122839786629 0.06294487354232921 0.07488178773957964
0 0.5101752991064669 0.5201928416376395 0.07477661668938357 0.0479579988893937
0 0.5861350901105559 0.6270466286368148 0.049693321217628386 0.051323472495666926
0 0.5234268514311676 0.6005435239874132 0.035021959715280944 0.09086778736937756
0 0.8147764700184054 0.8524653685944009 0.06992879976750938 0.051664567793600034
0 0.7931318415189382 0.6108258796430839 0.07749685169040005 0.0667334000667334
0 0.7239702396071458 0.7615264489788239 0.07223139446278892 0.06679272617804498
0 0.679058844381425 0.4559061010673914 0.05981921304501946 0.04529520658552913
0 0.6737046555594942 0.4972625940367876 0.04763381779510808 0.033479065737130276
0 0.667981212336051 0.5622513687029815 0.040617984166371246 0.04660811112424017
0 0.587114498404821 0.6718788976853493 0.059080704241994506 0.03479197027584118
0 0.5878530072078458 0.7417910643717095 0.0457875457875458 0.0380742316226187
0 0.9567278972520907 0.5534315677684853 0.08325866188769401 0.08363201911589008
0 0.8643219832735961 0.4950219036240542 0.05525686977299877 0.039824771007566685
0 0.9139784946236559 0.5079649542015133 0.058990442054958216 0.051108456126377266
0 0.8490143369175628 0.5504447099429178 0.03285543608124255 0.04579848665870176
0 0.031180373922309403 0.5344053731150505 0.06054441538312505 0.05704629360543336
0 0.6796536030937559 0.8305560795657003 0.02181192227881521 0.06707329853905972
0 0.7213534836961274 0.5592466318928423 0.03906591485269699 0.036425095433749985
