0 0.7453125 0.277314814814815 0.072916666666667 0.086111111111111
0 0.6512096774193549 0.6847135760548325 0.12556593095642332 0.09746588693957113
0 0.5461237066342057 0.3057302585604472 0.036772164739297966 0.030995694416266584
0 0.46402033881111787 0.39956267892969044 0.03106613917630356 0.02817790401478773
0 0.43675821667681075 0.35983183426883975 0.04311219314262524 0.03437704289804105
0 0.3861964901602759 0.39167286580554994 0.049769222966118826 0.039449065620702876
0 0.268949315320283 0.3861420008373414 0.04451566951566954 0.05054682474037314
0 0.11552367258481289 0.4489548313004177 0.04662623989330666 0.028247802691413554
0 0.1324549887471868 0.47118261046743165 0.03881178627990331 0.03287859001787483
0 0.07814453613403351 0.4047308123327128 0.04949153955155456 0.04260324340344341
