0 0.609895833333333 0.188888888888889 0.067708333333333 0.07962962962963
0 0.62578125 0.163425925925926 0.059895833333333 0.071296296296296
0 0.5113706587566432 0.15861245004737776 0.035533308614509956 0.034331699144454046
0 0.5067358793721418 0.17612161661104933 0.029353602768508222 0.028151993298452322
0 0.37850698306760594 0.25336793968607096 0.034760845383759766 0.04669111083645755
0 0.4109504387591151 0.4318927752372321 0.057162279075515986 0.06042379049423918
0 0.5078755040322581 0.8574895459976105 0.18796202956989247 0.12694145758661887
0 0.20109193965157957 0.45705870912172486 0.04740768525464699 0.06390486510516519
0 0.2986208508648901 0.41218637992831536 0.047335203366058926 0.06908732013921356
0 0.25844436652641417 0.6173705262064307 0.029511453950444137 0.0690873201392135
