0 0.6984375 0.518981481481482 0.333333333333333 0.39537037037037
0 0.2873337577815507 0.8018298434257686 0.5402872099603847 0.3725712129786832
0 0.3019241652518393 0.32864868263849595 0.1839275608375778 0.39143557819279384
0 0.27760681946802496 0.0983462239828963 0.19719156762874923 0.11947431302270009
0 0.41447368421052627 0.1405794996382823 0.8289473684210525 0.2542458382377669
0 0.4747983870967742 0.31135634785889454 0.14944114318053198 0.4197321260139597
0 0.47255682591533954 0.6253497270238797 0.11058935619980945 0.08922765149796592
0 0.7234933733433359 0.7188047011752938 0.17504376094023508 0.1972715401072493
0 0.9101422491039427 0.8423789173789172 0.1790434587813619 0.2840210764941948
0 0.08787950664136622 0.6294305057745918 0.12716107948555766 0.3068850001171316
0 0.20216275659824046 0.35919098822324624 0.07898687334171205 0.09309686729041565
0 0.908826164874552 0.37525476140276903 0.18118806662449935 0.22489282451331793
0 0.9605471220746364 0.5866774427811746 0.07774615222433064 0.18623937030009136
