0 0.78828125 0.769444444444444 0.0578125 0.068518518518519
0 0.07769797267025091 0.28219583831142975 0.11690748207885306 0.05662584627638396
0 0.0631720430107527 0.49065362405416174 0.11935763888888888 0.06782656312226203
0 0.026769713261648755 0.6340850258861013 0.04795306899641577 0.0908502588610115
0 0.1611783154121864 0.5522575667064915 0.04165266577060935 0.06533751493428913
0 0.10027441756272402 0.6922665272799682 0.09555611559139784 0.07280465949820789
0 0.023973034274193554 0.8083130394148956 0.04794606854838711 0.07341620228658138
0 0.23604693112252725 0.9377737953006771 0.05278102622354915 0.12325766626841891
0 0.2550403225806452 0.6529271206690561 0.06048387096774194 0.03942652329749104
0 0.23605510752688172 0.5731780167264038 0.04536290322580645 0.03524492234169654
0 0.3084677419354839 0.5235961768219832 0.09879032258064516 0.045997610513739545
0 0.3575268817204301 0.5686977299880526 0.0456989247311828 0.03225806451612903
0 0.4112903225806452 0.34886499402628435 0.07661290322580645 0.04778972520908005
0 0.4789986559139785 0.49611708482676226 0.05880376344086022 0.06391875746714457
0 0.5026881720430108 0.7043010752688172 0.018145161290322582 0.03942652329749104
0 0.5426747311827957 0.7544802867383512 0.03225806451612903 0.056152927120669056
0 0.3372762989698473 0.7243276436824823 0.02232310700052642 0.048458112974241976
0 0.707583746898263 0.6553740465030787 0.025201612903225805 0.02986857825567503
0 0.7786652191894128 0.6849554268909108 0.05557278742762609 0.04537726311919853
0 0.8447386786600496 0.7102288392610975 0.06558881306865176 0.03618693134822168
0 0.7974048800661703 0.8371702968477162 0.09499069478908186 0.0626091351897804
