0 0.11953125 0.469444444444444 0.061979166666667 0.074074074074074
0 0.43500636672325976 0.8466327108092813 0.20072863610639502 0.1320505564987739
0 0.655241935483871 0.5300814347903706 0.03823692992213569 0.059050522528461005
0 0.5789611914472871 0.5953116631648334 0.04016808799901124 0.056303986596904644
0 0.48838987764182423 0.5338579216962606 0.07763255469039675 0.054244084648237476
0 0.0691183476248809 0.44536696762094885 0.028072682727643936 0.031002828062852535
0 0.13791768749149313 0.4134189313854484 0.02913604192187286 0.02684391210320161
0 0.035303525248400705 0.40094218350649546 0.025095276983802914 0.020038413260136365
0 0.3901127720954629 0.4033472234363921 0.01803042223970622 0.018941049625550044
0 0.4242612990646035 0.31616982836495033 0.022401433691756296 0.01845538168643334
0 0.49132900603199575 0.37299297724160035 0.0193963633184719 0.019426717564666674
0 0.2182904411764706 0.3372601728863589 0.03730827008222643 0.02986857825567503
0 0.1964243358633776 0.31266252020521473 0.023719165085388967 0.02108370229812356
0 0.1707285736875395 0.25314498559280346 0.020754269449715347 0.021522946096001108
0 0.16529293168880455 0.1736418581769626 0.03162555344718531 0.03997118560685924
0 0.28166508538899426 0.2094402277039849 0.020754269449715364 0.020205214702368395
0 0.1823410815939279 0.20131421744324976 0.019765970904490806 0.023279921287511402
0 0.523741211745244 0.11400606561896885 0.04329507857733663 0.04078209723371014
0 0.6218013337468982 0.1461722268173881 0.051372518610421865 0.0614603437184082
0 0.6717199131513647 0.07667034279937507 0.025201612903225805 0.0798410072603621
0 0.5692979735318444 0.1263555739362191 0.027786393713813123 0.04595165885488467
0 0.5256797973531844 0.03674983916919402 0.017447270471464014 0.058588365039977955
0 0.44393610421836227 0.029282694605275262 0.02197063688999176 0.031017369727047155
0 0.4554060690653432 0.0680544067640842 0.011308416046319283 0.045377263119198596
0 0.5702672663358147 0.20332460251815093 0.025201612903225805 0.027570995312930783
0 0.6092005272952853 0.23319318077382592 0.028755686517783298 0.022975829427442324
0 0.72570501115845 0.030713915376118662 0.0313831405964698 0.04902955298573071
0 0.7455175999188475 0.1310272536687631 0.025360113613308928 0.024232997452717474
0 0.7098549401501317 0.12370099862491828 0.014899066747818993 0.019724532810351438
0 0.8949837695272875 0.14567976375645275 0.033285149117468014 0.030995694416266536
0 0.8383990160275917 0.0794616893217015 0.04184418746195989 0.043957530263068915
0 0.8247679549604382 0.04846599490543495 0.04247819030229252 0.03944906562070287
0 0.9851706735646176 0.21809697707445727 0.019654088050314444 0.027050787854196245
0 0.7749987319943192 0.15779626248281148 0.013314059646987175 0.042830414102477406
0 0.7927508115236357 0.23866684700525234 0.024726110772976293 0.023105881292125936
0 0.7757912355447352 0.2428935326074705 0.014265063907486357 0.04170329794188592
0 0.7174629742341246 0.2133067333919434 0.012363055386488147 0.03775839137981561
0 0.7255465104483667 0.23810328892495658 0.019020085209981656 0.020851648970942927
0 0.6936878677216474 0.33531705777597437 0.01489906674781907 0.019160974730055694
0 0.551598938695713 0.39429626526400724 0.02443792766373412 0.02133469875405363
0 0.5674588025704651 0.06503927099460599 0.012327416173570048 0.037468275681675184
0 0.5194415282814787 0.08076887729493189 0.007754342431761792 0.015199394852000305
0 0.5160614302984029 0.0973821693424671 0.032011516192657644 0.02580362381851215
0 0.6187567601959661 0.009367068920418796 0.021871222243430657 0.016613292047535224
0 0.6658793026659031 0.007599697426000156 0.02863141820958198 0.01307854905869794
0 0.48499584660113526 0.01845955050994508 0.009806636208408338 0.02409996872131719
0 0.48780804374913467 0.14934289127837516 0.016584752411278773 0.01666487198814486
0 0.5170116295168212 0.1556242661046759 0.014421523835894597 0.016408489342173416
0 0.4812462504038026 0.25586988067951655 0.015575245742766163 0.01128083642274419
0 0.46257037703631915 0.2093364304356967 0.010239281923485128 0.018715933155916544
0 0.42673289030412104 0.2160023792309546 0.014133093359176688 0.013588280236487334
0 0.36947944067561955 0.18062157408689322 0.0074991923946652085 0.032560596038375356
0 0.3117460005245214 0.14230556284057463 0.018358248098610017 0.032345484745170024
0 0.3431353265145554 0.049640120057114524 0.02081694204038812 0.019523851152490022
0 0.2928960136375557 0.25507765830346474 0.01803042223970626 0.01369583588309002
0 0.23552648832939937 0.17217414109624965 0.006228691319171245 0.01806684733514002
0 0.22462627852084968 0.2128245476003147 0.010982166273275657 0.017775446571670014
0 0.33682467873065824 0.2263746831016697 0.014424337791764998 0.013404435119620013
0 0.377884867558353 0.1028207593903896 0.009343036978756944 0.016318442754320015
0 0.14066889470115276 0.21903624054161686 0.01619563111498594 0.015607004854316672
0 0.13809575704736995 0.3044711378044711 0.01528746488423908 0.011032537914258313
0 0.12401918047079338 0.22670519982347936 0.01407657657657657 0.009956192751891689
0 0.20106194904582 0.07332601418622922 0.01952557396105784 0.02125781695674168
0 0.1284843311052989 0.09902375493773344 0.008173496076721883 0.012916141948400026
0 0.22844184540899623 0.03893861772598472 0.012138996791082586 0.019078358885823838
0 0.219117688453527 0.16873401014593378 0.00791673703766258 0.013448679214597132
0 0.19000168890390137 0.04190983755246548 0.006685244609581684 0.02064215879449793
0 0.28209972977537573 0.008288139515972652 0.006509317119855885 0.01595075906847567
0 0.8773484579936194 0.22806464741948618 0.01107763204537399 0.021006472619375837
0 0.8867644452321871 0.312746990166345 0.009231360037811632 0.011816140848398922
0 0.8231603745716649 0.3334252366510431 0.014954803261254847 0.011159688579043403
0 0.8633167907361456 0.34097443774863134 0.00849285123478675 0.01312904538710989
0 0.7713724447595416 0.28599656019010866 0.011816140848398871 0.015426628329854137
