0 0.606510416666667 0.32962962962963 0.427604166666667 0.507407407407407
0 0.5610144312393888 0.7483808086524555 0.2475947934352009 0.21222410865874367
0 0.2820281550650821 0.3050682261208577 0.2042657045840407 0.20593598692070686
0 0.12639714204867014 0.2767716782996919 0.06985710243350311 0.1902156825756147
0 0.48894666100735706 0.8544928629818275 0.1282187323146576 0.15405898258190276
0 0.7856182795698925 0.5974658869395713 0.21045557441992074 0.09589385650506184
0 0.7727964063384267 0.6092561151983903 0.08400537634408602 0.2263723825693266
0 0.1790110356536503 0.729516443438345 0.11141765704584042 0.09274979563604353
0 0.24931027164685915 0.5314406086901843 0.06101443123938879 0.0833176130289882
0 0.011442416525183977 0.3467270326353519 0.022106677985285792 0.1068980695466265
0 0.22189799094510473 0.7963277369049866 0.06985710243350313 0.06916933911840539
0 0.4234617682198327 0.6510022567370238 0.06907108721624847 0.11117748572945711
0 0.7779723902329749 0.9674930306650737 0.037693212365591304 0.06381919553962546
0 0.5664033731035499 0.9647959935189276 0.029919723081455324 0.031096054074401334
