0 0.895833333333333 0.111111111111111 0.189583333333333 0.222222222222222
0 0.9041100735710244 0.8018298434257688 0.1308715336728919 0.2908256303842042
0 0.5546878890775325 0.9017952587562096 0.30922014714204854 0.1952147393573539
0 0.8908460667798529 0.3302207130730051 0.21752971137521226 0.2185122303967805
0 0.8321112400817712 0.038168898949883685 0.08237471559082037 0.07633779789976737
0 0.643590965392788 0.041312959818902095 0.18678524521895118 0.08262591963780419
0 0.6309958837365591 0.3192204301075269 0.1438592069892473 0.09520609318996416
0 0.6622353830645161 0.516633064516129 0.28509324596774194 0.26415023894862605
0 0.5769174227150538 0.6739097968936678 0.22261424731182797 0.19414575866188769
0 0.5385899697580645 0.4727635902031063 0.1102570564516129 0.1316084229390681
0 0.2831914575866189 0.45851586353378476 0.17958482676224613 0.13540422142572678
0 0.23075762563089755 0.3159120278935947 0.23247202106649112 0.14995245409991953
0 0.3048195084485407 0.2013142174432497 0.09257735352205398 0.06949016165606023
0 0.09154871626069783 0.05501914027259649 0.08709128812815448 0.10606393094872359
0 0.2153280667105552 0.8462316826372126 0.30036208031599737 0.2645502645502644
0 0.31853467193328944 0.6127691219857119 0.19269804696071977 0.1999366054665595
