0 0.051302083333333 0.386574074074074 0.088020833333333 0.10462962962963
0 0.10266174983916915 0.37414351213634367 0.05083402260821615 0.03471903113480172
0 0.13971027479091988 0.3455513688488599 0.04566446098704164 0.02144410746561285
0 0.07580874919584593 0.28300605540748913 0.06031155224703611 0.04544108486760818
0 0.19341627607756634 0.3110876247076964 0.04853643966547193 0.037271901071184235
0 0.2745496737432221 0.3340634541351387 0.052844407683117364 0.05871600853679705
0 0.24712227736421277 0.20948340123967366 0.05830116717213493 0.053610268664032096
0 0.25042505284440764 0.26615711382736473 0.01952945501332597 0.03318730917297228
0 0.3110238029592868 0.16123415944204475 0.028719786784302946 0.0428882149312257
0 0.2962331127653708 0.27509215860470343 0.053706001286646446 0.035740179109354765
0 0.37506892748828224 0.20514352234782346 0.013211101920779398 0.04901510277854364
0 0.43652927120669055 0.24037312746990164 0.015508684863523584 0.0551419906258616
0 0.4938252458413749 0.21458914111243865 0.0272837974450878 0.04135649296939619
0 0.5222578347578347 0.39558761960195654 0.041643690837239254 0.0500362507530966
0 0.5666299053395827 0.24139427544445466 0.032166161198419224 0.05412084265130859
0 0.6276594522562264 0.15817071551838577 0.046238856722727706 0.03267673518569578
0 0.6124379652605458 0.3498912477407101 0.04106929510155315 0.02910271727476029
0 0.5552855895597831 0.3325317321733092 0.025560610238029642 0.023996977401995263
0 0.574240648837423 0.2893882302484453 0.012349508317250242 0.03471903113480176
0 0.7778639371381307 0.1392794779891554 0.06749149894311195 0.07045921024415651
0 0.6417321477805348 0.261306660948238 0.04853643966547196 0.056163138600414574
0 0.731625080415403 0.1392794779891554 0.049110835401157994 0.07045921024415651
0 0.6717443249701314 0.3348293151160535 0.05801396930429192 0.056163138600414574
0 0.6591076187850381 0.39226888868465926 0.02240143369175622 0.03829304904573721
0 0.9329507857733664 0.014954712087328556 0.038197316423122935 0.027060421325654303
0 0.8607205220108446 0.08975380122333526 0.05629078209723376 0.07045921024415648
