0 0.116666666666667 0.327777777777778 0.06875 0.092592592592593
0 0.464187181663837 0.7963277369049866 0.15297821165817763 0.10060994780858958
0 0.3012793576683645 0.94109601961894 0.12331847764572723 0.11661321763189329
0 0.4411962365591398 0.362447336980444 0.0946165817770232 0.10689806954662648
0 0.350558856819468 0.27677167829969185 0.08842671194114314 0.08960573476702506
0 0.655631013016412 0.8592089542853549 0.10257498585172603 0.10060994780858958
0 0.8652023203169213 0.7978997673394957 0.026528013582342906 0.06602527824938695
0 0.7208551603712894 0.7016767249742158 0.02527341237018659 0.0485045287912672
0 0.8199384247771345 0.8088972623022802 0.0735226541678155 0.07709667207875096
0 0.7556061023802959 0.9365407591214042 0.07984100726036203 0.07301208018053894
0 0.6915609778513004 0.9306691582677246 0.06548111386821073 0.04493051088033171
0 0.6085349462365591 0.7154520111509358 0.06518817204301075 0.05217045001991234
0 0.6537858422939068 0.7714058144165672 0.015008960573476728 0.04858622062923134
0 0.6365367383512546 0.7714058144165672 0.017249103942652305 0.03743528474711275
0 0.5434587813620072 0.6895659099960176 0.039426523297491016 0.04022301871764233
0 0.7029463218979348 0.5687451404297282 0.04586960232121519 0.04930685934270163
0 0.5367616254713029 0.5715682167295071 0.05891286133221618 0.10667349377026789
0 0.548762393520458 0.48176853015562693 0.029674626448820022 0.015516144548402598
0 0.5897832006702974 0.5069822650467812 0.0104733975701718 0.024050024050024064
0 0.26202265180265655 0.3998524140839132 0.03681412080961415 0.03645723522383869
0 0.325026684060721 0.36910534823248303 0.04966200189753319 0.04612059877714529
0 0.1918534550917141 0.20548703352308673 0.05509764389626817 0.043924379787757414
0 0.0883291824794434 0.26566343383231433 0.03236677735610373 0.04041042940473679
0 0.07276348039215685 0.06361128680863033 0.03286092662871601 0.04041042940473681
0 0.04472050917141049 0.14091819523508334 0.025695762175838077 0.03689647902171621
