0 0.555729166666667 0.809259259259259 0.002083333333333 0.174074074074074
0 0.6140704584040747 0.3993900521914105 0.05128749292586309 0.06445324781487766
0 0.487574204749104 0.7047117682198327 0.02940188172043011 0.030490840302668305
0 0.47217321908602156 0.8185857228195937 0.04830309139784946 0.036713460772600515
0 0.5036752352150538 0.8185857228195937 0.0308019713261649 0.02800179211469534
0 0.4914244511648746 0.8384981083233772 0.052503360215053765 0.02426821983273596
0 0.4884492607526882 0.8574771007566707 0.029751904121863824 0.028624054161688478
0 0.4607974910394266 0.7697381521306252 0.02835181451612903 0.022401433691756272
0 0.48722418234767034 0.78125 0.028001792114695313 0.03795798486658706
0 0.5138258848566308 0.7821833930704899 0.03570228494623656 0.03609119872560737
0 0.5220514112903226 0.7501368976503385 0.022751456093189938 0.04542512943050568
0 0.47304827508960584 0.7190237953006771 0.01715109767025092 0.019290123456790167
0 0.4922995071684588 0.739247311827957 0.024851590501792167 0.04604739147749896
0 0.5579287074372761 0.8089406610911988 0.02660170250896052 0.13938669852648355
0 0.5950310819892474 0.8643219832735962 0.04620295698924731 0.08836121067303868
0 0.5430527553763441 0.8612106730386301 0.01995127688172043 0.046047391477499096
0 0.7807582534285044 0.03441013387249946 0.028675111560416203 0.06882026774499891
0 0.8182870370370369 0.9367118014071419 0.04526956391875745 0.10454002389486261
0 0.7958856033452808 0.9304891809372097 0.028468488649940248 0.07881985928580905
0 0.7394153225806451 0.934222753219169 0.03873581242532857 0.06305588742864734
0 0.737315188172043 0.9607726005575469 0.014934289127837634 0.04314350192486404
0 0.6724443697729988 0.9524757732643038 0.04293608124253279 0.08794636930837645
0 0.6159740890083631 0.9769514137793708 0.02893518518518518 0.040654453736891076
0 0.5823719384707288 0.9238517191026152 0.02893518518518518 0.05061064648878266
0 0.5959061379928315 0.9703139519447764 0.02986857825567504 0.05558874286472859
0 0.5198346027479093 0.961187441922209 0.04573626045400238 0.07218239745121474
0 0.4915994623655914 0.9628468073808576 0.03780241935483871 0.07218239745121462
0 0.5270474296656357 0.4553935287474837 0.028538812785388157 0.051553984386507615
