0 0.840885416666667 0.531481481481481 0.1421875 0.168518518518519
0 0.22455079230333905 0.4213984782745394 0.1423670062252405 0.16820725649248583
0 0.32845217883418226 0.3931019304533736 0.12556593095642327 0.1524869521473936
0 0.45420837968112715 0.5092695587690026 0.04287170930663705 0.10814485230503028
0 0.3739687615869485 0.5283236517941746 0.07241842788283281 0.11535450912536564
0 0.5412498298625289 0.5380124918712097 0.10591057574520209 0.07788515342619058
0 0.5642183884578739 0.668451219696626 0.21139580781271267 0.20718963144442928
0 0.5012675241595209 0.6400949745171877 0.06337620797604465 0.08544681880737409
0 0.35643800190553965 0.6782813846921647 0.07656186198448343 0.06805498843065191
0 0.2979532462229481 0.5671249035887664 0.0506158976452974 0.0967893168791495
0 0.48063835579147945 0.7402870408178698 0.13100585272900503 0.1315729776325938
0 0.40365115012930447 0.7191143777505558 0.09017285967061386 0.07712898688807224
0 0.33155539676058254 0.7671309529210713 0.07188308152987612 0.09452081726479442
0 0.38493602831087514 0.8435037732710252 0.0382809309922417 0.06427415574006008
0 0.45639376616305977 0.7939748650242728 0.06295086429835309 0.04990699151581153
0 0.5229600517217912 0.9073998457420263 0.03870627466993327 0.16938130453851166
0 0.6420562814754321 0.849553105575972 0.037004899959167004 0.1126688141796348
0 0.6873553831495848 0.6979417146832417 0.02807268272764391 0.09376465072667595
0 0.13867317137926458 0.7784046491732672 0.0817237488384442 0.09071197840612409
0 0.15526682596575067 0.8285543608124253 0.11905947165803797 0.06416213106774635
0 0.22496017522899245 0.9354912459253361 0.09997676888357891 0.12611177485729455
0 0.017792546130359743 0.8374043099252179 0.035585092260719486 0.0523621989173562
0 0.27769582131305187 0.776097366708434 0.027045633359559368 0.06799351147633337
