0 0.423958333333333 0.64537037037037 0.095833333333333 0.116666666666667
0 0.7145436516110721 0.4270610336231947 0.12555560133115434 0.08717072721659437
0 0.8220939933259177 0.4006097309768055 0.04750648869113841 0.07827627404935525
0 0.7320054690396737 0.5283236517941746 0.06430756395995546 0.06591686235735177
0 0.732295142751205 0.6158694846125324 0.11355209492028179 0.10505499938202939
0 0.8664140711902113 0.5473777448193466 0.05503800519095289 0.10196514645902857
0 0.6703049684835003 0.6138095826638651 0.039395624768261125 0.07209656820335347
0 0.5350273451983687 0.47785605405182713 0.06894234334445681 0.07621637210068802
0 0.39685298479792364 0.5252337988711737 0.14251946607341487 0.12771392081736907
0 0.7412750278086763 0.8120751452230874 0.0886401557285873 0.0710666172290199
0 0.6459723767148684 0.8213447039920899 0.09964775676677794 0.06900671528035272
0 0.5862995921394142 0.7348288221480658 0.10080645161290322 0.08136612697235615
0 0.19792486231313924 0.2967479674796748 0.17948465774980327 0.10199026721450001
0 0.17415748754261734 0.35211411253897484 0.07949777078415944 0.052452137424600025
0 0.1323596905323892 0.48688696564385 0.0778586414896407 0.05973715651135006
0 0.16350314712824546 0.6573564122738002 0.07294125360608446 0.09179124049305014
0 0.21636506687647522 0.7819302386572253 0.13768686073957515 0.11656030538800005
0 0.6068876212955677 0.9065040650406504 0.07458038290060322 0.07430719468485013
0 0.7158897193810646 0.9589562024652506 0.07785864148964064 0.07722120231955007
0 0.836365722528193 0.9582277005565755 0.12211513244164703 0.07576419850220004
0 0.9123181530676787 0.53584229390681 0.04822896900695761 0.05833157635814181
0 0.520794773488454 0.7327594649117654 0.04461924907456373 0.10821239007383895
