0 0.723177083333333 0.644444444444444 0.0734375 0.087037037037037
0 0.13532920901458242 0.45212025989754673 0.04603034320223893 0.05319061881147613
0 0.16340771836794818 0.7205283055923798 0.06720430107526884 0.051553984386507545
0 0.24672263956400062 0.3404199603934469 0.044189129474149366 0.03600595734930688
0 0.42422715053763443 0.4683744465528147 0.03310800126502213 0.0241584088832666
0 0.3856835072738772 0.5700593857614731 0.06325110689437066 0.032504041042940454
0 0.3882777909550917 0.5981709888256379 0.028907732447817826 0.026354627872654444
0 0.34961061037318153 0.5254761402768994 0.012847881087919044 0.06105488790498274
0 0.7256116565373227 0.3562585493394282 0.07597007947639087 0.05627413294547469
0 0.5899670482136664 0.47816060944746347 0.046248121170077504 0.08414588712889089
0 0.5926725977129204 0.5153515010145834 0.053070063150708315 0.04835865050918815
0 0.5468029953917051 0.6533158862907967 0.0397358764294248 0.05973715651135006
0 0.5002666837344257 0.5435607138116099 0.018134493940945556 0.03935066659080998
0 0.6030732633555215 0.6421744324970131 0.03493556920976276 0.027023951755134654
0 0.9460125448028672 0.3689765033851055 0.07750896057347666 0.053763440860215055
0 0.9059139784946236 0.4068100358422939 0.06899641577060922 0.03385105535643174
