0 0.5515625 0.334722222222222 0.058333333333333 0.069444444444445
0 0.1707143739957978 0.7855092764251088 0.14754047707329132 0.14419313640670708
0 0.11780064268940797 0.45558164764690534 0.06643183784451862 0.06523022837446271
0 0.28156284760845385 0.3034922204369739 0.033215918922259315 0.039824771007566685
0 0.04364417253738722 0.47480739916779957 0.07029415399826969 0.039138137024677624
0 0.04584479453196633 0.40750928472858955 0.014066016504126033 0.01944930677113722
0 0.06056201550387597 0.394311540848175 0.014847461865466361 0.014355440712029856
0 0.08986621655413854 0.39199614718494435 0.01823372509794115 0.013429283246737613
0 0.1608475035425523 0.21093236272030969 0.047147203467533566 0.055106369184888815
0 0.3811270948367722 0.4098184205711087 0.04177564661435631 0.033904872614549976
0 0.45665625302722074 0.37322268505064204 0.04450014530659695 0.05973715651135006
0 0.6339000290613193 0.45798486658701704 0.04783008815266881 0.09687106461300012
0 0.6759783977525912 0.49323517065452543 0.04298653492201877 0.05220274037478342
0 0.7988911290322581 0.5815412186379928 0.015120967741935484 0.04360812425328554
