0 0.7953125 0.712037037037037 0.0875 0.103703703703704
0 0.7444080949482653 0.3843466107617051 0.06498529113410421 0.11158449989855951
0 0.5595962669912761 0.4514100223168999 0.038357171840129864 0.05522869186898404
0 0.640907131263948 0.46972565992651205 0.032334144856968984 0.05917359843105432
0 0.7477366098600121 0.5376344086021505 0.048818218705619795 0.08227947972318028
0 0.5567432542097789 0.25247401997249835 0.027579123554473457 0.06424562115371611
0 0.5142650639074863 0.2955862131151236 0.044063197403124345 0.08960573476702506
0 0.8936294275774826 0.8924814536967577 0.2120691018342822 0.20691806938662774
0 0.7773762426455672 0.8101147404251482 0.06371728545343879 0.06255494691282884
0 0.9551114800759012 0.7538829151732378 0.046450031625553376 0.05973715651135006
0 0.3576663623453033 0.25388291517323774 0.023775106512477186 0.08735150244584208
0 0.41282460945425037 0.15526025112148056 0.028213126394806245 0.05353801762809674
0 0.39015900791235536 0.21978765131534456 0.031066139176303485 0.047338878744843424
0 0.3963405356055995 0.30629381664074296 0.025677115033475396 0.09411419940939111
0 0.422176151349158 0.30206713103852484 0.029798133495638063 0.046211762584251935
0 0.43739221951714347 0.29812222447645453 0.027262122134307138 0.04733887874484346
0 0.47574939135727323 0.2845968305493564 0.027262122134307214 0.039449065620702876
0 0.4202741428281599 0.2507833457316111 0.019020085209981732 0.03268636865715382
0 0.24571572580645162 0.15255815587883906 0.0788168089816572 0.097951366926699
0 0.3347861321948134 0.19165085388994313 0.022236717267552168 0.06017640030922764
0 0.2698055028462998 0.08337725771312116 0.020260120177103085 0.04655984257502283
0 0.19135930581910185 0.06514864010120185 0.05312104680581911 0.05578396233045189
0 0.6128072196620584 0.4207676698716125 0.06347072879330945 0.07348618459729571
0 0.37355582246625485 0.13395104095172736 0.0371768474033402 0.047027123211062824
