0 0.092708333333333 0.518518518518518 0.079166666666667 0.15
0 0.5428869552914544 0.4017480978431743 0.2750070741369553 0.3206942086398793
0 0.6056699207696662 0.751524869521474 0.24671052631578952 0.19021568257561466
0 0.3406562847608454 0.8434886499402628 0.14020207638116428 0.29250607671074863
0 0.25491286614757136 0.7219544349688956 0.26534111976269936 0.18333127343138464
0 0.44262143121987396 0.7883862728134142 0.13904338153503892 0.231738969225065
0 0.4258203559510568 0.5947554896386932 0.12629773822766036 0.19878053804638895
0 0.6076021968854283 0.5393818920886032 0.164801167964405 0.26832969417322405
0 0.23840146459028555 0.6055699748691963 0.05851408972932886 0.11535450912536564
0 0.30676446051167966 0.5607671074856837 0.16743140526510936 0.15346269517570962
0 0.1897362810530219 0.3836155399003008 0.16511401557285874 0.17406171466238213
0 0.17728031145717466 0.23581757508342602 0.19002595476455325 0.25954764553207266
0 0.5440072302558399 0.17247559016190828 0.1205042639970337 0.2873563218390805
0 0.36977501695243625 0.374029943922417 0.04510558946042817 0.04197746133230007
0 0.41548605056669574 0.4380724810832337 0.033602150537634407 0.03444304519573336
0 0.2845587523006878 0.3395868987266837 0.0587280829216313 0.05704629360543336
0 0.13379273140950898 0.058467741935483895 0.18940378449280998 0.11693548387096776
