0 0.87421875 0.481481481481481 0.0671875 0.07962962962963
0 0.9717565082059988 0.46698736087530657 0.03802348613469156 0.08331761302898834
0 0.8525859457822202 0.7254867316203073 0.04306754505527778 0.03954431487371057
0 0.548510146902923 0.47139347434667744 0.05679236710586099 0.053006209298803605
0 0.5624716038164471 0.6400878388611237 0.07051718915644405 0.0774058929442846
0 0.39818548387096775 0.39456391875746716 0.05779569892473118 0.04241338112305854
0 0.4055779569892473 0.2724014336917563 0.01478494623655914 0.07168458781362007
0 0.29049059139784944 0.45698924731182794 0.06821236559139784 0.06451612903225806
0 0.2194220430107527 0.42771804062126645 0.03024193548387097 0.035842293906810034
0 0.05170464243044891 0.4003811799510724 0.04746970472776924 0.05926305209459335
0 0.23190802196952115 0.9589876485908048 0.02441595111007968 0.07434912285225587
