0 0.161979166666667 0.579166666666667 0.104166666666667 0.123148148148148
0 0.8054349324510616 0.7177598055734257 0.04681325245841373 0.06535347037139155
0 0.6415885488466133 0.6072205373280641 0.03503813987684959 0.034208457147525115
0 0.6657131697454278 0.561779452460456 0.03101736972704717 0.023996977401995332
0 0.619187115154857 0.5671404793268593 0.0321661611984193 0.0490151027785436
0 0.6120071684587813 0.6199848870099767 0.02527341237018659 0.07607552410419795
0 0.17814410710520767 0.5087848759575515 0.20095403752899008 0.0983906107245766
0 0.45684429685852834 0.3916531965235318 0.045461733080328894 0.07262164124909226
0 0.4863375085792724 0.7284628485726632 0.06112731640356892 0.07181168814662299
0 0.4401512466028594 0.7200756233014297 0.028432588916459854 0.04595165885488465
0 0.4623065106936074 0.6900429319784159 0.04874158099964548 0.04496698045085148
0 0.4191483941246749 0.518698120426984 0.02042483660130718 0.0519283778824154
0 0.3800556961135708 0.5079610498121989 0.025695762175838088 0.1733548855623492
0 0.4614256096703914 0.5079610498121989 0.05973715651135008 0.0320159923786321
0 0.5328027268254972 0.5530567463942965 0.04568135497926776 0.05973715651135006
0 0.4949596774193548 0.9452409398645958 0.03024193548387097 0.1063321385902031
0 0.1820665542202544 0.6184552674116242 0.043924379787757414 0.04216740459624705
0 0.29044996134654577 0.5425148952452347 0.038433832314287694 0.02850204199561151
0 0.04871652962260173 0.6458289408953545 0.09743305924520346 0.05153793895096866
