0 0.784375 0.632407407407407 0.091666666666667 0.109259259259259
0 0.6998897160187483 0.4226480409276108 0.09247771344545548 0.06433232239683849
0 0.7029052936311001 0.5413564929693963 0.07093787335722826 0.04441993689305518
0 0.5476748460619428 0.3629108844162608 0.05629078209723376 0.02961329126203683
0 0.5166574763348957 0.4047779513729335 0.06950188401801308 0.04493051088033171
0 0.9138123301429752 0.6007654233460685 0.0636963842609004 0.026586316908897574
0 0.8591626787191303 0.6309622277364213 0.06665041947300009 0.04496698045085148
0 0.8363612194257355 0.5538290860871506 0.04800307219662067 0.027242769178253093
0 0.4450014530659691 0.6533415135565672 0.03753753753753757 0.06673340006673346
0 0.5130675029868578 0.5339248049323716 0.06886366653391746 0.033924804932371676
0 0.44835225009956187 0.4103942652329749 0.05475906013540417 0.030237326135374675
0 0.2505040322580645 0.46206690561529273 0.06955645161290322 0.044802867383512544
0 0.2914986559139785 0.6293309438470729 0.07560483870967742 0.04241338112305854
0 0.14801747311827956 0.6523297491039427 0.030577956989247312 0.06093189964157706
0 0.36676747311827956 0.48118279569892475 0.050067204301075266 0.026881720430107527
0 0.26528897849462363 0.5630227001194743 0.0655241935483871 0.04002389486260454
0 0.1844758064516129 0.5797491039426523 0.05712365591397849 0.06511350059737156
0 0.17153897849462366 0.504778972520908 0.05342741935483871 0.038231780167264036
0 0.05566756272401433 0.4778972520908005 0.06160394265232974 0.035842293906810034
0 0.12556003584229392 0.4970131421744325 0.04099462365591398 0.03345280764635603
