0 0.7578125 0.873148148148148 0.096875 0.114814814814815
0 0.4668711191882479 0.7433489827856026 0.04496062395880662 0.058895788109781785
0 0.5082325268817204 0.12726503385105534 0.0308019713261649 0.06222620469932299
0 0.41470223325062033 0.42229992229992225 0.06579442063313032 0.05681296003876652
0 0.3282295661327919 0.4766064282193314 0.02678772840063165 0.01587420942259651
0 0.44266486201970073 0.5102346876540425 0.027257688548011187 0.03300164590487175
0 0.45335645537258434 0.47953062469191493 0.011514023610797775 0.035925842377455296
0 0.7330179900744417 0.7515393805716386 0.034636062861869245 0.025273412370186606
0 0.6863626964433417 0.670894219281316 0.03747932175351542 0.037680360261005436
0 0.6240694789081885 0.750160830805992 0.02197063688999176 0.01884018013050265
0 0.6174782878411911 0.8149526697913794 0.033602150537634407 0.0454921422663357
0 0.38071236559139787 0.7425328554360813 0.09879032258064516 0.09438470728793309
