0 0.5921875 0.984259259259259 0.14375 0.17037037037037
0 0.40936262026032827 0.30192416525183935 0.20603423882286356 0.2719612651700937
0 0.9306380871533672 0.24847513047852604 0.07074136955291457 0.1021819782430988
0 0.9385964912280701 0.41589637175375715 0.08665817770232037 0.13519461736779234
0 0.7263723825693266 0.7232283217003082 0.08665817770232022 0.13676664780230136
0 0.7272566496887379 0.6202603282399547 0.12026032823995463 0.20121989561717904
0 0.7024971703452179 0.4386908130541407 0.04951895868704021 0.05502106520782246
0 0.26743774759479344 0.41825441740552094 0.1963073005093378 0.1839275608375779
0 0.36824419920769674 0.44655096522668686 0.0565930956423316 0.08646167389800678
0 0.5596880305602716 0.69964786518267 0.19011743067345788 0.20908004778972522
0 0.4747983870967742 0.5212526422203841 0.11243796526054588 0.4204576785221947
0 0.6159920388751033 0.7923674294642037 0.21259822167080236 0.15393805716386358
0 0.5833588539539948 0.9198765936209791 0.12122294814209882 0.08242215265490074
0 0.8104923778412958 0.9108025951635588 0.08124064243909077 0.09452081726479442
0 0.8536647611269906 0.8106105288628768 0.053593303389138425 0.14215930916625066
0 0.8815247720157888 0.7773392011856691 0.028498026405335473 0.05444399074452156
0 0.9374574656322308 0.7516295388896451 0.037430243636858644 0.031758994600970876
0 0.3866832092638544 0.5992096314676959 0.08891645988420183 0.11396011396011393
0 0.3119830438378825 0.6410256410256411 0.12251861042183623 0.17553533682565944
0 0.19773573200992556 0.6814631008179395 0.11011166253101737 0.14796434151272858
0 0.38487386269644336 0.7352265416781546 0.20419768403639374 0.1617498391691941
0 0.33860628618693134 0.8533223049352082 0.17576509511993388 0.14245014245014237
0 0.05538754480286737 0.692585955130758 0.11077508960573469 0.13128899508827827
0 0.07203927718040617 0.662617814947564 0.12787485065710874 0.15763971857161815
0 0.05625814597588791 0.8950798305637016 0.11251629195177582 0.09775171065493653
0 0.029233870967741934 0.4934289127837515 0.057571684587813615 0.07726005575467937
