0 0.803645833333333 0.539814814814815 0.080208333333333 0.094444444444445
0 0.5856833436066023 0.7025774490331712 0.04473152523799741 0.09398138635862076
0 0.5768012464899664 0.6791772253042028 0.12970002054653793 0.07609828854949052
0 0.5887867269365111 0.5047218988044958 0.07662146428326824 0.08408860884718698
0 0.6295587630984179 0.5087170589533441 0.03146188617218001 0.03957111004573503
0 0.6006651941647833 0.5897617362585514 0.06570611601945067 0.05859568218310763
0 0.5576458804191494 0.5522833291479274 0.05115231833436069 0.03234177263353346
0 0.6930785033656788 0.6437528532991423 0.11692455634233755 0.05973715651135006
0 0.337589605734767 0.6932672710661325 0.050732658654859764 0.07847822522079315
0 0.788447621689254 0.9303769297444187 0.08274597076623716 0.13805139738093572
