0 0.486979166666667 0.133796296296296 0.051041666666667 0.060185185185185
0 0.48272342260093326 0.18315637609612045 0.0158500710083181 0.021415207051238703
0 0.44500025360113615 0.19330042154144406 0.019654088050314444 0.021415207051238703
0 0.4519742848447961 0.16512251752665633 0.03550415905863262 0.034940600978336823
0 0.38180088596092693 0.24147273125010518 0.0328922459488111 0.025241052047049326
0 0.27815481599273056 0.22716946842344388 0.026739739512342844 0.047957998889393734
0 0.2930628123580191 0.10327797129251015 0.03999129183704378 0.04080636747606308
0 0.24294354838709678 0.12843488649940263 0.01964433416046319 0.023435346015991176
0 0.2998087262200166 0.22883926109732564 0.014474772539288675 0.02205679625034466
0 0.32074545078577343 0.16289863064056612 0.025847808105872654 0.022516312838893493
0 0.13832885304659498 0.09737156511350059 0.016801075268817203 0.04261250497809637
0 0.14112903225806453 0.20290720828355235 0.01747311827956989 0.033054559936280356
0 0.011200716845878134 0.12298240682174902 0.01449504532995994 0.0386534542132265
