0 0.6375 0.293055555555556 0.126041666666667 0.149074074074074
0 0.739636389360498 0.15493931962522794 0.13087153367289195 0.11004213041564485
0 0.8245260328239956 0.21939256744010566 0.10257498585172618 0.08488964346349742
0 0.8983623372948499 0.3648053826322078 0.1971915676287493 0.13047852606426472
0 0.7630418346774194 0.47043010752688175 0.08558047715053764 0.08587216248506571
0 0.5195888092393468 0.4402628434886499 0.13689765033851048 0.11394309482720476
0 0.41722670250896055 0.3783131996991017 0.04293608124253287 0.10288065843621402
0 0.386113600159299 0.6006681711580159 0.1213410991636798 0.08296827293243073
0 0.49594285145360406 0.6858489313686448 0.06595977698128236 0.0630558874286472
0 0.35823626045400236 0.6224611708482676 0.0869922341696535 0.0584096641444312
0 0.31623357228195936 0.6831939466348069 0.07168458781362008 0.08827824240010623
0 0.4474686379928315 0.8103013407672905 0.19601254480286737 0.11681932828886227
0 0.14766278375149344 0.6320854905084295 0.13552867383512543 0.07367582636399843
0 0.0490459624710099 0.5769896767946526 0.0980919249420198 0.13640960167420219
0 0.06877240143369176 0.1163937498535854 0.03491988193126713 0.056223206128329435
