0 0.775520833333333 0.615740740740741 0.070833333333333 0.083333333333333
0 0.5470780129928317 0.5142995818399044 0.055303539426523274 0.03920250896057348
0 0.5280017921146954 0.49034249303066507 0.029751904121863747 0.022401433691756272
0 0.6062317988351255 0.5858597172441259 0.024501568100358372 0.035468936678614095
0 0.7115308882953222 0.4626775943809024 0.023756934456544143 0.03652717850375543
0 0.24361559139784947 0.5794504181600956 0.06384408602150538 0.04619673436877733
0 0.3120519713261649 0.5679012345679013 0.031810035842293895 0.029470330545599385
0 0.1866039426523297 0.4774990043807248 0.026433691756272387 0.04699322978892869
0 0.32078853046594985 0.4862604540023895 0.01568100358422938 0.030266825965750744
0 0.38690248687764356 0.4817192976495836 0.03837970748611321 0.03425685278612965
0 0.2637211435560312 0.4810115114349941 0.009555113896957679 0.023215387838534107
0 0.2833887529939357 0.48695691563754556 0.02882459358915557 0.019818014008504792
0 0.145497311827957 0.4691358024691358 0.0607078853046595 0.053365193150139406
0 0.07470878136200716 0.45340501792114696 0.05488351254480287 0.04898446833930705
0 0.055667562724014345 0.37873357228195936 0.08938172043010753 0.04380724810832333
0 0.05835573476702509 0.28534448426921544 0.020833333333333332 0.02031063321385902
0 0.1388888888888889 0.22580645161290322 0.026881720430107527 0.015133412982875372
0 0.023073476702508963 0.44384707287933095 0.04390681003584229 0.04579848665870176
0 0.02777777777777778 0.4778972520908005 0.05152329749103943 0.025487853444842737
