0 0.79609375 0.594444444444444 0.065104166666667 0.077777777777778
0 0.6606602822580646 0.6104390681003584 0.045152889784946235 0.052270011947431305
0 0.618132560483871 0.6098168060533652 0.023101478494623656 0.07342692154520115
0 0.5722796258960574 0.6082611509358822 0.04270273297491037 0.06160394265232975
0 0.5924059139784947 0.6197729988052568 0.030451948924731184 0.06098168060533654
0 0.8251878905590271 0.6022193448303902 0.025861340989697744 0.05723507665747149
0 0.8797254123740358 0.6313060231317282 0.04838005967460455 0.04847779716889657
0 0.39707907159716754 0.5971287311439423 0.052178949208846914 0.05390914124195006
0 0.5023931287699974 0.644967023146934 0.060647783897193816 0.06216549620693336
0 0.3354751289448379 0.6221406300084507 0.030597080164350053 0.047595458033433354
