0 0.438020833333333 0.113425925925926 0.004166666666667 0.226851851851852
0 0.4343707997311828 0.11340725806451613 0.05512852822580645 0.204413082437276
0 0.5057753696236559 0.14747610513739545 0.02467657930107527 0.11014038231780167
0 0.528351814516129 0.03640232974910394 0.03937752016129032 0.054136798088410994
0 0.6147198420698925 0.09053912783751493 0.030451948924731184 0.11760752688172044
0 0.4351583501344086 0.49423163082437277 0.07350470430107527 0.09987305854241338
0 0.2991746471774194 0.5119660991636799 0.030451948924731184 0.06440412186379928
0 0.3669039818548387 0.4610961768219833 0.034652217741935484 0.03173536439665472
0 0.3669039818548387 0.5082325268817204 0.025201612903225805 0.06067054958183991
0 0.4351583501344086 0.7700492831541219 0.05880376344086022 0.19974611708482676
0 0.4065440188172043 0.7079786439665472 0.014175907258064516 0.03826911589008363
0 0.3981434811827957 0.751381421744325 0.009975638440860215 0.03733572281959379
0 0.38160492271505375 0.8157855436081243 0.016801075268817203 0.052270011947431305
0 0.3653288810483871 0.8899902927120669 0.01575100806451613 0.043869474313022704
0 0.4065440188172043 0.912858422939068 0.021526377688172043 0.052270011947431305
0 0.4267578125 0.34535543608124253 0.026251680107526883 0.06160394265232975
0 0.5514532930107527 0.17641129032258066 0.034127184139784945 0.05600358422939068
0 0.5403380299097763 0.08239607794668972 0.029353602768508222 0.04531784287067935
0 0.5384068718329007 0.2259025803705077 0.017766654307255016 0.03845150304178857
0 0.5219920281794587 0.2911328087449704 0.022015202076381205 0.057677254562682786
0 0.5299097762946483 0.3021189524711957 0.027808676307007767 0.05493071863112653
0 0.589885752688172 0.11738351254480286 0.019153225806451613 0.03046594982078853
0 0.5893817204301075 0.015830346475507767 0.025537634408602152 0.028076463560334528
