0 0.65390625 0.630092592592593 0.134895833333333 0.160185185185185
0 0.5004421335597057 0.40410614349493806 0.1777376910016978 0.1587750738854305
0 0.8175105485232068 0.4053052644314384 0.023819245950728107 0.08166598611678234
0 0.8519633864162244 0.7334815419748044 0.08336736082754875 0.043857659210864555
0 0.8326102490812578 0.69416088199265 0.05316795971144686 0.04083299305839107
0 0.5257268504019209 0.6832074793239843 0.04469412255976613 0.04407790189186998
0 0.4123603716463096 0.6852373827005834 0.04110554337613528 0.06321699087123452
0 0.08090651135005969 0.5920947829549981 0.05787037037037037 0.10951812027080861
0 0.3606933546449675 0.6646431377614171 0.023915044076334404 0.03874842584519999
0 0.8715557795698925 0.9187823576264437 0.03640232974910399 0.04978096375945847
0 0.9484066980286738 0.9796271405814416 0.044494847670251 0.03955097570688978
0 0.7760813615148293 0.9435359418558343 0.06354068198826276 0.11173337315810425
0 0.6266644055873781 0.8441362677117877 0.03046176263692089 0.05806228296430297
