0 0.538020833333333 0.488425925925926 0.073958333333333 0.087962962962963
0 0.356556857374721 0.4750794616893217 0.031700142016636276 0.06875408579608216
0 0.054323476702508956 0.2749900438072481 0.10103046594982079 0.0665073675826364
0 0.12635557393621905 0.31476886315596 0.039058910026651975 0.035740179109354765
0 0.4066285558731455 0.2929994101901003 0.061249489587586754 0.05368782420640322
0 0.5075413434054716 0.26634453972142824 0.05423131890567578 0.05330974093734405
0 0.579211753096502 0.22191975560697488 0.08017728324486185 0.06729882189253361
0 0.5196636382196815 0.3047199915309348 0.04827650741799379 0.03932065998215442
0 0.5950558050905131 0.3020734086475205 0.06167483326527832 0.05973715651135006
0 0.6096238260514496 0.3610543986207523 0.06486491084796521 0.06654265535441524
0 0.668010752688172 0.29588560334528075 0.07717993951612903 0.07840501792114696
0 0.7693422379032258 0.3467555256869773 0.05827872983870968 0.07000448028673835
