0 0.259895833333333 0.230555555555556 0.063541666666667 0.075925925925926
0 0.225260416666667 0.236574074074074 0.065104166666667 0.076851851851852
0 0.30550920776171053 0.1963773191062772 0.03862316153751078 0.021972287452450577
0 0.20851567058431275 0.12780973021033037 0.010679753271651262 0.04445555833402794
0 0.16527569392348085 0.11993739175534623 0.03256022338918062 0.036120141146397715
0 0.30841043594231893 0.2625656414103526 0.05157539384846212 0.040750928472858924
0 0.27975743935983993 0.271595676696952 0.050012503125781455 0.02917396015670583
0 0.2878323747603567 0.30841043594231893 0.04428190380928567 0.04908634566048921
0 0.2422480620155039 0.29289729839867373 0.03803034091856296 0.03565706241375156
0 0.21268337917812788 0.2614079445787373 0.028913478369592394 0.03380474748316708
0 0.24029444861215302 0.26881720430107525 0.03047636909227309 0.03380474748316708
0 0.27207322663999334 0.20097616996841805 0.020057097607735254 0.037972456076982235
0 0.22062807368508794 0.17180220981171218 0.022922397265983146 0.02871088142405971
0 0.18832833208302074 0.2711325979643059 0.045323830957739446 0.04121400720550508
0 0.1411811286154872 0.2796995545182592 0.048970575977327666 0.04075092847285896
0 0.25592335583895975 0.04422401896770489 0.0393327498541302 0.0754818334213183
0 0.2251865049595732 0.07224028229279542 0.019536134033508366 0.01852314930584497
0 0.06954863715928983 0.1893992016522649 0.06668333750104193 0.06020023524399618
0 0.08830332583145786 0.2317709056893853 0.0573059931649579 0.055106369184888815
0 0.05496165708093689 0.2623341020440295 0.04949153955155455 0.05325405425430433
0 0.022531674585312994 0.2500625156289072 0.04350045844794531 0.07131412482750318
0 0.2245353004917896 0.10257193928111658 0.01719179794948736 0.02361701536495236
0 0.17634616987580226 0.07802876645087198 0.10210886054847045 0.15420521797115946
0 0.2995741292660122 0.16979637421432653 0.021366584852734922 0.019479507558048947
0 0.29893495792426367 0.11363046075528543 0.014974871435250125 0.02142745831385383
0 0.3343633122954651 0.1835943587346112 0.008765778401122018 0.029543919796374215
0 0.3311674555867228 0.22709859228092047 0.013331287985039735 0.020453482935951353
0 0.34924687353903694 0.17661420185964366 0.009678880317905576 0.016882239883642434
0 0.48283705541770056 0.20678246484698098 0.17059553349875928 0.161749839169194
0 0.5857113316790735 0.2256226449774837 0.14888337468982632 0.092822350886867
0 0.6839330024813896 0.21321569708666482 0.07961124896608766 0.15991177281499866
0 0.7237386269644334 0.3028214318536899 0.04962779156327541 0.1479643415127286
0 0.7521712158808932 0.24997702417057255 0.04239040529363111 0.08271298593879238
0 0.8842535153019023 0.2559507398217076 0.0915012406947891 0.06892748828232698
0 0.8930417700578991 0.3469350243543792 0.21246898263027297 0.2564102564102564
0 0.9240591397849462 0.5063872805808289 0.1338916459884202 0.17461630364856168
0 0.9294871794871795 0.4213767116992923 0.04962779156327541 0.04870875838617768
0 0.6702336641852772 0.4526238397206139 0.37996277915632753 0.43102656005881806
0 0.81575682382134 0.658946787979046 0.2988006617038875 0.2849002849002848
0 0.7899090157154672 0.8988144472015439 0.1871381306865177 0.1911589008363202
0 0.491883788254756 0.7333884753239591 0.24245244003308516 0.1341788438562633
0 0.4799937965260546 0.6447017737340318 0.24348635235732008 0.18288760224244105
0 0.41511579818031424 0.5022516312838893 0.17473118279569888 0.13693594338755632
0 0.2998345740281224 0.8147229114971051 0.08374689826302731 0.1332598106791654
0 0.2406430934656741 0.6938700487087583 0.15250206782464848 0.13050271114787237
0 0.2613213399503722 0.4512452899549674 0.09770471464019853 0.17645437000275715
0 0.38383995037220847 0.35428728977116075 0.05428039702233255 0.11487914713721163
0 0.5210918114143921 0.42918849370462275 0.28225806451612906 0.38415586802683577
0 0.6632547559966915 0.6065618968844775 0.06203473945409434 0.1893208344821248
0 0.8640922249793217 0.5642863707379836 0.06461952026468158 0.09374138406396476
