0 0.4734375 0.251851851851852 0.119791666666667 0.177777777777778
0 0.865644453876627 0.07397975224800352 0.06455149971703462 0.07702949129095141
0 0.9129527447651387 0.18402188266364836 0.09373231465761188 0.08646167389800664
0 0.75503170664461 0.06652268480225468 0.03388934840547739 0.12406947890818859
0 0.755893300248139 0.08081875644599658 0.05686517783291971 0.049525676765820134
0 0.5882616487455198 0.3821186778176025 0.12096774193548387 0.13540422142572683
0 0.6653225806451613 0.4004380724810832 0.030465949820788478 0.08920748705694945
0 0.58086917562724 0.2674233373158104 0.08378136200716843 0.15133412982875344
0 0.3756284038542103 0.6140436624307593 0.06284038542103057 0.14817918043724493
0 0.317151934087418 0.6027944576331673 0.06807708420611643 0.17378081894210926
0 0.4114125122189638 0.6361541684122329 0.03840245775729644 0.07137426492265199
0 0.33766233766233766 0.7455429874784714 0.0645859516827258 0.07292587937749226
0 0.22660068426197458 0.5791323371968533 0.06065842759391148 0.14817918043724493
0 0.2407834101382489 0.6260686744557713 0.05323977098170646 0.11481946965817932
0 0.07364544058092445 0.8572592282269701 0.1448819997207094 0.12412915638722091
0 0.08804636223991062 0.9841037099101615 0.04800307219662058 0.028704867414544862
