0 0.5328125 0.283796296296296 0.194791666666667 0.230555555555556
0 0.7583561574355854 0.7250174703004891 0.16262172854534387 0.13243614886950242
0 0.7382265672550212 0.4773336940105047 0.06974031243659981 0.09918622213205287
0 0.8474335565023331 0.4252045715831474 0.04089318320146071 0.03437704289804105
0 0.7987738385067965 0.3930817610062892 0.0653022925542706 0.07157187619756095
0 0.7651716879691621 0.3908275286851063 0.03106613917630356 0.019724532810351372
0 0.6801915322580645 0.8247461170848268 0.2633568548387097 0.24118876941457587
0 0.9860971102150538 0.24215949820788538 0.027133736559139785 0.07235663082437276
0 0.42802502323111635 0.303826127999764 0.07384176290986327 0.05014971163915809
0 0.35480552236824636 0.25736389515760283 0.07757533519182265 0.07227458442113957
0 0.39322474533106966 0.12969251084701 0.18967529711375214 0.1524869521473936
0 0.4699349179400114 0.04323083694900333 0.10964912280701752 0.08646167389800666
0 0.26880571638636147 0.20514352234782343 0.14015255950739824 0.16746826782669078
0 0.24267071041264585 0.07239428565593439 0.18610421836228286 0.10109364948074627
0 0.11386246668504728 0.054268909107618765 0.11114557485525228 0.10466766739168173
0 0.1644092914254204 0.1551072715947268 0.06174754158625125 0.07454380214236846
0 0.19844223876481937 0.16812690827027746 0.07007627975369911 0.06586404435866805
