0 0.729427083333333 0.657407407407407 0.171354166666667 0.203703703703704
0 0.86741298811545 0.45048104131295985 0.2290251839275609 0.251524869521474
0 0.6577406217155792 0.04838709677419357 0.15985023041474664 0.09677419354838714
0 0.6487595206093191 0.6434189565909997 0.09905633960573464 0.10827359617682206
0 0.5556535618279571 0.907258064516129 0.20686323924731181 0.17298884906411782
0 0.6886893781729891 0.9621536208424867 0.17143009176047688 0.07449801518479968
0 0.9262916894477857 0.8442480205738816 0.13725624202660833 0.30172326509122577
0 0.273297108108936 0.9634828974733396 0.268569065343259 0.071839461923094
0 0.2501493428912784 0.6443647949024294 0.24641577060931896 0.30311075711314667
0 0.038958728652751434 0.5544662309368192 0.0741223908918406 0.2371916508538899
0 0.18868595825426948 0.867207815025652 0.2885831752055661 0.14934289127837527
0 0.027099146110056944 0.8821421041534894 0.04447343453510436 0.12650221378874116
