0 0.191927083333333 0.850462962962963 0.077604166666667 0.091666666666667
0 0.29531084355595943 0.6219984182274051 0.24610025745873093 0.23305904723442206
0 0.21126399512249197 0.2884565643128995 0.03464139230683961 0.10654152656148004
0 0.09970398930273805 0.3900751641232187 0.0935612044119277 0.0892901131926739
0 0.6481014784946236 0.9786439665471923 0.08316532258064516 0.035842293906810034
0 0.3736559139784946 0.9650537634408602 0.04838709677419355 0.06391875746714457
0 0.3133253159781173 0.7718669433440231 0.054824561403508804 0.07440944056676939
0 0.620755517826825 0.39457963906181215 0.04362384455763065 0.03248862897985702
0 0.3855404640633842 0.21746421010710765 0.03890775325410296 0.03039258840051145
0 0.13099374945362358 0.0369107633728667 0.021581869044496885 0.0650795038416334
0 0.7436743364162718 0.36339825049502467 0.044646214001052766 0.042609720029074885
0 0.8285021430182721 0.4316991252475123 0.04887585532746824 0.038850038850038904
0 0.6302534975141635 0.6894888297940674 0.018426985778702713 0.0520291363163371
0 0.27013454234205325 0.7971997836385575 0.04914941421922645 0.04844356473308493
0 0.1811672870140612 0.9096130870324418 0.030500413564929715 0.08501056888153667
