0 0.351822916666667 0.268981481481481 0.0796875 0.093518518518519
0 0.9169138549005067 0.4195333635452285 0.09115066122852557 0.09475548963869321
0 0.7409853540971449 0.3604828410167676 0.0513688048448895 0.0480643788022357
0 0.824990730441231 0.4078605858361142 0.02626374984550747 0.03295843117867585
0 0.06913371488033294 0.4614598990249354 0.09430280957336108 0.11369329787644053
0 0.4035428078717793 0.11847117963977367 0.18576283221748835 0.19611821194292284
0 0.4450699939135727 0.22047519217330538 0.06974031243659966 0.08227947972318028
0 0.15247768310002027 0.31064448502062625 0.11475451410022315 0.10933026757737649
0 0.3219086021505376 0.36028972520908004 0.052503360215053724 0.05600358422939068
0 0.3504351830964734 0.32538369635143827 0.03548199112715244 0.037596811790360174
0 0.10206587079840825 0.280101412054676 0.0418042502751672 0.0381000762001524
