0 0.640104166666667 0.254166666666667 0.070833333333333 0.084259259259259
0 0.15999929258630452 0.7035779412689429 0.04332908885116015 0.13205055649877376
0 0.5544354838709677 0.3603133554133962 0.06167483326527832 0.06276182266382348
0 0.45915850006805503 0.33800644253890477 0.05742139648836259 0.060493323049468396
0 0.37959229390681 0.45205856137755784 0.026401689708141354 0.027972160588648
0 0.2512856474988312 0.6012674666251103 0.04675081813931745 0.05038699288348663
0 0.20906381486676018 0.5958132045088567 0.013733052828424519 0.019739234325489616
0 0.38043478260869557 0.5960729312762972 0.020453482935951364 0.048309178743961324
0 0.3433263207106124 0.4688068152303776 0.017531556802243997 0.026492130278946535
0 0.43171458625525944 0.3849150693470469 0.0119798971482001 0.018700327255726932
0 0.2742227676484338 0.443873045556075 0.014317438055165953 0.027531037348709157
0 0.3151297335203366 0.5072463768115941 0.010811126694717154 0.027531037348709157
0 0.29379967274427304 0.6789257700898654 0.02658952781673677 0.03843956158121655
0 0.22674146797568956 0.6861981195782038 0.039153810191678344 0.04363409693002971
0 0.334766252626375 0.5908073442370809 0.005600358422939093 0.010986143726225238
0 0.024268219832735964 0.7601885039161026 0.045549581839904416 0.03318730917297218
