0 0.56328125 0.687962962962963 0.122395833333333 0.144444444444444
0 0.4702787464884239 0.7841174507841173 0.08143223869030321 0.06350436457963332
0 0.5246173592947786 0.7644741515709257 0.07810229584423135 0.10171461784365006
0 0.46755424779618326 0.6700248635732508 0.0874866802286157 0.059198983930166815
0 0.4627106945655332 0.6250874530444422 0.02512593238399693 0.04143928875111676
0 0.4274435726048629 0.6218584175573423 0.041170202460525086 0.048973704887683336
0 0.4813281022958443 0.5796118699344506 0.02724498692240626 0.04520649681940001
0 0.5159897801026833 0.5828409054215505 0.033602150537634407 0.044130151657033385
0 0.4436392037198489 0.4170837504170837 0.04389470115276564 0.043053806494666697
0 0.4999455100261551 0.4816644601590837 0.0935411217669282 0.1592990840302668
0 0.6859682262908069 0.5303690787561754 0.04480286738351252 0.04359197907585007
0 0.6370786108689334 0.5376344086021505 0.034813038845296865 0.039824771007566685
0 0.6205802576770318 0.5161075053548172 0.030877651845393775 0.040901116169933374
0 0.5963624915237818 0.5029222771158255 0.038748425845200024 0.08341675008341669
0 0.8223742005762879 0.7898579583167397 0.06918089816571793 0.04451003818492749
0 0.7396865556258345 0.7406626529544514 0.07379295804343239 0.05856583971700984
