0 0.504166666666667 0.422685185185185 0.166666666666667 0.200925925925926
0 0.4242803184973458 0.32666394446712943 0.06677895739757725 0.3871572675165979
0 0.31943310194637264 0.4563465057544273 0.1624812848781816 0.19584713337265394
0 0.4999914931264462 0.3017104487092237 0.11867088607594935 0.12249897917517351
0 0.571236559139785 0.4419793415301786 0.07060705049680141 0.05973715651135006
0 0.5686844970736354 0.5039849976558837 0.0901728596706138 0.1005701495697412
0 0.5042449299033619 0.5009603315034103 0.03190077582686815 0.08544681880737416
0 0.5784674016605417 0.5557824055169911 0.05019055396760583 0.05444399074452156
0 0.2650849654377881 0.8066862945895203 0.21841397849462368 0.18134493940945545
0 0.6314084101382489 0.7693505717699266 0.1086069508448541 0.15574330090459126
0 0.6974126344086021 0.633341867212835 0.11940764208909371 0.12054104796040283
0 0.3927863033719595 0.6585586526081357 0.14158576051779936 0.12121423020264235
0 0.4371541914604864 0.6730579624409878 0.10374256185405574 0.11773439584275788
0 0.5363294707171938 0.6724779900476736 0.0959129345443157 0.12701395413578312
0 0.519365278212757 0.6101309577664102 0.0724240526150955 0.1299138161023535
0 0.5953779100114834 0.622020391829349 0.07894874203987895 0.07945621788402875
0 0.4687989351706858 0.5219751539826704 0.047630232800918645 0.04987762582501075
0 0.27866409537166903 0.5032465845930082 0.08546633941093969 0.06752895953456967
