0 0.378385416666667 0.94537037037037 0.034895833333333 0.118518518518519
0 0.35011672325976234 0.6933597434446331 0.06632003395585738 0.27196126517009356
0 0.4477036952900198 0.8529540444579063 0.034075420263516565 0.06057852491291833
0 0.45527601090413455 0.7360038366399112 0.024610025745873114 0.09423326097565086
0 0.43090262002120255 0.5765645245427163 0.030762532182341335 0.05468894610194022
0 0.38262910798122074 0.5782472613458529 0.025083295471755192 0.09002641896780916
0 0.4055826896865061 0.4970552105945109 0.020823867938815736 0.04038568327527891
0 0.48035930637588986 0.40492537062278094 0.012305012872936519 0.05973715651135006
0 0.5196746384872081 0.33027094576964805 0.02356012853788158 0.07140993422046442
0 0.4988181312569522 0.2938793446765267 0.025877518230132297 0.11672777709114383
0 0.5080876900259548 0.2056468778752798 0.02664998146088241 0.062483692442906386
0 0.555594178717093 0.22075282549883957 0.0374644666913855 0.12153421497136739
0 0.5554010629094055 0.14899957428693061 0.023946360153256675 0.05630398659690466
0 0.5341583240637745 0.2523379887117373 0.018539117538005204 0.03776486905889948
0 0.6170050055617353 0.1263406528515909 0.036692003460635315 0.06317032642579545
0 0.5880376344086021 0.1369834795863717 0.012745643307378563 0.04463120888779028
0 0.6013626251390434 0.039824771007566706 0.028581139537757955 0.07003666625468627
0 0.6477747909199523 0.09976105137395465 0.020161290322580645 0.07433957254745786
