0 0.215625 0.537962962962963 0.3375 0.4
0 0.5539402942840974 0.3121423630761492 0.14148273910582906 0.26095705212852927
0 0.3377369835880023 0.3648053826322078 0.3793505942275042 0.3757152738477016
0 0.7020550367855122 0.5565930956423317 0.2979980192416526 0.25938502169401995
0 0.887900266912629 0.8813588631075898 0.22048078283487893 0.2360875306545934
0 0.6622630164119978 0.7248003521348173 0.2520161290322581 0.30654593472929637
0 0.26920628183361633 0.7287304282210905 0.3766977928692699 0.2358045651763818
0 0.12752900396151673 0.43975968533371496 0.2550580079230334 0.18606530539672628
0 0.5349285512167515 0.5990379173740804 0.2237195812110922 0.18078349996855933
0 0.5924059139784946 0.8309124064641892 0.3545911148839841 0.20750801735521607
0 0.2842388228636107 0.8348424825504622 0.25820599886813805 0.32541029994340703
