0 0.590885416666667 0.206944444444444 0.109895833333333 0.130555555555556
0 0.6330822014714205 0.5110042130415645 0.17243208828522918 0.13991070867131994
0 0.9279852857951331 0.5534490347733133 0.13440860215053763 0.12733446519524616
0 0.741404923599321 0.45205307174746906 0.05482456140350876 0.06916933911840539
0 0.08641058290888515 0.09809919062890204 0.1728211658177703 0.1724292810880248
0 0.07953098471986422 0.2272527196126517 0.07693123938879458 0.10060994780858952
0 0.05590336728919073 0.5369860983764461 0.1118067345783815 0.1510016880438434
0 0.4464465725806452 0.6151060334528077 0.06475414426523295 0.08400537634408602
0 0.4247451836917563 0.7383139187574671 0.12915826612903225 0.1250746714456392
0 0.5150509632616489 0.579325965750697 0.04025257616487458 0.08338311429709289
0 0.10370247200975498 0.6847540923031445 0.05785112515242213 0.09114535220288461
