0 0.336979166666667 0.519444444444444 0.18125 0.214814814814815
0 0.24356253537068479 0.2932779978620387 0.30241935483870963 0.28925359994969513
0 0.4977893322014714 0.4127523108847388 0.11760752688172044 0.125762434760737
0 0.7582059988681382 0.34594101741809724 0.11495472552348608 0.1116141608501541
0 0.9716746316208681 0.36171954511261556 0.034846674631620944 0.13717421124828527
0 0.5216111608920748 0.9427408292402318 0.22310583432895295 0.11332359838930939
0 0.4429296808329067 0.672099903282699 0.22134749957330602 0.17447042536648263
0 0.6221411503669568 0.642231325027024 0.12960829493087553 0.14317953386053742
0 0.6362753882915173 0.5118526104189187 0.10027308414405194 0.3432515977318844
0 0.635742020822666 0.4412110523221635 0.08000512032770096 0.10145834518594378
0 0.6005397678784776 0.3516053175551384 0.09493940945553853 0.06827103601297152
0 0.5534615084930653 0.8796079857323429 0.17872448184509895 0.12466884837151314
0 0.8736559139784946 0.8043213633597078 0.19020085209981732 0.12961835846802378
0 0.7152137736815156 0.916026625704045 0.13120839733742964 0.15645445752972637
0 0.796418970814132 0.6351197587756727 0.2152137736815156 0.18632303578540138
0 0.5536649517982944 0.032165368928438985 0.11659946236559139 0.06433073785687797
0 0.8815524193548387 0.4698327359617682 0.11525537634408602 0.11529271206690561
0 0.9568212365591398 0.5462962962962963 0.0823252688172043 0.08900836320191159
0 0.8887768817204301 0.7314814814814815 0.11021505376344086 0.12007168458781362
