0 0.278385416666667 0.290740740740741 0.2984375 0.353703703703704
0 0.7312358517260894 0.33965289568006035 0.2750070741369553 0.25938502169402006
0 0.6189339275608376 0.5432308369490034 0.17243208828522918 0.16977928692699498
0 0.4182052914544426 0.4772055586996165 0.21487691001697787 0.2043639564861976
0 0.32270444255800795 0.6045400238948626 0.24494199207696657 0.1634911651889581
0 0.15071448783248448 0.7766773564736213 0.2935766836445953 0.37571527384770176
0 0.4500700439194306 0.6930940481599273 0.04638043313645316 0.2557759940767664
0 0.5353323457771719 0.7726953867770542 0.2152099424504013 0.23741488156337484
0 0.5454338936846889 0.6426119440658287 0.14150764803877025 0.10264694499133392
0 0.7940308085599833 0.9426757560849908 0.11104285262492095 0.11345374469979155
0 0.6897660962496721 0.9145118620925072 0.24690789966655455 0.16978153268475854
0 0.5343353826496748 0.9541143966547192 0.09560848931368647 0.09057646356033452
0 0.4252772177419355 0.9592293906810035 0.20511312724014338 0.07840501792114696
0 0.0657642089093702 0.4517835808158389 0.09216589861751152 0.08960573476702509
0 0.10416666666666667 0.613073903396484 0.17857142857142855 0.10496671786994365
0 0.06360407066052227 0.517067759003243 0.12720814132104455 0.09216589861751155
