0 0.224479166666667 0.607407407407407 0.059375 0.07037037037037
0 0.3259794833765913 0.40854721981900327 0.03707823507601037 0.06042379049423911
0 0.5752919911012235 0.7195924140677571 0.046734025460388066 0.07415647015202079
0 0.44899425287356326 0.6038945879509469 0.019697812384130563 0.03639160109312133
0 0.30724725003089853 0.5585767450802674 0.05445865776789025 0.04875101278512475
0 0.408826164874552 0.5057059283978083 0.0374644666913855 0.04051140499045581
0 0.5909343715239155 0.5012428075090292 0.04325794092201214 0.02883862728134138
0 0.6540832406377457 0.3714689847429929 0.032057224076133956 0.03158516321289767
0 0.4901279199110123 0.5115423172523654 0.03321591892225924 0.04943764676801381
0 0.9400201612903226 0.8293010752688172 0.043682795698924734 0.04778972520908005
0 0.07224462365591398 0.5313620071684588 0.05880376344086022 0.0492831541218638
