0 0.190885416666667 0.443981481481482 0.121354166666667 0.143518518518519
0 0.3997497219132369 0.3762754226232165 0.05561735261401561 0.06042379049423918
0 0.48896922506488694 0.31447836416319913 0.055617352614015535 0.046691110836457515
0 0.38176316116601405 0.19716714663572768 0.03127136552924354 0.058010649097727206
0 0.1488677093515803 0.24383621157814703 0.049283154121863806 0.04670359509069187
0 0.18552460084718145 0.05503059266500126 0.05742913000977516 0.058651026392961866
0 0.22981834473769955 0.34919083306180076 0.011608015640273691 0.019188298758191235
0 0.11455278592375366 0.362405416168857 0.014866405995438255 0.015205821657434586
0 0.013610997686130392 0.37863527063200403 0.018289778140737716 0.03591791056062187
0 0.02126718388457874 0.22191975560697488 0.033176806859942835 0.03629599382968104
