0 0.508854166666667 0.583796296296296 0.060416666666667 0.071296296296296
0 0.361612195812111 0.8411306042884991 0.0981536502546689 0.16506319562346738
0 0.6932123655913979 0.7751053260391122 0.04509762308998298 0.12733446519524616
0 0.7264595638346205 0.7393693102461844 0.04164773587763147 0.06730947212546479
0 0.7692904740269574 0.7305349420297171 0.054426018476450067 0.05973715651135006
0 0.6481524644166822 0.5492020082734235 0.027580955932624756 0.04868750906416391
0 0.6105685561563802 0.5688841927887239 0.04603300391571883 0.032803640858833846
0 0.5883976574500768 0.6015531660692951 0.03240207373271894 0.019627922853729256
0 0.4592534265540635 0.6768501853646529 0.032448428630762846 0.026663795181031718
0 0.23473502304147462 0.6794248165215906 0.03408218125960062 0.027735108380269612
0 0.28081797235023037 0.6228878648233487 0.04416282642089094 0.03242874210616142
0 0.3504224270353302 0.5970728793309439 0.02736175115207374 0.02005461682881037
0 0.3641033026113671 0.621394435910565 0.01920122887864822 0.0157876770779996
0 0.382584485407066 0.6444359105649428 0.01872119815668205 0.01749445297832391
0 0.2653369815668203 0.6781447345963474 0.01704109062980029 0.02090800477897252
0 0.29365879416282636 0.6721710189452126 0.025201612903225805 0.026028332479945442
0 0.7765830346475509 0.45353776715783883 0.025388291517323656 0.0285410858887561
0 0.7377538829151733 0.4976768883578919 0.026135005973715666 0.026549847338377813
0 0.8738951157280845 0.6507806330113602 0.04043648624020419 0.05923090942227077
0 0.775651540003645 0.38626652896745844 0.02505923090942218 0.02733734281027886
0 0.716135866593767 0.21743312475953266 0.01822489520685255 0.020756130652248756
0 0.8559549845088391 0.2819796286171355 0.015946783305996057 0.03847477877002208
0 0.6450872516858027 0.217180001214993 0.02021824312010202 0.019237389385011024
0 0.674133178421724 0.30931697142741427 0.021926827045744467 0.03037482534475425
0 0.5105006720430108 0.6025052270011948 0.028001792114695313 0.017734468339307047
0 0.5575786850358423 0.5944158203902827 0.032552083333333336 0.021468040621266428
0 0.9258286918852016 0.5528609370568062 0.1228049818209949 0.09068014405679753
0 0.8998414171888296 0.41963418512501827 0.02538291947087497 0.022777476943176604
0 0.9730892705190687 0.3996501723352501 0.05197454939274387 0.04211684415908133
0 0.9445637038756092 0.45745339212500963 0.02489943529047725 0.024496531806812608
0 0.9394871199814342 0.4785118142045503 0.02586640365127254 0.016760784920450758
0 0.8606791985766226 0.4409074890625134 0.011361878239344094 0.018050076068177677
0 0.8906552177612749 0.4479985903750119 0.01764717258451295 0.021058422079540666
0 0.9629377361232199 0.4894679625862421 0.020282379153346967 0.04143928875111669
0 0.04047271791352094 0.7177991306337222 0.03235100663463737 0.03558809324080433
