0 0.753385416666667 0.322685185185185 0.038020833333333 0.086111111111111
0 0.825260416666667 0.318055555555556 0.0390625 0.078703703703704
0 0.248601276335344 0.3817350001457004 0.12020281493137513 0.06896484735456676
0 0.09916732231838447 0.22802109741527526 0.057915901739662566 0.04516711833785002
0 0.24682555293294867 0.09227690843216675 0.020489116181484364 0.0650795038416334
0 0.09766478713174227 0.18843916037726685 0.027045633359559396 0.020398053442900008
0 0.037153597342425036 0.2629891890316753 0.027318821575312527 0.05390914124195006
0 0.1981980505288924 0.2141795611504502 0.07294125360608444 0.043710114520500054
0 0.30692696039863626 0.23894862604540024 0.019942739749978153 0.0679935114763334
0 0.26047115664051146 0.3085074321633461 0.05085730892182505 0.04063202987934169
0 0.3134475201007459 0.33810692412842946 0.041775646614356274 0.042784720204075005
0 0.3239539504441328 0.2819658719027583 0.021914446002805024 0.024349384447561156
0 0.4006545114539504 0.16866006960677368 0.017531556802244035 0.048374110435821537
0 0.4351697639083684 0.3012830502311568 0.05076846657316507 0.0337644797672848
0 0.4152079686588314 0.5063765941485371 0.11565391347836966 0.09307882526187104
0 0.4696486621655414 0.4556694729237865 0.10888138701342003 0.1305882026062071
0 0.4534987913645078 0.3834291906309911 0.025006251562890765 0.040750928472858994
0 0.4751187796949237 0.3290174395450714 0.05834792031341171 0.18106378446463464
0 0.5095023755938984 0.282478026914136 0.029694923730932705 0.08613264427217916
0 0.6222909894140202 0.27854185768664386 0.14170209218971405 0.11993739175534623
0 0.6064016004000999 0.45983718151760167 0.08022839043094109 0.15188982430792886
0 0.5381553721763774 0.4306632213608958 0.039593231641243655 0.1787483908014041
0 0.7896185355862777 0.10459691642487338 0.08000512032770096 0.14080901177675373
0 0.8440220174091142 0.41323889173351536 0.09920634920634927 0.1322751322751322
0 0.5784050179211468 0.5725379757637822 0.11840757808499748 0.10951812027080854
0 0.575204813108039 0.6457871081526995 0.060803891449052745 0.12800819252432166
0 0.6658633049066864 0.44493882091212456 0.1127796316895316 0.10299509743336216
0 0.6284927305770106 0.3834536490147576 0.017984249583522665 0.06436468271997584
0 0.6205654626684841 0.3390714658320292 0.05939535059821291 0.04459252528312048
0 0.6668275783734666 0.41500496407356924 0.06909737997879743 0.05090278829488279
0 0.5460254808420416 0.39039493832769623 0.034785324852339865 0.07404041933801137
0 0.8324973773931289 0.12467581665063962 0.035077366902701315 0.047789725209080064
0 0.5982658012063992 0.11622519451000958 0.03933910306845009 0.02622606871230003
0 0.6106412273800157 0.14609377276568464 0.04015866771570941 0.026517469475770036
0 0.7053311225002512 0.24229837313949462 0.03580042206813379 0.043546712223227126
0 0.5188558830355071 0.09881557119895483 0.02586640365127254 0.02148818579544965
0 0.0708606706761436 0.48954093513962305 0.08599872425733553 0.0820120284308365
