0 0.38203125 0.822685185185185 0.155729166666667 0.184259259259259
0 0.6745950728188377 0.653705972203318 0.07230842520756775 0.06124948958758673
0 0.7490302164148631 0.7036129637191294 0.07571117462910028 0.058224823435113246
0 0.803261535320539 0.57922356819866 0.04891452293453106 0.060493323049468466
0 0.7315911256295086 0.5228891611088425 0.06380155165373615 0.05671249035887664
0 0.7354192187287327 0.5845167339654885 0.01616305975227978 0.06351798920194182
0 0.6831019463726691 0.5848948172345477 0.0459371171906901 0.046126158825219636
0 0.8085783312916837 0.3867791842475387 0.02722199537226078 0.0400768265202728
0 0.7819943514359601 0.45483417267819065 0.029348713760718605 0.015879497300485504
0 0.7531022269785456 0.44307417033299934 0.01847322020078476 0.018685556065161573
0 0.745617387759262 0.4654402147140261 0.02261376955613319 0.030576364470264517
0 0.7013453600366917 0.45369096355184113 0.02770983030117729 0.06086961445469321
0 0.6989565815624522 0.47053627545907023 0.03662793660500429 0.043599630818710475
0 0.679846353768537 0.4549649787381022 0.014651174642001701 0.038503570073666366
0 0.6682209651939052 0.41348870656315995 0.015606686031697447 0.022932273352698353
0 0.6414666462824237 0.39267979185423 0.03599092901187377 0.014155724291789108
0 0.6681413392447638 0.5067749296460503 0.01926947969219793 0.03114259344193609
0 0.6179517440335693 0.5230643704286505 0.0344217151848938 0.029140076347000013
0 0.5471959961535099 0.6039280822915756 0.14260424862313142 0.17241211838641685
0 0.6109854445318647 0.44997134559159213 0.022674621907509403 0.015055706112616708
0 0.5089496459480725 0.36279395052015034 0.017484045808200007 0.02816874046876668
0 0.5523865722528193 0.4407436547483754 0.015298540082175006 0.02379772901671671
0 0.5715097473555382 0.47449757651698377 0.02130868082874372 0.02816874046876668
0 0.6021068275198881 0.4611417081912755 0.015298540082175006 0.017969713747316707
0 0.5153695690182708 0.4769259162125672 0.027592009791065616 0.020398053442900008
0 0.5272532564035317 0.5223358685199756 0.057915901739662524 0.02379772901671671
0 0.4731619896844129 0.4718264028518422 0.06665792464376252 0.09081990461481675
0 0.4883239356587115 0.4531281871958504 0.03250939767462191 0.03593942749463335
0 0.25701104330136587 0.7397182128364923 0.03935386999903129 0.06081350167371682
0 0.21932214472537054 0.7929972983736424 0.07235057638283447 0.050050050050050025
0 0.29848396783880654 0.728685674922234 0.0429865349220188 0.03336670003336659
0 0.2726012302625206 0.6678721732485172 0.031180373922309428 0.03336670003336673
0 0.27229850818560497 0.6358509046681089 0.011200716845878148 0.033904872614549976
0 0.13501404630436886 0.6643740514708256 0.017557880461106276 0.03175218228981672
0 0.11579119442022667 0.7405254717082673 0.046921921921921905 0.025832283896799948
0 0.01907149084568439 0.7184603958797506 0.03693209338370628 0.0236795935720667
0 0.01604427007652814 0.2513265954126169 0.03087765184539378 0.03767208068283336
0 0.2278028146742568 0.6410851078782767 0.020358950031625564 0.019326727106613335
0 0.3209005376344086 0.6013774685501441 0.017196394686907004 0.017218356876800928
0 0.21505376344086022 0.6243938435589288 0.015417457305502844 0.009839061072457673
0 0.9071667994159034 0.7839358673687625 0.013274923669188922 0.033924804932371606
0 0.9360404065860215 0.5866375448028673 0.028526825716845776 0.01960125448028674
0 0.6948441247002399 0.5380340888579459 0.015713235862922597 0.03180251497726544
