0 0.06640625 0.662962962962963 0.0671875 0.07962962962963
0 0.5132111019207793 0.6046676673916818 0.07467144563918755 0.05463141663858503
0 0.2846299810246679 0.6977143704953107 0.027233115468409584 0.027330725201271357
0 0.24784331295242112 0.6690171090339759 0.026135005973715666 0.0300637977213984
0 0.2223671726755218 0.7064992464528622 0.014275423431021185 0.04568135497926771
0 0.21270380912221518 0.6694075479654227 0.017350130016164145 0.028502041995611443
0 0.26080100498980957 0.6401246281069177 0.02657424977159321 0.030844675584291877
0 0.24608633776091082 0.6795589601830377 0.045461733080328894 0.03474906489875927
0 0.19304764916719375 0.7037661739327352 0.00966336355330665 0.024597652681144184
0 0.03635141739980449 0.7709713623692118 0.032380254154447695 0.059013069765758056
