0 0.4265625 0.386574074074074 0.102083333333333 0.121296296296296
0 0.7471526598754952 0.3105703326416399 0.17243208828522913 0.18549959127208704
0 0.7758913412563667 0.19188203483619443 0.12026032823995478 0.09903791737408035
0 0.6481147425014148 0.1596554109287556 0.10699632144878325 0.1131861912846633
0 0.5362549518958688 0.2822737848204741 0.08135257498585174 0.08803370433251584
0 0.5371392190152802 0.3600892913286801 0.077815506508206 0.06759730868389624
0 0.9545398273910584 0.6512848830500931 0.09024830220713065 0.09034565744144256
0 0.08395232031692137 0.5015720304345093 0.16182088285229201 0.10532603911211719
0 0.18785370684776462 0.5141482739105829 0.07074136955291455 0.07388543042193299
0 0.3762861512791992 0.5499526222551807 0.11181405265109379 0.05767725456268282
0 0.4840447719688543 0.5030898529230009 0.11644883203559515 0.09784534256169404
0 0.4333207325268818 0.6695539625647153 0.09660618279569892 0.06969334926324178
0 0.5460279457885305 0.7037783751493429 0.06370407706093187 0.04978096375945834
0 0.4403211805555556 0.8042736957387495 0.2023129480286739 0.14249800876144952
0 0.8748739919354839 0.5992383512544803 0.07525481630824363 0.051025487853444886
0 0.8641983086917562 0.5659473317403425 0.06930443548387097 0.042936081242532856
0 0.7191140232974911 0.5024766029470331 0.02835181451612903 0.07778275587415368
0 0.09963801319648097 0.15036113826436406 0.030547409579667652 0.042766373411534706
