0 0.255208333333333 0.351851851851852 0.103125 0.122222222222222
0 0.6830506117908788 0.6786964940468834 0.21319985168705965 0.12977382276603636
0 0.704377155609657 0.834189941615383 0.2941773179143842 0.20288090890647195
0 0.4932542097788598 0.4098307071526791 0.1255325623858795 0.14314375239512184
0 0.43746195982957997 0.6003133382926444 0.16864475552850475 0.19499109578233134
0 0.23024940262843488 0.07271339439798218 0.26881720430107525 0.1427054294437807
0 0.03371830611973979 0.39453810640588816 0.06430041152263373 0.058999660751950636
0 0.06199384102354702 0.5691892382378295 0.08358003266639444 0.07826323669524975
0 0.23899529569892472 0.8517025089605734 0.19405241935483872 0.2777777777777778
0 0.4698700716845879 0.673569626974645 0.08848566308243724 0.10221691225275453
0 0.8273997890295358 0.6905539676058255 0.07379712807948816 0.08658106861455174
0 0.3710419285016059 0.46276125308383376 0.11978948470883956 0.10861301183881826
