0 0.473697916666667 0.711111111111111 0.0546875 0.064814814814815
0 0.2435210853494624 0.3859580346475508 0.08715557795698925 0.05133661887694146
0 0.21858198924731187 0.5493018219832736 0.08033014112903226 0.07560483870967742
0 0.27528561827956993 0.5567689665471923 0.051978326612903226 0.04200268817204301
0 0.3375021001344086 0.5474350358422939 0.032552083333333294 0.021468040621266428
0 0.35141549059139787 0.6197729988052568 0.03097698252688168 0.10827359617682199
0 0.3132338400692127 0.6413161400184019 0.055617352614015576 0.05218418269957017
0 0.3906732789519219 0.6667215973852977 0.028967371153133126 0.07827627404935525
0 0.3273312940304042 0.7206223650420907 0.02124273884563094 0.04325794092201217
0 0.4172870140612076 0.7162280836115962 0.02642220384155872 0.03471903113480165
0 0.09939936155913981 0.9078803265631223 0.04410282258064517 0.07342692154520103
0 0.28868750692827844 0.9612693837835175 0.09872796807449287 0.07513333086994539
0 0.2831448841591841 0.9317087290150143 0.06962919853674758 0.07266994297257011
0 0.37754267819532206 0.8722794959908362 0.08106085799800468 0.09299289312591615
0 0.6441081919964526 0.6635073716882829 0.03775911761445513 0.03140819569153455
0 0.7291528101097438 0.746646713224698 0.04641946569116515 0.06466393230610062
0 0.6728605476111296 0.753113106455308 0.014895798691940987 0.044340982152754595
0 0.7906412814543842 0.8097710280949391 0.0841785833056202 0.05419453374225573
0 0.9084220152976388 0.7096958947640691 0.05785112515242215 0.04249344122972333
0 0.6082977545857051 0.44751036615363 0.06275695762175838 0.03865345421322647
