0 0.388541666666667 0.377777777777778 0.06875 0.081481481481482
0 0.789597481607244 0.336508834811042 0.05747736276174312 0.0644532478148777
0 0.6038731306389816 0.5194386080555898 0.056776047460140894 0.07072330023757536
0 0.5022942157953282 0.48407695793680217 0.07145284884439501 0.07827627404935525
0 0.49321777283401314 0.5269915818673697 0.06797676430601901 0.06523022837446271
0 0.43972469410456066 0.5156621211496999 0.04673402546038814 0.05218418269957017
0 0.37715517241379315 0.4246831184168967 0.045189098998887615 0.05699062057979377
0 0.3917646078186213 0.7251812953238309 0.04949153955155453 0.06575718003574967
0 0.18191862584290142 0.589605734767025 0.0723300528521961 0.06986209829293474
0 0.09677419354838705 0.3635732506700249 0.10353095030514387 0.08395492266460014
0 0.09783252899839132 0.45790176765538715 0.08360850055033443 0.05315195815576817
0 0.19096604859876387 0.5054092700777995 0.027516721700110075 0.06538161224470591
0 0.056819436351291004 0.5004496196356227 0.05186362496908001 0.03955269348447197
0 0.32052960480379833 0.6743626743626745 0.07855048177628826 0.07021055408152183
0 0.7910164787131742 0.7260735689794174 0.05108619634583442 0.09130557255393351
0 0.8406001398723666 0.7013045040844674 0.054637643150625026 0.04953812978990009
0 0.7079672611242241 0.6398675097862089 0.03742678555817804 0.025740400773183448
