0 0.135677083333333 0.246296296296296 0.1578125 0.187037037037037
0 0.50618986983588 0.2272527196126517 0.2228353140916808 0.3961516694963214
0 0.49602079796264853 0.49842796956549085 0.110533389926429 0.2310884738728542
0 0.4902730616864743 0.613972206501918 0.22990945104697225 0.21694019996227126
0 0.7223931805319751 0.5848896434634975 0.20426570458404072 0.4291643086210148
0 0.7604166666666666 0.8615669999371187 0.2732385398981325 0.25309689995598306
0 0.12286007357102438 0.07790982833427657 0.029180814940577237 0.03144060869018425
0 0.39035087719298245 0.05432937181663837 0.03183361629881161 0.05659309564233165
0 0.5564262527896124 0.5266450260363833 0.03201714343680259 0.05353801762809674
0 0.03744172494172487 0.11212622502945079 0.02561282803218287 0.022140344720989885
0 0.9376380910296068 0.8244545915778793 0.05891883929886582 0.03191437128688576
