0 0.334635416666667 0.396296296296296 0.1265625 0.15
0 0.4995578664402943 0.5754574608564422 0.2148769100169779 0.20279192605168844
0 0.4893887945670628 0.21860655222285108 0.21752971137521226 0.18707162170659625
0 0.6383878041878891 0.15729736527699176 0.07339417091114876 0.11161416085015408
0 0.390190489432703 0.08235487990771638 0.11644883203559511 0.09269558769002595
0 0.6758862567204301 0.8696236559139785 0.28666834677419356 0.19974611708482676
0 0.5603788642473119 0.8145534647550776 0.1438592069892473 0.17921146953405018
0 0.3157132056451613 0.8490890083632019 0.1648605510752688 0.162410394265233
0 0.109375 0.7202807646356033 0.2037130376344086 0.22588112305854235
0 0.1586581541218638 0.43060533651931504 0.08232526881720433 0.11051373954599761
