0 0.495052083333333 0.212962962962963 0.105729166666667 0.125925925925926
0 0.4915994623655915 0.4536290322580645 0.06195396505376344 0.08462763839107923
0 0.4397961469534051 0.31362007168458783 0.0934559811827957 0.09707287933094384
0 0.6156824036738352 0.1901010553564317 0.009800627240143318 0.0192901234567901
0 0.5882056451612904 0.3431775189167663 0.04795306899641574 0.041691557148546374
0 0.6043066756272403 0.22152528872958982 0.00875056003584232 0.022401433691756272
0 0.2982190860215054 0.38201911589008364 0.09711021505376344 0.08303464755077658
0 0.2814180107526882 0.49313022700119474 0.07493279569892473 0.05316606929510155
0 0.3694556451612903 0.5424133811230586 0.02721774193548387 0.037037037037037035
0 0.40389784946236557 0.5716845878136201 0.0396505376344086 0.0884109916367981
0 0.4122983870967742 0.6538231780167264 0.09408602150537634 0.11648745519713262
0 0.49847307874762803 0.43367418652048634 0.016059851359898784 0.029429334457797447
0 0.298939842209073 0.5515966434080578 0.021672392950308608 0.025803623818512134
0 0.8278347996089933 0.26173020527859236 0.04123900293255125 0.10318236124687735
