0 0.84453125 0.66712962962963 0.286979166666667 0.339814814814815
0 0.5773733729485003 0.5487329434697855 0.08577391058290883 0.11161416085015408
0 0.48894666100735706 0.4096082500157203 0.14059847198641767 0.11318619128466323
0 0.16707342954159599 0.49606992391372695 0.08931097906055462 0.15091492171288431
0 0.05678763440860219 0.3104171183321274 0.11357526881720434 0.11602382353465646
0 0.1064762229289717 0.39062210779611956 0.11547781311525064 0.11190199740858532
0 0.3987202786612146 0.4604556851262894 0.03738830834469186 0.06478536692075997
0 0.39943018325003793 0.5311306308580275 0.03691503861880963 0.09002641896780923
0 0.49988952717631463 0.572412890132731 0.06996612166740315 0.11210945811034197
0 0.5944818824569157 0.6575178802310928 0.06398217705111214 0.09737974828562539
0 0.742415514592934 0.2885494301264911 0.08960573476702503 0.09766550985188978
0 0.8283918406072107 0.36102326235153553 0.042299177735610406 0.04462716986436147
