0 0.540885416666667 0.678703703703704 0.213020833333333 0.251851851851852
0 0.21128678551216756 0.20917436961579575 0.10699632144878324 0.20279192605168836
0 0.25767679900744417 0.32538369635143827 0.13053143093465674 0.13211101920779336
0 0.5688197890818858 0.2909199522102748 0.0743124483043838 0.1688723462917011
0 0.3801307899090157 0.371909750942009 0.0807744003308519 0.21137763073246946
0 0.30000258478081054 0.37880249977024166 0.09628308519437544 0.08730815182428081
0 0.2848169975186104 0.401778329197684 0.046526054590570715 0.13096222773642124
0 0.18885700992555832 0.4316469074533591 0.052341811414392064 0.08041540299604817
0 0.21179693961952026 0.5166574763348956 0.084005376344086 0.06892748828232698
0 0.32165012406947885 0.4833425236651043 0.13828577336641845 0.11258156419446741
0 0.55783447063689 0.43222130318904506 0.07818961952026465 0.13440860215053757
0 0.15758983258472847 0.6582429714320281 0.0778378930175582 0.058224823435113385
0 0.2843422485368177 0.7981337809839238 0.07783789301755817 0.11115648110339826
0 0.23138696066421668 0.7966214479076872 0.03572886892609227 0.049150824977693054
0 0.9190934886499401 0.5149342891278376 0.1269414575866189 0.09790256206026816
0 0.958445340501792 0.3563873343254592 0.08243727598566314 0.12958561277746333
0 0.5423138191955396 0.5468309807218609 0.05683326695871498 0.03613729221056982
0 0.6443647949024293 0.5140124194285883 0.04936612239479624 0.04719972860156048
0 0.9008923237753883 0.767987521571751 0.12227449223416974 0.15929908403026674
0 0.321410792512943 0.6032494063159137 0.08047922474445773 0.07964954201513344
0 0.1336950750033187 0.8270793692936265 0.04770675693614763 0.07448707169933765
0 0.19965485198460106 0.8178606723011344 0.04770675693614765 0.14012419428588285
0 0.31021007566706493 0.6843739398498458 0.10536970662418692 0.10177441479711495
0 0.33219666799415903 0.7466923315190939 0.1584694013009425 0.13053674941369084
0 0.4477307824296499 0.6115305422100206 0.023950469000228795 0.1137547980375709
0 0.38835588925967124 0.9489281643527101 0.15410641453466817 0.09063568574135868
0 0.36286460264491405 0.9163130501654788 0.17496292176492398 0.10917480327936387
0 0.38758342602892104 0.8545159917054616 0.10080645161290326 0.04463120888779028
0 0.9229670698924731 0.45288231780167265 0.05754368279569892 0.06048387096774194
0 0.4581093189964158 0.5295367051639454 0.05600358422939071 0.0876144962166468
