0 0.886458333333333 0.525 0.092708333333333 0.109259259259259
0 0.22959778859809288 0.4573273821600054 0.01997108947048084 0.038885507540407066
0 0.2990210996145263 0.513401411149433 0.05230523432744979 0.042830414102477406
0 0.1991656522621221 0.5463695588467348 0.03708916615946436 0.02986857825567503
0 0.32453971393791836 0.593990216631726 0.03677216473929801 0.05973715651134999
0 0.2806350172448772 0.7027569261288068 0.0700573138567661 0.05522869186898411
0 0.37938095962669915 0.6866955208403778 0.04247819030229252 0.05691936610987127
0 0.46085032460945424 0.340952638578932 0.07608034083992693 0.0766438989202227
0 0.4307351896936499 0.8072969500236694 0.09256441468857782 0.10425824485471484
0 0.6542211909109353 0.7650300940014877 0.07291032663826337 0.11665652262122134
