0 0.228125 0.331944444444444 0.071875 0.091666666666667
0 0.04106536502546694 0.36401936741495317 0.07604697226938315 0.10689806954662648
0 0.0377758913412564 0.6185365155565963 0.07555178268251277 0.06947290361610368
0 0.2514367816091954 0.6354385531248712 0.20045420837968117 0.17715156758538286
0 0.4715888023730071 0.4382029415399828 0.04518909899888769 0.04222798994767852
0 0.5821122974405574 0.3392986353004526 0.06720430107526881 0.08834368216467262
0 0.6088520369529002 0.38893937099298304 0.048746781765864 0.037861578070574026
0 0.6504997728305316 0.41123563363454324 0.08471528093290917 0.058895788109781785
0 0.48154248069059524 0.15882511316405 0.032655611085870104 0.043751156881552185
0 0.4706572769953053 0.35528463493025053 0.08471528093290932 0.05637168290507683
0 0.8735768500948766 0.4198819312671304 0.03162555344718529 0.055520416051725315
0 0.8291034155597722 0.44518237402487876 0.038345983554712325 0.04287019467285128
0 0.7205882352941175 0.5435729847494554 0.04585705249841873 0.06817063743059948
0 0.8990749525616698 0.6834282099936748 0.07866856419987346 0.0541148358985172
0 0.8213946869070208 0.7013493569470799 0.06087919038583185 0.08855154965211892
0 0.9872311827956989 0.5291657881790709 0.022533206831119527 0.06325110689437065
0 0.881285578747628 0.5302199732939771 0.1435009487666034 0.17077798861480062
0 0.9708254269449715 0.7888467214842926 0.056135357368753934 0.08363201911589022
0 0.03816058181211969 0.9273151621238642 0.025266733350004168 0.0365832198790438
0 0.9616858520631074 0.9543414382124059 0.0756111496953489 0.09012238044496118
