0 0.3578125 0.524074074074074 0.0625 0.074074074074074
0 0.7745649405772497 0.6831415456203234 0.07869977362761747 0.10689806954662648
0 0.6299872665534805 0.37030748915299005 0.18923316355404649 0.17606740866503176
0 0.5791419071873232 0.23432685656794314 0.09107951329937745 0.10532603911211719
0 0.7299094510469724 0.4913538326101993 0.22460384833050376 0.13833867823681065
0 0.7360993208828522 0.40332012827768343 0.16977928692699484 0.11947431302270012
0 0.47112315188172044 0.7742495519713262 0.12023269489247312 0.10734020310633213
0 0.6178700436827957 0.714979091995221 0.14175907258064516 0.14934289127837516
0 0.5593287970430108 0.5264336917562724 0.12338289650537634 0.13814217443249702
0 0.3377646169354839 0.5964381720430108 0.049878192204301036 0.08027180406212664
0 0.26948924731182794 0.490442054958184 0.21505376344086022 0.12066905615292713
0 0.2550403225806452 0.6433691756272402 0.11760752688172044 0.12066905615292713
0 0.5141129032258065 0.6391875746714456 0.04704301075268817 0.0908004778972521
0 0.5389784946236559 0.8446833930704899 0.1935483870967742 0.1027479091995221
