0 0.04765625 0.537037037037037 0.099479166666667 0.118518518518519
0 0.33327068525605974 0.7948079298544034 0.0948264078731547 0.06176214486766694
0 0.43009044104246397 0.7500050624708907 0.06748906506287591 0.06631836866938014
0 0.3631709039548022 0.6591337099811677 0.052681337707308144 0.09517445274689672
0 0.4047464461454346 0.6500212623777414 0.027622106797885924 0.07796205171820268
0 0.25011960087479496 0.8254358787436972 0.06065472936030617 0.05720592106595389
0 0.5159467833059959 0.44625680902334813 0.10479314743940224 0.07644331045096495
0 0.414263258611263 0.4912419253589292 0.10540823765263348 0.09756393900735065
0 0.47308980317113175 0.5118158070591095 0.05723756150902132 0.05062470890792375
0 0.5354531164570804 0.5308000728995809 0.0367345544013122 0.060243403600429284
0 0.48704323856387827 0.6360994674280623 0.0840053763440861 0.08049328716359878
0 0.6299437646768014 0.7210961424902842 0.056389815844765726 0.033988382153009505
0 0.6470345136571499 0.6757782996196048 0.06739741688295636 0.045661159862123865
0 0.35198252688172044 0.45280764635603343 0.04200268817204301 0.0991636798088411
0 0.29889112903225806 0.55973715651135 0.029233870967741934 0.038231780167264036
