0 0.817447916666667 0.656018518518519 0.0703125 0.082407407407407
0 0.33552631578947373 0.3632333521976986 0.056593095642331566 0.05502106520782246
0 0.03158602150537637 0.32903383009495063 0.06317204301075274 0.09826762246117102
0 0.3382600711797668 0.48189375199824996 0.051349765258215996 0.0694128931293856
0 0.33530213539300324 0.46464569976609965 0.06294487354232932 0.040806367476063046
0 0.30229157201272155 0.5170208827637269 0.010648568832348944 0.015985999629797923
0 0.025877518230132245 0.7158159271618671 0.050982573229514286 0.10368173141625128
0 0.8948280006993619 0.46308437994774215 0.02595288049654683 0.029625744286116713
0 0.8344534050179212 0.5332633971501005 0.023220998339015617 0.027197404590533412
0 0.797982778214879 0.5451622616584589 0.014752163650668795 0.018941049625550044
0 0.6422448772570502 0.4959142039178558 0.015216068167985387 0.018033858569464208
