0 0.735416666666667 0.775 0.196875 0.233333333333333
0 0.9240060837577816 0.8521348173300635 0.14767260894170925 0.1336225869332829
0 0.5384850959575337 0.5625879043600562 0.039982305703008036 0.0907399845742026
0 0.5686844970736354 0.45218758979477636 0.05104124132298896 0.025709662296024036
0 0.7354670698924731 0.30809438470728795 0.19909274193548387 0.10155316606929507
0 0.7522681451612904 0.31332138590203107 0.1352486559139785 0.0881123058542413
0 0.770671545201115 0.456856498075136 0.1972570688968539 0.2046550732333289
0 0.7484619046060346 0.462501371439032 0.24143767423337292 0.1902739059250409
0 0.6621464869642069 0.45621184595996794 0.06766460450729131 0.12520253351008984
0 0.6165764471939903 0.5134940508338652 0.03176093680954483 0.06464705978625554
0 0.6722731624686994 0.6247851917317229 0.08699734865223148 0.0990163827105939
0 0.7528262630726176 0.648107232287524 0.10909191338930622 0.0752851835485508
0 0.6504087494476359 0.7062077543739055 0.04510973633819416 0.09001489337326724
0 0.7611117248490205 0.698024582249063 0.1901053174252467 0.06382874257377125
0 0.9097471127041018 0.7754546661356697 0.10454002389486251 0.07633081109783622
0 0.9184587813620071 0.509624319660162 0.15905017921146958 0.11681932828886234
0 0.9326463560334528 0.40574804194875885 0.13216845878136205 0.1135005973715651
0 0.7078163771712159 0.053303924271666206 0.01318238213399513 0.020218729896149246
