0 0.77578125 0.456481481481482 0.1609375 0.190740740740741
0 0.7369079216006533 0.0759947370808947 0.06337620797604458 0.06729882189253361
0 0.6429069688308153 0.11607156360116754 0.0684803321083435 0.10813181495092479
0 0.5591284424481647 0.4347873575676307 0.06380155165373622 0.07334815419748042
0 0.6945862256703416 0.6506813060508446 0.018715121818429322 0.04310149267274622
0 0.7475415135429426 0.7270541264007984 0.014036341363821954 0.04461382574898289
0 0.7005410371580236 0.7194924610196151 0.01871512181842917 0.04310149267274622
0 0.664174152715394 0.6650484702750934 0.028498026405335473 0.02949049498661586
0 0.6061147407104941 0.6975636314141826 0.02892337008302704 0.03402749421532589
0 0.6429069688308153 0.9406711734192338 0.08464339186062345 0.11644964687022677
0 0.38970298977183326 0.6180124525259589 0.030323891948596908 0.04710979009431672
