0 0.124739583333333 0.557407407407407 0.091145833333333 0.161111111111111
0 0.8161254951895869 0.20052820222599504 0.14236700622524054 0.31126202603282394
0 0.8457484436898698 0.7868955542979313 0.23698358800226382 0.16034710431993965
0 0.6598801963565508 0.8644101861204438 0.06685999656143216 0.26941895367246216
0 0.6156849734585544 0.8695915188361085 0.17226418946508776 0.14972097454743433
0 0.6837399618892065 0.7501172058134082 0.03700489995916693 0.09376465072667609
0 0.5144531781679597 0.7814981171453201 0.22670818020960934 0.20038413260136406
0 0.47723560636994694 0.719870544288674 0.14121410099360282 0.09678931687914943
0 0.4885072138287736 0.6574868048939099 0.07273376888525931 0.2049211318300743
0 0.5646437321355655 0.5535139059026359 0.09059820334830543 0.2570966229602408
0 0.4238549748196543 0.391694266745308 0.10335851367905262 0.27675695295131797
0 0.517217912072955 0.236302043161986 0.16418265958894787 0.3168337794715908
0 0.28858646953405015 0.35095579450418163 0.14327583632019114 0.11781494756405148
0 0.3662914426523297 0.07591596973317404 0.11854091995221029 0.14851320854905084
0 0.1709789426523297 0.4135968405681667 0.0648708183990442 0.062226204699322954
0 0.3528225806451613 0.4696390825423083 0.02880184331797237 0.039387136161329675
0 0.7987100265326071 0.5481000481000481 0.05629451193967331 0.19938245744697358
0 0.7736175115207373 0.6889090598768018 0.25747102360005597 0.2917035175099691
0 0.7491795838570032 0.464312867538674 0.27143555369361827 0.25213734891154244
