0 0.51640625 0.195833333333333 0.155729166666667 0.184259259259259
0 0.8094934917940012 0.6642771804062126 0.12556593095642332 0.17921146953405018
0 0.6080404600439883 0.9332358674463939 0.16833049563975916 0.1323335219769854
0 0.7409627900396151 0.11328051311073384 0.18304329371816638 0.21851223039678047
0 0.14585101867572162 0.41746840218826636 0.2148769100169779 0.19493177387914226
0 0.26036361063950203 0.56995535433566 0.2546689303904923 0.1634911651889581
0 0.47037705149971704 0.3710935043702447 0.2750070741369552 0.2530968999559832
0 0.6348507357102433 0.7444507325661825 0.2590902659875495 0.29239766081871343
0 0.7365414544425579 0.56995535433566 0.13529286926994896 0.2861095390806765
0 0.8523804470854556 0.1738036848393385 0.08046830786644042 0.09432182607055269
0 0.9067628749292587 0.018518518518518517 0.06897283531409161 0.037037037037037035
0 0.4257215619694398 0.09520216311387791 0.25997453310696095 0.16034710431993965
0 0.058556168647425036 0.5705809536005464 0.11711233729485007 0.12765529709998252
0 0.12683927560837582 0.8906495629755391 0.20868704018109788 0.15405898258190276
0 0.43344131327775776 0.9308778217946299 0.19229292649892218 0.13704961328051313
0 0.40892048670062253 0.7892535999496951 0.17862195812110915 0.28453750864616734
0 0.3050191001697793 0.6760674086650319 0.1211445953593661 0.08017355215996975
0 0.5871003112620261 0.5448028673835126 0.17066355404640632 0.11633025215368167
0 0.286891624221845 0.25083317613028994 0.08312110922467458 0.16034710431993968
0 0.3784132710809281 0.21703452178834182 0.09284804753820028 0.05187700433880402
0 0.5256437464629315 0.26498145004087276 0.11318619128466328 0.11633025215368177
