0 0.28046875 0.588425925925926 0.111979166666667 0.132407407407407
0 0.859454584040747 0.3019241652518393 0.07693123938879468 0.13362258693328302
0 0.6688950198075835 0.37580959567377226 0.10964912280701752 0.18078349996855936
0 0.18918010752688175 0.03860906747154626 0.3280631013016411 0.07231339998742377
0 0.4989275909402882 0.3099850021607057 0.10009151223976209 0.1957345128244236
0 0.3126858842370167 0.4555148834489946 0.12082475406085566 0.0927832430920969
0 0.5532629832990162 0.43327232517349196 0.19446350949439486 0.21861257276494067
0 0.4449496682681308 0.44852436513383664 0.2252059025394646 0.20844454612471086
0 0.6780199039121482 0.5679986781565368 0.23664493250972327 0.2796207326063195
0 0.5182309540150994 0.8736749790284449 0.13726835964310222 0.12074531635272893
0 0.4070578814916495 0.8635069523882153 0.16944063143445434 0.10803528305244166
0 0.3334191260581102 0.771994712626147 0.2123369938229238 0.1868374895142225
0 0.5028719786784303 0.7529894106955038 0.05227001194743126 0.0970090575825344
0 0.5249862145023435 0.6424501424501425 0.12751585332230492 0.12713292283184757
0 0.5305865729252826 0.6273882098254858 0.09850886867015897 0.0970090575825342
0 0.5392025089605734 0.5592265825240736 0.09908326440584507 0.05769486056224405
0 0.4006295377263119 0.6161555821054029 0.031591765462733276 0.06535347037139143
0 0.37190975094200895 0.601859510461661 0.09190331770976934 0.12866464479367704
0 0.9568805344718532 0.6985330957449463 0.0855668880455409 0.1423047887208997
