0 0.215104166666667 0.126851851851852 0.153125 0.181481481481482
0 0.616723259762309 0.314500408727913 0.15739954725523495 0.2468087782179464
0 0.9164898132427846 0.691787713010124 0.08665817770232037 0.09903791737408042
0 0.8682972552348613 0.46541533044079736 0.06808856819468022 0.042444821731748815
0 0.502887684811828 0.637040770609319 0.0850554435483871 0.22494772998805257
0 0.30389994959677424 0.6519750597371565 0.026251680107526883 0.04200268817204301
0 0.2766724994927977 0.7010662518879195 0.04311219314262527 0.024796555533013267
0 0.7750070741369554 0.08292460542036094 0.032717883418222855 0.06523926303213229
0 0.6505464770797963 0.037728730428221086 0.068530701754386 0.07388543042193298
0 0.6832643604980193 0.3725712129786833 0.03404428409734011 0.05344903477331324
0 0.7378678551216751 0.4205181412312143 0.03713921901528016 0.0393007608627303
0 0.7011707696661007 0.47436018361315474 0.045097623089982906 0.054235049990567816
0 0.6777376910016979 0.5085518455637301 0.01856960950764008 0.036156699993711856
0 0.713108375778155 0.5215210966484312 0.029180814940577258 0.054235049990567816
0 0.656220524429353 0.41737408036219575 0.036254951895868685 0.042444821731748676
0 0.6242395302773062 0.4296883187658513 0.020632899452933423 0.039824771007566685
0 0.6299872665534805 0.46898907962858155 0.03153886059234107 0.039824771007566685
0 0.577748603817621 0.23246552378835447 0.03646745019588226 0.06575718003574971
0 0.5326929158760279 0.22606414130765806 0.027891981165225996 0.043729160322034014
0 0.5197352238386393 0.3812636165577342 0.025256518377960505 0.04880486643084156
0 0.4805530861061722 0.3642978767439017 0.021960460587587816 0.05127047291131615
0 0.4469509355685378 0.29233106614361376 0.015081280162560334 0.030574135222344527
0 0.2740255376344086 0.28046594982078854 0.058131720430107524 0.05794504181600956
0 0.22530241935483872 0.234468339307049 0.04065860215053763 0.022102747909199524
0 0.09957710464201418 0.09349107827995842 0.03469490340064692 0.04225311070315004
0 0.7739475718602854 0.87048359766049 0.013177313936327152 0.020693263366676786
0 0.8718989387869843 0.7933719086997603 0.07071825145828947 0.05700408399122302
0 0.8131500808208588 0.6955669563723538 0.017350130016164183 0.02772116413271796
