0 0.606510416666667 0.918981481481482 0.240104166666667 0.284259259259259
0 0.38099238351254483 0.9113027678215851 0.05985383064516129 0.16614396654719235
0 0.39250971153062886 0.9553453441222258 0.1705277319566634 0.08746289055428838
0 0.35520527859237544 0.8893776474421636 0.1655669599217986 0.07820136852394909
0 0.39042130554762583 0.8433564880895739 0.10645637072985059 0.07136739937196696
0 0.3178644495194595 0.7566583140377031 0.055904462841374014 0.1284613188695404
0 0.34447854220192226 0.6826476776519597 0.05144400038062614 0.09674247470422177
0 0.5304898736820127 0.6214304310225944 0.17557939242092077 0.12471404138940756
0 0.4870680655600793 0.5582234285648003 0.06524689424783381 0.09453550011019474
0 0.3348694316436252 0.2354497354497355 0.21121351766513052 0.16214371053080726
0 0.35407066052227343 0.3395630653695171 0.19777265745007683 0.09045912271718731
0 0.524954351795496 0.31233515926151345 0.1470886589571921 0.13976240391334727
0 0.5518994725096368 0.3703816415319762 0.11855853114221945 0.08453371204436326
0 0.5937436599715966 0.45829670205811407 0.0982704402515723 0.07326255043844818
0 0.45426303509839716 0.5253601136133089 0.05262223574761614 0.0721354342778567
0 0.418476600684262 0.4694118605408928 0.04582111436950151 0.13508743347453026
0 0.36139112903225806 0.44734984251113286 0.06376771749755623 0.08824807211903987
0 0.3749465420332356 0.5440833061800804 0.0473484848484848 0.11879548169870752
0 0.3107969819159335 0.49826219181057885 0.04505742913000975 0.1154013250787444
0 0.19203629032258066 0.48237753882915174 0.04536290322580645 0.031660692951015534
0 0.17557123655913978 0.6810035842293907 0.1327284946236559 0.10752688172043011
0 0.2115255376344086 0.8031660692951016 0.04401881720430108 0.1009557945041816
0 0.2493279569892473 0.804958183990442 0.0396505376344086 0.13560334528076465
0 0.28881048387096775 0.7977897252090801 0.08702956989247312 0.1260454002389486
0 0.28377016129032256 0.6609916367980884 0.07426075268817205 0.06750298685782556
0 0.17663115624585157 0.5412997625263655 0.1551506703836453 0.05604967771435313
0 0.08392631246046806 0.6809684447255605 0.07313409234661605 0.05153793895096866
0 0.07229855303332004 0.5291310824962757 0.07674565246249833 0.07301208018053894
0 0.7129256272401433 0.6344086021505376 0.05936379928315415 0.15531660692951016
0 0.7399940262843488 0.3811894331607593 0.06496415770609308 0.05907341032789056
0 0.7258064516129032 0.43428912783751494 0.08139187574671436 0.06571087216248507
0 0.78125 0.5461205987771452 0.05880376344086022 0.036457235223838626
0 0.7644489247311828 0.5371161009206551 0.03310800126502213 0.05446623093681915
0 0.9242271505376344 0.4794653524492235 0.1407090053763441 0.07653823178016726
0 0.8773383414346738 0.2618615079949592 0.08837825894829865 0.06873864584867677
