0 0.158072916666667 0.428240740740741 0.171354166666667 0.202777777777778
0 0.48673599320882854 0.7939696912532227 0.3873089983022071 0.3631390303716281
0 0.40051994906621396 0.4386908130541407 0.14944114318053192 0.33798654341948065
0 0.5539402942840974 0.40017606740866507 0.07604697226938312 0.16034710431993965
0 0.7480369269949068 0.3427969565490788 0.09638511601584608 0.12104634345720931
0 0.8267367006225241 0.7106520782242345 0.239636389360498 0.28453750864616734
0 0.12993421052631585 0.5644532478148777 0.2484790605546123 0.21222410865874367
0 0.836667700578991 0.4931072511717673 0.16671836228287842 0.15049168274974725
0 0.47092121588089325 0.371909750942009 0.10597601323407771 0.13096222773642124
0 0.5439412737799834 0.6056888153662348 0.21582919768403633 0.15738443157798002
0 0.3471748345740281 0.6234950831725025 0.09240591397849462 0.07582023711055969
0 0.6703083356309163 0.3386586200206272 0.07294825843212956 0.066885192333221
0 0.9693043031919398 0.5946687399816023 0.0607193506053679 0.09996693085173594
0 0.9706946913893827 0.3922849697551247 0.05503344340022015 0.13546693760054182
