0 0.219791666666667 0.205555555555556 0.044791666666667 0.12962962962963
0 0.10279722053154797 0.35391447442573426 0.05357324000811524 0.06988120195667365
0 0.026241377561371466 0.3840648317215572 0.040576181781294386 0.09073285092761657
0 0.21184570906877662 0.05494691282883614 0.035821160478798936 0.040012623700998624
0 0.2695399675390545 0.03353170577759744 0.014265063907486318 0.01972453281035143
0 0.32232070399675383 0.06452740019386398 0.025360113613309004 0.015216068167985387
0 0.24988587948874008 0.1766754581727193 0.012997058226820858 0.025360113613308977
0 0.38728949240986715 0.06910183428210001 0.01605985135989886 0.04963454916016585
0 0.42187994149272606 0.06097582402136488 0.019024746995572463 0.03689647902171621
0 0.641025641025641 0.03976585862441941 0.023859515174651676 0.05832325931581515
0 0.6229321753515302 0.027394258163488932 0.03936820003817526 0.05408156772921041
