0 0.559895833333333 0.431481481481481 0.077083333333333 0.090740740740741
0 0.19150917719394162 0.18279569892473116 0.3746924548933844 0.36559139784946243
0 0.2879260499087036 0.5150920853903203 0.1474056603773585 0.1499064493586709
0 0.17428104077906265 0.534253060120376 0.13757861635220123 0.14088952007393885
0 0.35881532086843365 0.45773120562518554 0.040879049380179396 0.07685927143498542
0 0.4080414012738854 0.4624873486595286 0.06142558728854194 0.05745420785486534
0 0.5032831655366071 0.5207025393998889 0.06998664475035955 0.1814944181905349
0 0.571236559139785 0.5442930088502309 0.10401684816108486 0.06734698536629911
0 0.580439695911239 0.5545662778044121 0.060783507978905534 0.08180566019070226
0 0.6440055475652352 0.4581116970679329 0.08090199301417705 0.0639225623815721
0 0.6867038216560509 0.5905227191440464 0.056288952811451236 0.1255621761066594
0 0.6563120676665981 0.6466452069492956 0.03959489076090678 0.08941548904565139
0 0.5895358194644202 0.6416988181935788 0.086680706800904 0.11072300983950871
0 0.6315920142455996 0.7699244343994702 0.08090199301417712 0.07267386556476345
0 0.7910770440251571 0.5556513604292058 0.059596266991276126 0.073826108518744
0 0.7527198721850273 0.4373041635670973 0.11063349563806052 0.16399540136606483
0 0.6970068725907892 0.39447374946461977 0.03312664840738489 0.09467775748968692
0 0.41537977579501256 0.2556496098019777 0.05076069549302218 0.07054068481659422
0 0.6395132692747655 0.19813670911817796 0.03431708991077554 0.16268842624367674
0 0.571951498512926 0.3290500521111365 0.24236444749485245 0.16268842624367671
0 0.5739175817890643 0.2461170848267623 0.06684683138869825 0.043849614885991005
0 0.45452270647449095 0.3109382546582272 0.07328128574696864 0.12646483133785805
0 0.9494394875314572 0.39005821195251533 0.04575611988103405 0.08515722311192453
0 0.8860167050691242 0.4313022700119475 0.053523425499231926 0.04949650110940435
0 0.7487388283759251 0.6685441201570235 0.05302157519899449 0.07952024081056343
