0 0.257552083333333 0.328703703703704 0.0671875 0.07962962962963
0 0.38924214226633574 0.3104034555647459 0.016542597187758495 0.01975921330760045
0 0.44494416873449133 0.3106332138590203 0.029208023159636057 0.026651962135833086
0 0.46381306865177835 0.32832460251815093 0.015767162944582292 0.06019667309989891
0 0.41302212572373864 0.35681463100817945 0.024296939619520213 0.06295377263119196
0 0.5542803970223324 0.22746071133167906 0.030758891645988384 0.06708942192813161
0 0.5744416873449131 0.260545905707196 0.011114557485525233 0.03859939343810313
0 0.5557827399066747 0.33487748247334376 0.016008571718401296 0.048184215865287074
0 0.5053002637451816 0.2902155046099051 0.02567711503347532 0.026487229773900466
0 0.522814592209373 0.31895696670498863 0.008083536214242284 0.03381348481774531
0 0.500386741732603 0.3431899641577061 0.021873097991478973 0.03324992673744956
